1 0.8231712962962963 0.39666666666666667 0.043206018518518616 0.03531250000000004
4 0.48217013888888893 0.4281770833333334 0.22586805555555553 0.19239583333333332
1 0.7306539351851852 0.6432118055555556 0.20081018518518512 0.13718749999999993
2 0.1952025462962963 0.5093576388888889 0.09593749999999997 0.12861111111111115
1 0.7972337962962963 0.5860590277777777 0.16114583333333332 0.1160069444444444
1 0.16987847222222224 0.3086631944444444 0.06981481481481477 0.03746527777777775
4 0.6651157407407406 0.34859375000000004 0.15218750000000014 0.12986111111111107
1 0.8712615740740741 0.40946180555555556 0.06614583333333357 0.07173611111111118
1 0.6577893518518518 0.4375520833333333 0.11500000000000003 0.08687499999999986
3 0.9412789351851852 0.5001388888888888 0.03503472222222222 0.07572916666666671
1 0.6537789351851852 0.38821180555555557 0.06489583333333329 0.029548611111111088
3 0.6916203703703705 0.7205208333333333 0.06928240740740747 0.12489583333333343
3 0.8739178240740741 0.7683506944444445 0.08214120370370352 0.08458333333333332
3 0.9447511574074074 0.5940277777777778 0.07561342592592588 0.0750694444444445
2 0.7341840277777778 0.47130208333333334 0.04459490740740737 0.08218750000000004
2 0.7266550925925926 0.43517361111111114 0.02289351851851862 0.03486111111111114
2 0.7935185185185185 0.4476041666666667 0.03760416666666657 0.057048611111111217
2 0.7760127314814815 0.43157986111111113 0.031307870370370416 0.055347222222222214
2 0.8284780092592591 0.4022569444444445 0.019861111111111284 0.03791666666666664
2 0.8157465277777778 0.40979166666666667 0.021423611111111285 0.037951388888888896
2 0.78640625 0.39741319444444445 0.02261574074074062 0.025486111111111143
1 0.7430208333333332 0.41052083333333333 0.0561689814814816 0.05121527777777786
4 0.7706076388888888 0.35015625000000006 0.10112268518518519 0.09281249999999996
1 0.9144039351851851 0.4573263888888889 0.04049768518518526 0.04930555555555553
3 0.9350347222222222 0.4734201388888889 0.023032407407407262 0.039548611111111145
1 0.9367303240740741 0.38980902777777776 0.03373842592592595 0.03197916666666671
2 0.9149942129629629 0.3846354166666667 0.013333333333333286 0.028402777777777822
1 0.5938715277777777 0.40486111111111117 0.05005787037037042 0.055763888888888856
2 0.2510127314814815 0.31437499999999996 0.032175925925925955 0.03194444444444446