0 0.4890625 0.35625 0.146875 0.0984375
1 0.325 0.3515625 0.059375 0.0375
1 0.4203125 0.4140625 0.103125 0.0421875
1 0.403125 0.4734375 0.090625 0.0921875
1 0.8234375 0.4578125 0.15625 0.0796875
1 0.265625 0.3578125 0.0671875 0.04375
2 0.328125 0.4421875 0.046875 0.06875
1 0.73125 0.5046875 0.1890625 0.1109375
1 0.1859375 0.525 0.15 0.0859375
1 0.23125 0.6140625 0.221875 0.1515625
3 0.053125 0.415625 0.0296875 0.0671875
2 0.7609375 0.6703125 0.096875 0.159375
1 0.1609375 0.328125 0.0359375 0.03125
2 0.1171875 0.3265625 0.025 0.034375
3 0.0390625 0.50625 0.0578125 0.0625
2 0.30625 0.40625 0.04375 0.0609375
2 0.2078125 0.3640625 0.03125 0.04375
4 0.15625 0.275 0.0953125 0.0453125
3 0.071875 0.715625 0.0625 0.13125
2 0.090625 0.3109375 0.01875 0.0359375
4 0.2046875 0.3265625 0.0640625 0.075
1 0.078125 0.3828125 0.046875 0.0578125
4 0.6359375 0.4375 0.15 0.1203125
3 0.2640625 0.6640625 0.05 0.128125