1 0.2546875 0.4875 0.18125 0.090625
1 0.134375 0.3453125 0.0578125 0.05
1 0.6234375 0.4859375 0.16875 0.09375
2 0.7734375 0.471875 0.0765625 0.1
1 0.18125 0.5390625 0.159375 0.121875
2 0.840625 0.5546875 0.0875 0.1390625
1 0.240625 0.6125 0.2015625 0.15
1 0.30625 0.3765625 0.078125 0.0484375
2 0.96484375 0.72265625 0.0703125 0.1140625
3 0.065625 0.415625 0.065625 0.0859375
1 0.640625 0.4140625 0.1453125 0.0640625
1 0.1734375 0.3140625 0.0390625 0.021875
3 0.271875 0.653125 0.1 0.14375
3 0.0640625 0.671875 0.1171875 0.1078125
3 0.0359375 0.49375 0.0640625 0.1046875
3 0.09375 0.3625 0.0234375 0.040625
2 0.2171875 0.3515625 0.0234375 0.046875
2 0.253125 0.3265625 0.01875 0.034375
2 0.0828125 0.3015625 0.0171875 0.0265625
0 0.2734375 0.2828125 0.0546875 0.0359375
2 0.4109375 0.4828125 0.0484375 0.1
1 0.421875 0.4359375 0.1125 0.0734375
2 0.4 0.44375 0.0359375 0.071875
2 0.471875 0.4109375 0.034375 0.0703125
2 0.478125 0.315625 0.0109375 0.0171875
1 0.41875 0.375 0.065625 0.0515625
2 0.6421875 0.5671875 0.0640625 0.140625