4 0.7275 0.3463252314814815 0.3076041666666665 0.21730324074074064
1 0.5399479166666666 0.4401331018518519 0.1589930555555556 0.10260416666666679
1 0.27796875 0.637644675925926 0.2503125 0.19178240740740743
1 0.3172743055555555 0.43038194444444444 0.09715277777777782 0.08003472222222215
1 0.23097222222222222 0.44296875 0.09295138888888888 0.09079861111111107
2 0.7744444444444444 0.4870081018518519 0.11298611111111115 0.1554976851851851
1 0.13611111111111113 0.45665509259259257 0.09694444444444446 0.07534722222222215
1 0.36161458333333335 0.3716145833333333 0.08496527777777771 0.05150462962962958
3 0.13921875 0.7202546296296296 0.07767361111111111 0.09803240740740726
2 0.4137673611111111 0.4182002314814815 0.0546875 0.07222222222222215
2 0.19274305555555554 0.39273726851851853 0.048958333333333305 0.04861111111111107
1 0.25130208333333337 0.38978587962962963 0.0770138888888889 0.048090277777777767
2 0.374375 0.42983217592592593 0.054895833333333324 0.07690972222222214
3 0.07314236111111111 0.46603009259259254 0.049236111111111105 0.05486111111111107
1 0.16572916666666665 0.34835069444444444 0.04357638888888889 0.0328125
3 0.07102430555555554 0.559230324074074 0.0792361111111111 0.09809027777777786
3 0.06796875 0.5256944444444445 0.08045138888888888 0.0903356481481481
1 0.22147569444444443 0.5638310185185185 0.1787152777777778 0.12517361111111108
1 0.1772048611111111 0.37766203703703705 0.04427083333333335 0.0484375
1 0.9088194444444444 0.27074652777777775 0.11072916666666685 0.06961805555555553
1 0.08628472222222223 0.42719907407407404 0.11996527777777777 0.06684027777777786
1 0.30192708333333335 0.3667824074074074 0.05975694444444439 0.04589120370370372
3 0.085 0.7856481481481481 0.04097222222222223 0.07951388888888893
2 0.7876041666666668 0.4309606481481481 0.09729166666666664 0.08315972222222215
1 0.22956597222222222 0.3585069444444445 0.05975694444444448 0.04589120370370363
2 0.15373263888888888 0.4833912037037037 0.05048611111111114 0.08298611111111107
3 0.5902604166666666 0.727025462962963 0.07628472222222235 0.06678240740740744
1 0.09562499999999999 0.3908564814814815 0.040868055555555546 0.04207175925925917
1 0.4608680555555555 0.29829282407407404 0.020937500000000143 0.014814814814814881
2 0.1360763888888889 0.38544560185185184 0.03951388888888889 0.04670138888888893