2 0.6713252314814815 0.5349479166666666 0.0731481481481481 0.08125
1 0.25483217592592594 0.63109375 0.23379629629629628 0.16833333333333336
1 0.14658564814814815 0.42281250000000004 0.06776620370370372 0.06218749999999993
2 0.39594907407407404 0.40124999999999994 0.033333333333333395 0.058333333333333216
1 0.19652777777777777 0.3614583333333333 0.03414351851851851 0.038124999999999964
0 0.9364438657407408 0.7686458333333334 0.12711226851851834 0.14593749999999997
1 0.965697337962963 0.43265624999999996 0.06860532407407405 0.060000000000000143
2 0.2211226851851852 0.3942708333333333 0.03287037037037042 0.04583333333333339
2 0.2901041666666667 0.40510416666666665 0.02853009259259256 0.054895833333333324
1 0.6294849537037036 0.3731770833333333 0.04004629629629619 0.029166666666666608
1 0.24537037037037038 0.35458333333333336 0.04155092592592595 0.027708333333333356
2 0.2583622685185185 0.38973958333333336 0.034490740740740745 0.047499999999999966
3 0.5259548611111111 0.6709895833333334 0.05642361111111107 0.09260416666666664
1 0.2048611111111111 0.5443749999999999 0.15815972222222224 0.10406249999999986
3 0.10978009259259261 0.7126041666666667 0.08096064814814814 0.08177083333333339
2 0.12178819444444444 0.3424479166666667 0.01689814814814814 0.03541666666666661
3 0.07447916666666668 0.4959375 0.04600694444444446 0.10593749999999993
2 0.2732060185185185 0.3696875 0.020196759259259255 0.040312500000000015
4 0.5832175925925925 0.42854166666666665 0.15798611111111108 0.1414583333333333
3 0.07002314814814815 0.4177083333333333 0.028125 0.04395833333333332
3 0.529079861111111 0.7553645833333333 0.0543981481481481 0.12208333333333332
3 0.6280671296296296 0.7136458333333333 0.06232638888888893 0.20989583333333323
3 0.10439814814814816 0.6514583333333334 0.054456018518518515 0.03947916666666664
3 0.10402199074074074 0.4940104166666667 0.030497685185185208 0.10802083333333332
3 0.20839120370370373 0.4713541666666667 0.025231481481481487 0.05
3 0.049247685185185186 0.40385416666666674 0.01649305555555556 0.024479166666666784
3 0.07118055555555555 0.406875 0.011689814814814814 0.021041666666666715
1 0.8823206018518519 0.40328125000000004 0.05416666666666643 0.03166666666666664
2 0.8467013888888889 0.40947916666666667 0.01793981481481488 0.021458333333333357
2 0.7791377314814815 0.39484375000000005 0.01938657407407405 0.018437500000000016
2 0.747019675925926 0.39036458333333335 0.01967592592592595 0.026250000000000016
2 0.7172164351851852 0.38526041666666666 0.021238425925925952 0.02635416666666668
2 0.591550925925926 0.3589583333333334 0.014525462962962976 0.013437500000000036
1 0.6640914351851852 0.38171875 0.05225694444444447 0.022187500000000072
2 0.5227430555555556 0.35281250000000003 0.014583333333333216 0.015000000000000036
2 0.44441550925925927 0.34213541666666664 0.009895833333333392 0.014687499999999964
2 0.42387152777777776 0.39765625 0.022337962962962976 0.05604166666666668
2 0.2950231481481481 0.3695833333333333 0.019618055555555534 0.02468750000000002
2 0.17332175925925924 0.34510416666666666 0.013715277777777767 0.033645833333333285
2 0.20234375 0.3291145833333333 0.010243055555555537 0.024062499999999966
2 0.17884837962962963 0.32598958333333333 0.013194444444444463 0.019583333333333286
2 0.13859953703703703 0.3334375 0.00723379629629628 0.026979166666666644
1 0.15405092592592592 0.32979166666666665 0.021238425925925907 0.02635416666666668
2 0.12936921296296297 0.33671875 0.010474537037037024 0.030312499999999964
2 0.09939236111111112 0.32692708333333337 0.012094907407407396 0.03197916666666671
2 0.0759837962962963 0.32614583333333336 0.013368055555555536 0.024270833333333287
1 0.07954282407407406 0.3591145833333333 0.029571759259259256 0.04093750000000007
1 0.1618923611111111 0.31005208333333334 0.017650462962962975 0.013645833333333357
1 0.18810763888888887 0.3234895833333334 0.011689814814814792 0.021041666666666715
1 0.11779513888888889 0.3188020833333333 0.022800925925925954 0.02645833333333334
2 0.3472800925925926 0.5390625 0.06973379629629628 0.11531249999999993