1 0.1828125 0.5265625 0.1484375 0.096875
1 0.125 0.4109375 0.0828125 0.05625
1 0.2390625 0.609375 0.196875 0.146875
2 0.7078125 0.4453125 0.0765625 0.0859375
2 0.4421875 0.4 0.040625 0.0578125
2 0.2015625 0.3703125 0.021875 0.0453125
2 0.3734375 0.409375 0.0421875 0.0640625
3 0.1546875 0.365625 0.0265625 0.040625
1 0.115625 0.29375 0.0453125 0.0625
4 0.45 0.3140625 0.0515625 0.03125
1 0.74375 0.3484375 0.09375 0.0234375
3 0.0625 0.4125 0.0515625 0.0921875
1 0.171875 0.315625 0.078125 0.0640625
4 0.61875 0.309375 0.1484375 0.0734375
4 0.328125 0.28125 0.0828125 0.0609375
3 0.3125 0.521875 0.0453125 0.1234375
3 0.040625 0.50625 0.0625 0.06875
1 0.2703125 0.3578125 0.0609375 0.0578125
0 0.4671875 0.296875 0.071875 0.0359375