4 0.4484375 0.3734375 0.1953125 0.1359375
3 0.175 0.3890625 0.0234375 0.053125
2 0.2625 0.3875 0.0203125 0.0515625
4 0.3109375 0.33125 0.0828125 0.0953125
4 0.4515625 0.3234375 0.1421875 0.08125
4 0.0890625 0.26875 0.0609375 0.040625
1 0.45625 0.6109375 0.15 0.18125
1 0.115625 0.44375 0.1171875 0.078125
1 0.246875 0.609375 0.178125 0.15625
1 0.1765625 0.53125 0.15 0.1
1 0.684375 0.440625 0.1515625 0.1
1 0.88125 0.4890625 0.1796875 0.0921875
1 0.925 0.6375 0.1484375 0.1828125
1 0.565625 0.4015625 0.0625 0.05625
2 0.1125 0.3421875 0.021875 0.0390625
2 0.109375 0.315625 0.0328125 0.0328125
2 0.2015625 0.3671875 0.0234375 0.046875
2 0.1703125 0.3234375 0.0140625 0.034375
1 0.2078125 0.31875 0.0390625 0.0296875
2 0.7796875 0.5328125 0.075 0.115625
2 0.6265625 0.496875 0.0609375 0.1
2 0.3984375 0.4484375 0.04375 0.0875
2 0.2953125 0.446875 0.0375 0.090625
2 0.3203125 0.4203125 0.034375 0.0640625
3 0.05 0.409375 0.021875 0.0578125
3 0.0390625 0.5078125 0.0625 0.075
3 0.15625 0.696875 0.0546875 0.15625
1 0.7 0.3375 0.0390625 0.034375
1 0.890625 0.3640625 0.075 0.0390625