1 0.39993055555555557 0.4372569444444444 0.11684027777777777 0.06756944444444439
0 0.34196180555555555 0.6592361111111111 0.649201388888889 0.5372222222222222
1 0.1520486111111111 0.5439756944444445 0.15614583333333334 0.10986111111111115
1 0.8109722222222222 0.563125 0.2577430555555555 0.22041666666666657
4 0.5626215277777777 0.2908854166666667 0.11142361111111114 0.08604166666666666
1 0.5929861111111111 0.39515625 0.09871527777777782 0.08079861111111111
1 0.8350520833333333 0.4909027777777778 0.19118055555555563 0.16131944444444457
1 0.5159201388888889 0.39796875 0.09246527777777765 0.08052083333333329
4 0.869392361111111 0.3863888888888889 0.11722222222222242 0.11125000000000007
4 0.6103993055555555 0.3483680555555556 0.07940972222222217 0.06746527777777782
0 0.0634201388888889 0.49715277777777783 0.08517361111111113 0.056805555555555644
1 0.7163368055555555 0.34605902777777775 0.09416666666666665 0.08371527777777779
3 0.16506944444444444 0.45098958333333333 0.02937500000000002 0.02937499999999993
1 0.711875 0.2982986111111111 0.05840277777777771 0.05093750000000004
1 0.6885590277777778 0.31753472222222223 0.05302083333333343 0.035104166666666714
1 0.8605729166666667 0.258125 0.04357638888888893 0.03312500000000007
3 0.9607378472222223 0.4196006944444445 0.07852430555555542 0.10857638888888879
3 0.9336979166666666 0.32453125 0.06802083333333328 0.09190972222222218
2 0.8574305555555555 0.27513888888888893 0.025104166666666573 0.038541666666666606
2 0.7858506944444444 0.29612847222222227 0.028576388888888714 0.04649305555555561
2 0.768732638888889 0.29692708333333334 0.025104166666666573 0.038541666666666696
2 0.6415104166666666 0.4168055555555556 0.058506944444444466 0.08836805555555553
4 0.7366319444444445 0.22376736111111112 0.06805555555555554 0.05760416666666668
1 0.3577604166666667 0.3831423611111111 0.04336805555555552 0.028437499999999984
1 0.43901041666666674 0.3516666666666667 0.03739583333333343 0.03440972222222225