1 0.2390625 0.60625 0.1828125 0.140625
1 0.2953125 0.4109375 0.1125 0.06875
1 0.95 0.609375 0.1 0.1015625
1 0.5625 0.43125 0.0890625 0.0796875
1 0.15 0.3953125 0.1125 0.0671875
1 0.18125 0.525 0.14375 0.0921875
2 0.3421875 0.4203125 0.05 0.0703125
2 0.925 0.7078125 0.14375 0.14375
4 0.7515625 0.496875 0.25625 0.1765625
1 0.11875 0.4484375 0.109375 0.0875
1 0.5234375 0.55 0.171875 0.1296875
3 0.046875 0.41875 0.040625 0.0765625
1 0.4453125 0.4265625 0.096875 0.0671875
3 0.0390625 0.5015625 0.06875 0.084375
4 0.8703125 0.4234375 0.2578125 0.190625
2 0.2015625 0.3328125 0.028125 0.0359375
2 0.6625 0.65625 0.0984375 0.1765625
2 0.684375 0.53125 0.0671875 0.0796875
2 0.4296875 0.3703125 0.025 0.0328125
2 0.2453125 0.328125 0.01875 0.03125
2 0.1375 0.3375 0.01875 0.0375
1 0.1578125 0.3328125 0.025 0.0359375
1 0.4140625 0.69375 0.221875 0.16875