1 0.7171875 0.38517361111111115 0.06782407407407405 0.06083333333333325
1 0.7671585648148149 0.6155034722222222 0.1778356481481481 0.12260416666666671
1 0.30775462962962963 0.5193749999999999 0.23900462962962968 0.17236111111111113
1 0.8311342592592592 0.5695138888888889 0.16371527777777786 0.12072916666666664
2 0.6842881944444444 0.40467013888888886 0.05549768518518512 0.06524305555555561
1 0.9014756944444444 0.5053993055555556 0.12436342592592595 0.11204861111111111
3 0.9797019675925925 0.4778472222222222 0.04059606481481488 0.06961805555555571
1 0.8087384259259259 0.3870486111111111 0.06741898148148132 0.04989583333333343
3 0.7378472222222222 0.6896527777777777 0.07228009259259256 0.1389930555555555
2 0.7936631944444444 0.4444618055555555 0.05596064814814809 0.07774305555555543
1 0.6277777777777779 0.37777777777777777 0.0662037037037038 0.05923611111111118
3 0.9645688657407409 0.57578125 0.07086226851851833 0.08618055555555557
1 0.5594907407407408 0.3918055555555555 0.10248842592592596 0.06940972222222222
1 0.29568865740740746 0.2991493055555555 0.10162037037037042 0.04597222222222221
4 0.8692708333333332 0.3747569444444444 0.04565972222222214 0.05253472222222229
1 0.9195891203703704 0.3611284722222222 0.038715277777777855 0.033645833333333285
1 0.8491898148148149 0.36034722222222226 0.026331018518518334 0.036493055555555556
1 0.7718171296296296 0.36128472222222224 0.04068287037037024 0.044618055555555536
2 0.7930555555555555 0.3647222222222222 0.01637731481481488 0.020659722222222232
1 0.6867476851851851 0.36552083333333335 0.035821759259259164 0.039826388888888876
1 0.3167534722222222 0.29789930555555555 0.060821759259259256 0.04038194444444443
3 0.8224537037037036 0.7573611111111112 0.06608796296296297 0.05611111111111118
2 0.9586226851851851 0.38059027777777776 0.024768518518518336 0.03645833333333339
1 0.9082175925925926 0.34965277777777776 0.019560185185185118 0.022291666666666644
1 0.8752893518518519 0.3472569444444445 0.028819444444444287 0.019374999999999965
1 0.20451388888888888 0.28631944444444446 0.09907407407407405 0.061527777777777806