1 0.2359375 0.609375 0.2125 0.15
1 0.184375 0.5265625 0.146875 0.09375
0 0.653125 0.559375 0.4765625 0.3515625
1 0.184375 0.334375 0.0390625 0.0375
1 0.2734375 0.3640625 0.053125 0.04375
2 0.26875 0.3765625 0.0296875 0.034375
0 0.9546875 0.459375 0.0796875 0.2078125
2 0.21875 0.3328125 0.0375 0.028125
1 0.246875 0.4375 0.09375 0.090625
1 0.8234375 0.3484375 0.0703125 0.034375
1 0.1375 0.346875 0.0453125 0.0375
0 0.9671875 0.59375 0.053125 0.296875
1 0.13125 0.4 0.0625 0.053125
4 0.1890625 0.29375 0.034375 0.040625
3 0.0796875 0.4125 0.040625 0.0390625
3 0.190625 0.4484375 0.05 0.0703125
0 0.9375 0.5 0.1171875 0.3015625
2 0.8734375 0.353125 0.0171875 0.0203125
2 0.696875 0.340625 0.0203125 0.0265625
2 0.675 0.334375 0.0140625 0.0171875
2 0.375 0.4 0.0234375 0.0578125
1 0.21875 0.36875 0.0515625 0.0546875
1 0.240625 0.325 0.0234375 0.0296875
1 0.3046875 0.3515625 0.03125 0.0328125
1 0.3546875 0.3640625 0.0640625 0.04375
3 0.1328125 0.4609375 0.03125 0.046875
3 0.078125 0.5171875 0.0359375 0.096875
3 0.05625 0.4890625 0.0203125 0.090625
3 0.1203125 0.4171875 0.0265625 0.021875
1 0.084375 0.378125 0.0546875 0.025
1 0.1390625 0.315625 0.034375 0.0203125
1 0.1359375 0.3015625 0.025 0.0109375
2 0.103125 0.3125 0.0125 0.025
2 0.103125 0.2953125 0.0109375 0.0125
1 0.1171875 0.3 0.015625 0.0296875
2 0.1671875 0.3078125 0.009375 0.015625
2 0.425 0.35625 0.015625 0.0296875
3 0.2625 0.684375 0.0484375 0.1
3 0.084375 0.6703125 0.05625 0.0828125