1 0.464849537037037 0.4517824074074074 0.135775462962963 0.10098379629629636
4 0.2153298611111111 0.43978009259259265 0.1975462962962963 0.12956018518518525
1 0.7849652777777777 0.6056828703703704 0.18122685185185183 0.10600694444444443
1 0.7663483796296295 0.37278356481481484 0.055798611111111285 0.03790509259259256
3 0.9647569444444443 0.45236111111111105 0.042662037037037234 0.06905092592592581
1 0.8341030092592593 0.5505902777777778 0.15599537037037053 0.09800925925925927
1 0.42265046296296294 0.6092476851851851 0.19310185185185186 0.19045138888888893
1 0.8324768518518517 0.36390046296296297 0.051018518518518616 0.0347453703703704
1 0.05317708333333333 0.344849537037037 0.07165509259259259 0.04583333333333339
1 0.7030902777777778 0.37309606481481483 0.052905092592592594 0.04569444444444439
1 0.3692766203703704 0.415925925925926 0.11486111111111112 0.08052083333333329
1 0.045821759259259257 0.6501967592592592 0.058958333333333335 0.19726851851851848
3 0.9406018518518519 0.7443055555555557 0.09313657407407412 0.13815972222222223
3 0.74953125 0.7014930555555555 0.07704861111111114 0.12241898148148138
1 0.30898726851851854 0.3319039351851852 0.046238425925925954 0.03158564814814815
1 0.5073668981481482 0.3841435185185185 0.08268518518518526 0.0490393518518518
2 0.5595081018518518 0.4040567129629629 0.04109953703703706 0.06903935185185191
2 0.650462962962963 0.44222222222222224 0.039583333333333214 0.07059027777777764
2 0.7456018518518519 0.3843460648148148 0.024687499999999928 0.04236111111111107
1 0.8800289351851852 0.4134606481481482 0.058518518518518546 0.07697916666666664
2 0.8850289351851852 0.3713194444444444 0.022800925925925954 0.03141203703703699
2 0.8970428240740741 0.355005787037037 0.01664351851851862 0.034490740740740745
1 0.8348611111111112 0.3389236111111111 0.03814814814814795 0.02215277777777782
4 0.7353182870370369 0.3272511574074074 0.11141203703703688 0.06956018518518511
1 0.9130092592592594 0.3402835648148148 0.025925925925925953 0.031435185185185156
1 0.8885590277777776 0.3322916666666667 0.025694444444444287 0.023622685185185156
1 0.9522164351851853 0.37181712962962965 0.046238425925925954 0.03158564814814815
1 0.9440104166666667 0.35847800925925927 0.027210648148147953 0.02207175925925924
1 0.9380034722222224 0.41935763888888883 0.034479166666666575 0.056493055555555574
3 0.9569155092592592 0.42496527777777776 0.019907407407407617 0.039201388888889
1 0.7114930555555555 0.44579861111111113 0.10802083333333332 0.11327546296296305
1 0.6186342592592593 0.42245949074074074 0.05212962962962955 0.07224537037037031
1 0.6600289351851851 0.3696527777777778 0.04357638888888893 0.04718749999999998