1 0.6328125 0.53125 0.1984375 0.1046875
1 0.421875 0.4390625 0.1 0.0671875
2 0.571875 0.44375 0.0890625 0.071875
1 0.11875 0.4515625 0.0984375 0.0875
2 0.93125 0.534375 0.0875 0.109375
1 0.340625 0.3578125 0.065625 0.040625
1 0.18125 0.5234375 0.146875 0.0859375
1 0.1875 0.3296875 0.046875 0.03125
2 0.175 0.371875 0.0265625 0.04375
1 0.134375 0.3125 0.0453125 0.0375
3 0.1765625 0.7015625 0.08125 0.0765625
1 0.2375 0.3484375 0.0640625 0.04375
2 0.21875 0.3609375 0.0265625 0.0296875
3 0.8765625 0.6453125 0.06875 0.1078125
3 0.0359375 0.5078125 0.0546875 0.0609375
3 0.0484375 0.4125 0.0359375 0.0625
1 0.2734375 0.334375 0.0359375 0.025
1 0.253125 0.609375 0.1828125 0.1375
3 0.25625 0.6640625 0.065625 0.1375
1 0.30625 0.3453125 0.0484375 0.0359375
1 0.6109375 0.334375 0.04375 0.03125
1 0.48125 0.3265625 0.0734375 0.03125
1 0.31875 0.2984375 0.04375 0.021875