1 0.7973958333333334 0.5472800925925926 0.23067129629629618 0.16979166666666679
1 0.6072916666666666 0.44855324074074077 0.11666666666666678 0.12083333333333339
1 0.4291087962962963 0.3755787037037037 0.12256944444444447 0.06984953703703703
1 0.316869212962963 0.729369212962963 0.33240740740740743 0.0978587962962962
1 0.7099247685185185 0.321875 0.08159722222222214 0.05746527777777777
1 0.6320023148148148 0.333130787037037 0.06886574074074084 0.050289351851851904
1 0.8866319444444445 0.3338541666666667 0.08315972222222215 0.05758101851851851
1 0.06984953703703703 0.5745370370370371 0.0927662037037037 0.1486689814814815
1 0.8348090277777777 0.4575520833333333 0.1518518518518519 0.10318287037037041
1 0.555324074074074 0.3356770833333333 0.06695601851851851 0.04079861111111107
1 0.13998842592592592 0.48003472222222215 0.1798611111111111 0.1021412037037038
1 0.6420717592592593 0.3934895833333333 0.10711805555555554 0.07337962962962959
1 0.5608506944444445 0.3791377314814815 0.10046296296296298 0.061979166666666606
1 0.4293402777777778 0.5510416666666667 0.14635416666666662 0.16510416666666677
1 0.8808449074074074 0.26221064814814815 0.040451388888888926 0.04039351851851851
1 0.307494212962963 0.476244212962963 0.21383101851851852 0.09375
3 0.9508391203703704 0.6291377314814814 0.07766203703703703 0.07743055555555553
3 0.6248842592592593 0.712037037037037 0.05486111111111107 0.05081018518518512
2 0.23310185185185187 0.6039641203703704 0.10931712962962958 0.13275462962962975
1 0.7562210648148148 0.2816261574074074 0.04930555555555553 0.027025462962962977
4 0.19076967592592592 0.3282118055555555 0.12783564814814813 0.08582175925925925
2 0.7757233796296296 0.3217013888888889 0.03761574074074083 0.047974537037037024
2 0.8390625 0.2974247685185185 0.04571759259259274 0.056365740740740744
3 0.9640914351851851 0.37355324074074076 0.024768518518518336 0.07974537037037041
3 0.9522569444444444 0.3289930555555555 0.04079861111111107 0.04976851851851851
2 0.7813946759259259 0.3056134259259259 0.0393518518518519 0.05277777777777777
3 0.9734375 0.4258101851851852 0.053125 0.0700231481481481
1 0.4190104166666667 0.42019675925925926 0.1311921296296296 0.09230324074074066
3 0.9324652777777779 0.5772280092592592 0.0515625 0.04589120370370363
2 0.8761284722222221 0.3675347222222222 0.05416666666666643 0.07413194444444446
4 0.8467881944444443 0.2098958333333333 0.07853009259259239 0.05879629629629637
1 0.47149884259259256 0.2933159722222222 0.06822916666666679 0.0331018518518519
1 0.7276331018518519 0.27120949074074074 0.018287037037037025 0.030960648148148095
2 0.7012152777777778 0.2770833333333333 0.019444444444444466 0.02013888888888893
2 0.6626446759259259 0.2932581018518518 0.014988425925925952 0.02604166666666661
2 0.623119212962963 0.3048032407407407 0.019270833333333393 0.015451388888888928
2 0.2861400462962963 0.4073206018518519 0.06192129629629637 0.0731481481481481
2 0.8150462962962962 0.2835358796296296 0.01556712962962976 0.0416666666666667
2 0.9136863425925927 0.26056134259259256 0.02025462962962976 0.04201388888888893
2 0.927054398148148 0.2407696759259259 0.01192129629629619 0.027372685185185208
2 0.9038194444444445 0.2268229166666667 0.02748842592592595 0.02696759259259256
1 0.83515625 0.2554108796296296 0.03501157407407405 0.01973379629629628
1 0.8042534722222221 0.26710069444444445 0.019965277777777856 0.03420138888888893
1 0.7789351851851852 0.26035879629629627 0.029050925925925952 0.027083333333333393
1 0.09259259259259259 0.3636863425925926 0.07702546296296295 0.060243055555555536