1 0.21400462962962963 0.6488541666666666 0.21909722222222222 0.17802083333333343
0 0.5618055555555556 0.3548784722222222 0.22453703703703703 0.16722222222222224
1 0.08813657407407408 0.41064236111111113 0.054340277777777765 0.03864583333333336
1 0.694068287037037 0.47517361111111106 0.19288194444444445 0.13999999999999985
1 0.05303819444444444 0.45276041666666667 0.08767361111111112 0.06746527777777764
1 0.2953414351851852 0.42475694444444445 0.09137731481481488 0.07534722222222232
1 0.13530092592592594 0.44781250000000006 0.08119212962962963 0.064201388888889
1 0.14927662037037037 0.5855555555555556 0.17621527777777776 0.1255902777777777
2 0.17291666666666666 0.4243576388888889 0.04311342592592595 0.05555555555555554
1 0.07983217592592592 0.3858680555555556 0.041145833333333326 0.028993055555555536
1 0.13663194444444443 0.38772569444444444 0.05028935185185186 0.026076388888888857
1 0.4449652777777778 0.41597222222222224 0.10370370370370363 0.09434027777777772
2 0.21542245370370366 0.40859375 0.04108796296296298 0.049270833333333285
1 0.36235532407407406 0.38348958333333333 0.06990740740740745 0.05927083333333325
1 0.03602430555555555 0.3876215277777778 0.03466435185185185 0.025729166666666713
1 0.19840856481481478 0.38557291666666665 0.053125 0.04329861111111111
1 0.07719907407407407 0.5161805555555555 0.12158564814814814 0.10409722222222229
3 0.015682870370370368 0.5055208333333333 0.031365740740740736 0.08895833333333343
2 0.23203125 0.37390625 0.026446759259259257 0.041145833333333395
2 0.24933449074074074 0.3719618055555555 0.022743055555555537 0.03326388888888889
2 0.26105324074074077 0.39276041666666667 0.024652777777777767 0.037986111111111144
2 0.3179108796296296 0.37277777777777776 0.029224537037037025 0.036527777777777805
4 0.15989583333333332 0.36848958333333337 0.05335648148148149 0.04642361111111111
1 0.06015625 0.3777256944444444 0.026736111111111117 0.023993055555555552
4 0.08454861111111112 0.35378472222222224 0.0642939814814815 0.046666666666666676
2 0.02757523148148148 0.3753298611111111 0.010069444444444442 0.009583333333333322
3 0.2759548611111111 0.47588541666666667 0.0578125 0.08552083333333335
3 0.02081886574074074 0.5888194444444445 0.04163773148148148 0.09065972222222225
2 0.5337384259259259 0.43895833333333334 0.0708912037037038 0.09361111111111117
2 0.5949363425925925 0.5499131944444444 0.08755787037037024 0.150138888888889
2 0.7973958333333333 0.5227951388888888 0.1283564814814815 0.17444444444444435
4 0.28017939814814813 0.3135590277777778 0.08564814814814818 0.06118055555555557
0 0.14800347222222224 0.3289756944444444 0.04508101851851851 0.040000000000000036