1 0.18359375 0.43532986111111105 0.1359375 0.07958333333333342
1 0.17890625 0.5063194444444445 0.1453125 0.10635416666666657
1 0.45703125 0.44765625 0.13125 0.09666666666666668
1 0.23203125 0.5973437500000001 0.203125 0.16701388888888893
1 0.42109375 0.3867013888888889 0.0828125 0.05496527777777782
2 0.8984375 0.6230902777777778 0.109375 0.15868055555555555
1 0.68046875 0.5541840277777779 0.1859375 0.18538194444444436
1 0.940625 0.4138715277777778 0.11875 0.06670138888888885
2 0.56875 0.4501388888888889 0.059375 0.08725694444444443
1 0.125 0.3824652777777778 0.075 0.05947916666666675
2 0.3 0.40822916666666664 0.040625 0.07277777777777779
2 0.1515625 0.3314930555555556 0.040625 0.04309027777777778
3 0.0875 0.4824131944444444 0.059375 0.11694444444444443
2 0.1046875 0.26795138888888886 0.0109375 0.018993055555555572
2 0.0609375 0.28729166666666667 0.0515625 0.03083333333333336
1 0.13515625 0.2819097222222222 0.0359375 0.03517361111111113
4 0.16640625 0.2607291666666667 0.0515625 0.03864583333333336
1 0.209375 0.29762152777777773 0.0375 0.033645833333333285
3 0.0703125 0.6203125 0.0484375 0.04951388888888886
3 0.059375 0.6677256944444444 0.040625 0.06340277777777778
3 0.2078125 0.4280555555555556 0.0203125 0.05826388888888889
3 0.0421875 0.46265625000000005 0.034375 0.10076388888888879
3 0.075 0.40166666666666667 0.0265625 0.06777777777777771
1 0.25703125 0.35258680555555555 0.0625 0.05138888888888893
2 0.2328125 0.32079861111111113 0.0171875 0.025381944444444395
1 0.07578125 0.3235590277777778 0.028125 0.03656249999999996
2 0.16796875 0.3021701388888889 0.01875 0.03322916666666664
2 0.18515625 0.3048958333333333 0.015625 0.03315972222222223
1 0.11171875 0.25951388888888893 0.01875 0.01604166666666664
3 0.15859375 0.4371180555555556 0.0265625 0.045902777777777716
1 0.5140625 0.3325173611111111 0.0296875 0.024097222222222214