3 0.3152256944444444 0.7333622685185185 0.11427083333333332 0.15821759259259274
2 0.3126041666666667 0.40410879629629626 0.05600694444444443 0.06342592592592596
1 0.2770138888888889 0.6336805555555556 0.23381944444444444 0.20295138888888892
3 0.13144097222222223 0.7735821759259258 0.11468750000000001 0.17696759259259257
1 0.08776041666666667 0.42780671296296297 0.0870486111111111 0.056365740740740654
3 0.1909375 0.49293981481481486 0.05149305555555554 0.0708912037037038
2 0.24734375000000003 0.390162037037037 0.04631944444444445 0.04866898148148149
0 0.6746874999999999 0.499363425925926 0.5709722222222222 0.49311342592592594
2 0.15618055555555554 0.40787037037037044 0.03850694444444445 0.04809027777777786
3 0.13723958333333336 0.5063078703703704 0.056354166666666664 0.07905092592592596
2 0.19581597222222222 0.3955439814814815 0.0384722222222222 0.04652777777777768
1 0.21531250000000002 0.568605324074074 0.1791666666666666 0.13026620370370381
3 0.07352430555555556 0.5618923611111111 0.07128472222222224 0.11915509259259274
1 0.3354861111111111 0.3773726851851852 0.07947916666666668 0.06672453703703703
2 0.12690972222222224 0.39360532407407406 0.029027777777777784 0.04270833333333339
4 0.4575347222222222 0.2705150462962963 0.15204861111111115 0.10329861111111108
3 0.1075 0.4005208333333333 0.02895833333333333 0.039583333333333394
0 0.9414236111111112 0.4500868055555555 0.11715277777777758 0.34207175925925937
3 0.09364583333333334 0.5517939814814815 0.05406249999999999 0.11631944444444446
2 0.9463020833333333 0.22100694444444446 0.06371527777777786 0.05931712962962958
1 0.7970833333333334 0.23206018518518517 0.08552083333333335 0.0578125
4 0.23319444444444443 0.3520833333333333 0.06704861111111109 0.06892361111111107
1 0.06619791666666666 0.3730613425925926 0.04131944444444444 0.03425925925925925
2 0.15703125 0.37572337962962965 0.020937500000000008 0.029629629629629672
2 0.17644097222222221 0.3688078703703703 0.020902777777777805 0.028067129629629584
1 0.42751736111111105 0.3635127314814815 0.09006944444444435 0.05190972222222223