1 0.5859375 0.4390625 0.13125 0.0796875
1 0.2328125 0.609375 0.221875 0.15
1 0.4234375 0.4453125 0.115625 0.0859375
2 0.709375 0.703125 0.1171875 0.15625
1 0.2078125 0.39375 0.0828125 0.053125
1 0.7734375 0.5109375 0.2140625 0.134375
1 0.125 0.40625 0.0796875 0.05
1 0.34375 0.4046875 0.0859375 0.0546875
2 0.28125 0.3953125 0.040625 0.05625
1 0.321875 0.346875 0.0578125 0.034375
1 0.1859375 0.5234375 0.15 0.084375
2 0.525 0.403125 0.03125 0.0578125
3 0.075 0.6625 0.0640625 0.0703125
1 0.178125 0.3390625 0.0515625 0.028125
2 0.1359375 0.4390625 0.05 0.06875
1 0.9703125 0.375 0.0578125 0.0578125
3 0.0375 0.5046875 0.0578125 0.06875
3 0.4578125 0.7421875 0.059375 0.071875
2 0.121875 0.334375 0.03125 0.0359375
1 0.1515625 0.3171875 0.0375 0.021875
4 0.203125 0.3109375 0.0546875 0.0421875
3 0.01875 0.6484375 0.0375 0.1234375
1 0.3546875 0.3734375 0.0546875 0.01875
3 0.0515625 0.4140625 0.028125 0.0671875
2 0.23125 0.3984375 0.03125 0.0703125
2 0.4953125 0.4953125 0.0375 0.1015625
2 0.5234375 0.5875 0.0640625 0.1328125
1 0.784375 0.3515625 0.06875 0.0375
1 0.8359375 0.35 0.053125 0.0375
1 0.915625 0.3546875 0.084375 0.0359375
1 0.6234375 0.328125 0.0296875 0.0296875
1 0.5578125 0.3265625 0.0203125 0.025
4 0.4984375 0.3140625 0.0875 0.0484375
4 0.4453125 0.3046875 0.0203125 0.0375
4 0.275 0.325 0.0390625 0.0453125
2 0.221875 0.3515625 0.0390625 0.0328125
1 0.23125 0.340625 0.0265625 0.03125
2 0.1609375 0.35 0.0140625 0.0421875
2 0.115625 0.309375 0.0109375 0.0109375
2 0.0828125 0.2921875 0.0265625 0.01875
1 0.096875 0.31875 0.025 0.0359375
2 0.10625 0.2984375 0.009375 0.015625
1 0.0765625 0.3328125 0.0328125 0.0359375
1 0.084375 0.3828125 0.0390625 0.0390625
3 0.0796875 0.6890625 0.0515625 0.0578125