1 0.525 0.5109375 0.1515625 0.1
0 0.3859375 0.415625 0.2359375 0.159375
1 0.1234375 0.4109375 0.0828125 0.053125
1 0.79375 0.35 0.053125 0.03125
1 0.209375 0.4 0.0671875 0.06875
1 0.621875 0.4671875 0.134375 0.0703125
2 0.4 0.53125 0.04375 0.1109375
1 0.2296875 0.6109375 0.21875 0.1484375
1 0.1859375 0.525 0.1484375 0.0875
1 0.6875 0.4171875 0.128125 0.04375
1 0.1640625 0.325 0.0765625 0.028125
2 0.784375 0.5078125 0.065625 0.10625
1 0.9375 0.359375 0.115625 0.046875
3 0.0421875 0.503125 0.0640625 0.0609375
2 0.609375 0.59375 0.071875 0.1453125
2 0.9015625 0.5359375 0.0703125 0.0984375
1 0.1953125 0.3140625 0.028125 0.0265625
2 0.740625 0.5390625 0.078125 0.1421875
3 0.459375 0.74375 0.1046875 0.0765625
2 0.8515625 0.6296875 0.078125 0.1625
1 0.646875 0.3390625 0.0578125 0.0234375
2 0.9734375 0.4875 0.053125 0.0578125
3 0.09375 0.6984375 0.065625 0.0828125
2 0.09375 0.303125 0.0125 0.0171875
1 0.109375 0.2890625 0.03125 0.021875
3 0.059375 0.4140625 0.040625 0.05625
1 0.2671875 0.3328125 0.0453125 0.0234375
1 0.1328125 0.2875 0.0265625 0.01875
2 0.140625 0.340625 0.0171875 0.0375
1 0.146875 0.3046875 0.0453125 0.015625
1 0.9640625 0.5875 0.071875 0.1296875
2 0.9828125 0.7015625 0.034375 0.1609375
1 0.9546875 0.371875 0.0703125 0.0390625
4 0.4296875 0.328125 0.0859375 0.03125
1 0.515625 0.325 0.028125 0.0234375
2 0.203125 0.34375 0.01875 0.034375
2 0.0875 0.334375 0.0140625 0.040625
4 0.171875 0.3015625 0.0203125 0.0234375
1 0.08125 0.29375 0.0171875 0.021875
1 0.0765625 0.371875 0.046875 0.0421875
1 0.3625 0.56875 0.046875 0.125
2 0.54375 0.4171875 0.040625 0.071875
1 0.5 0.428125 0.040625 0.0609375
1 0.5015625 0.38125 0.04375 0.0421875
1 0.728125 0.3515625 0.0578125 0.0140625
1 0.5890625 0.3296875 0.04375 0.025