2 0.6141435185185186 0.3897453703703704 0.038981481481481596 0.05111111111111111
1 0.7846006944444445 0.6367708333333333 0.23427083333333326 0.16149305555555565
1 0.8906770833333333 0.37061921296296296 0.049409722222222285 0.03424768518518526
2 0.7408449074074074 0.39818287037037037 0.04982638888888893 0.04831018518518526
3 0.7650694444444445 0.741568287037037 0.08550925925925927 0.14615740740740754
1 0.8842592592592592 0.44380208333333326 0.07188657407407391 0.055208333333333214
2 0.0409375 0.6966956018518518 0.04474537037037037 0.1402662037037036
1 0.7967534722222223 0.41467013888888893 0.0715162037037036 0.042708333333333216
0 0.3631481481481481 0.5594965277777778 0.5054050925925926 0.3553009259259259
3 0.834201388888889 0.4930555555555555 0.03732638888888893 0.047939814814814775
1 0.8306770833333333 0.5585185185185185 0.1542476851851852 0.09511574074074076
3 0.9638483796296295 0.521875 0.06243055555555586 0.10488425925925923
3 0.934236111111111 0.760630787037037 0.10144675925925953 0.1044791666666665
3 0.9075983796296295 0.5202083333333334 0.04671296296296319 0.10129629629629626
1 0.7514756944444445 0.36181134259259257 0.06475694444444446 0.02533564814814815
3 0.9314641203703704 0.6934201388888889 0.051851851851851906 0.06398148148148142
1 0.39549768518518513 0.3340914351851852 0.044629629629629616 0.030983796296296263
1 0.8157465277777778 0.3707407407407407 0.04950231481481495 0.037372685185185175
1 0.8552025462962962 0.38517939814814817 0.04523148148148124 0.051296296296296263
1 0.9132581018518519 0.3424074074074074 0.03672453703703695 0.027627314814814775