4 0.2663888888888889 0.3897569444444445 0.16454861111111113 0.09459490740740736
4 0.7512152777777777 0.3469560185185185 0.08621527777777782 0.08406249999999993
1 0.7838541666666667 0.6207870370370371 0.21739583333333332 0.15317129629629633
4 0.4846180555555556 0.3695601851851852 0.17249999999999996 0.10096064814814812
1 0.8793055555555555 0.4175810185185185 0.06986111111111129 0.051018518518518616
0 0.31166666666666665 0.5997337962962963 0.5894791666666668 0.3789236111111112
0 0.9394097222222222 0.7324305555555556 0.07461805555555542 0.12450231481481495
3 0.9278472222222224 0.49327546296296293 0.03500000000000014 0.09892361111111114
3 0.9544791666666667 0.4967939814814815 0.05079861111111121 0.10696759259259263
2 0.8229861111111111 0.3433333333333334 0.024270833333333287 0.03784722222222214
3 0.7938541666666665 0.4381828703703704 0.05805555555555557 0.08208333333333329
1 0.8288888888888888 0.5386689814814816 0.1504513888888887 0.09282407407407404
1 0.034895833333333334 0.37539351851851854 0.05437499999999999 0.05703703703703704
2 0.8557638888888889 0.34225694444444443 0.03690972222222229 0.04428240740740739
3 0.8756597222222222 0.4643865740740741 0.04215277777777793 0.0693518518518518
3 0.5573263888888889 0.6892824074074074 0.06187499999999986 0.18366898148148145
3 0.4092013888888889 0.7011458333333334 0.09760416666666671 0.17482638888888893
3 0.9348611111111111 0.6683217592592593 0.04979166666666686 0.06165509259259263
2 0.9026736111111111 0.3445138888888889 0.019513888888888786 0.034652777777777824
1 0.9055555555555557 0.33362268518518523 0.027256944444444285 0.031643518518518474
3 0.9666666666666668 0.41262731481481485 0.034097222222222 0.05829861111111114
1 0.9420833333333334 0.3607175925925926 0.02906249999999986 0.042604166666666644
2 0.7782986111111111 0.3707870370370371 0.026145833333333358 0.05193287037037031
2 0.8847569444444445 0.31144675925925924 0.014618055555555287 0.025208333333333322
4 0.8651736111111111 0.2736689814814815 0.03968750000000014 0.02870370370370372
4 0.728125 0.29194444444444445 0.05250000000000003 0.04295138888888896
1 0.8139930555555555 0.2900925925925926 0.022326388888888715 0.020636574074074154
1 0.18430555555555556 0.35105324074074074 0.050868055555555534 0.03980324074074071
2 0.14697916666666666 0.3583101851851852 0.028749999999999963 0.028541666666666642
3 0.624826388888889 0.7746296296296296 0.04600694444444429 0.031921296296296295