0 0.8842997685185185 0.34771990740740744 0.20337962962962947 0.12443287037037036
0 0.18042824074074076 0.22694444444444445 0.06384259259259259 0.048553240740740744
0 0.44038773148148147 0.25962962962962965 0.09068287037037041 0.0593055555555555
4 0.2528298611111111 0.2145833333333333 0.057361111111111106 0.04041666666666668
4 0.9014583333333335 0.5779166666666666 0.19708333333333314 0.21875
1 0.12016203703703705 0.25276041666666665 0.041597222222222195 0.03491898148148156
1 0.13778356481481482 0.2401099537037037 0.041597222222222195 0.03491898148148147
1 0.19976273148148146 0.2721064814814815 0.053136574074074086 0.055798611111111104
1 0.18507523148148147 0.2517418981481482 0.028865740740740754 0.02645833333333334
1 0.2501793981481481 0.28357638888888886 0.04660879629629626 0.04609953703703704
1 0.28933449074074075 0.2846759259259259 0.04021990740740744 0.04108796296296298
1 0.22579282407407408 0.25276041666666665 0.032037037037037044 0.028182870370370417
1 0.3247453703703703 0.2914467592592592 0.047986111111111104 0.03993055555555554
1 0.35480324074074077 0.3024074074074074 0.05442129629629626 0.046504629629629604
1 0.33275462962962965 0.3504976851851852 0.10709490740740737 0.08667824074074071
1 0.13513310185185184 0.30910300925925926 0.08011574074074072 0.07123842592592596
1 0.1925 0.47592013888888884 0.187025462962963 0.15166666666666656
1 0.248125 0.5575405092592594 0.22118055555555555 0.19868055555555558
1 0.3541666666666667 0.43936921296296294 0.1290277777777778 0.1424189814814815
1 0.5171469907407408 0.42074652777777777 0.09859953703703717 0.11587962962962965
1 0.728732638888889 0.3260532407407407 0.041180555555555644 0.02085648148148147
2 0.6009490740740742 0.31781249999999994 0.03644675925925931 0.01905092592592599
1 0.5950173611111111 0.30247106481481484 0.02394675925925931 0.018402777777777858
1 0.5674652777777778 0.2968576388888889 0.025833333333333285 0.02942129629629626
1 0.5383275462962963 0.29054398148148153 0.03042824074074062 0.026539351851851835
1 0.710005787037037 0.4334375 0.14510416666666667 0.10581018518518519
1 0.14002314814814815 0.39491898148148147 0.11776620370370372 0.13091435185185185
2 0.13774305555555558 0.26515046296296296 0.021516203703703683 0.04167824074074069
2 0.6034780092592593 0.4295717592592593 0.059120370370370344 0.09979166666666668
2 0.4998611111111112 0.2862789351851852 0.00988425925925931 0.017673611111111143
2 0.5164293981481481 0.2908969907407407 0.03332175925925931 0.01888888888888891
4 0.2861342592592592 0.25589120370370366 0.04334490740740744 0.04124999999999997