0 0.42640625 0.4843229166666666 0.48197916666666674 0.41947916666666674
0 0.46520833333333333 0.3001388888888889 0.11947916666666672 0.08378472222222229
0 0.2464804578125 0.270437578125 0.264383546875 0.264352653125 0.2780276515625 0.2654597765625 0.2804901046875 0.2639845578125 0.3003909546875 0.270624459375 0.308645459375 0.28888206250000004 0.3210918765625 0.2938004015625 0.32235664062499997 0.2961364 0.3316746828125 0.2982883515625 0.337830815625 0.294600303125 0.343220415625 0.27744982500000004 0.34195565 0.2751138234375 0.3461475609375 0.2617745625 0.344882796875 0.2594385640625 0.346612253125 0.2475745203125 0.3453139515625 0.2421649125 0.3390907421875 0.23970574218750001 0.33899012968750003 0.2304849171875 0.251400525 0.210256578125 0.248938071875 0.2117317984375 0.18743898750000001 0.1975289203125 0.18124931875 0.198143359375 0.1695358984375 0.20361384531249999 0.16015078124999998 0.195314678125 0.14151469375 0.19101077500000002 0.13412733593749998 0.19543643125000001 0.128536509375 0.1941452609375 0.12607405625 0.19562047968750002 0.1055743625 0.1908861875 0.103111909375 0.19236140625 0.097521084375 0.1910702359375 0.0938274046875 0.1932830640625 0.0889695734375 0.20238071875000002 0.0852758953125 0.20459354687500003 0.07409424375 0.20201120625 0.0685369546875 0.20379364375 0.0654756578125 0.20717447031249997 0.06308028125000001 0.2147969078125 0.06747341875 0.2198992953125 0.06877172031249999 0.22530890312500002 0.0767579234375 0.21897763750000002 0.0792539140625 0.220576028125 0.0756608484375 0.23200968125000002 0.0731983953125 0.23348490000000002 0.07206778281250001 0.243443334375 0.0696053296875 0.244918553125 0.061221509375000004 0.271597078125 0.068144175 0.28137146562500004 0.0780946 0.2846914140625 0.085481959375 0.280265759375 0.0978613 0.2790368828125 0.1071122671875 0.275041615625 0.1306732578125 0.2763950796875 0.13932538125 0.274305421875 0.156696703125 0.276273325 0.163451678125 0.2706796703125 0.167710665625 0.263487625 0.1738667984375 0.259799578125 0.2197910921875 0.2663177234375 0.2222535453125 0.2648425046875 0.2464804578125 0.270437578125
4 0.2130208333333333 0.33850694444444446 0.18968749999999995 0.20079861111111103
1 0.7794270833333334 0.45463541666666674 0.13447916666666657 0.09815972222222236
1 0.7536979166666666 0.5831423611111111 0.1904166666666665 0.14152777777777778
1 0.6878645833333333 0.6462326388888889 0.25593749999999993 0.21163194444444447
1 0.07942708333333334 0.5127777777777778 0.15885416666666669 0.22131944444444435
1 0.09130208333333334 0.40392361111111114 0.18260416666666668 0.13104166666666667
1 0.8525 0.5286805555555556 0.14114583333333322 0.12795138888888893
3 0.9075 0.5812847222222223 0.10697916666666671 0.10690972222222221
3 0.798125 0.5018055555555556 0.05354166666666664 0.07763888888888885
2 0.79765625 0.40352430555555563 0.02802083333333343 0.04586805555555564
2 0.82640625 0.39352430555555556 0.027291666666666714 0.034930555555555645
2 0.7856770833333334 0.39598958333333334 0.022604166666666713 0.03482638888888889
2 0.7424479166666667 0.38914930555555555 0.024375000000000036 0.037986111111111144
2 0.7199479166666667 0.3756076388888889 0.028229166666666573 0.048993055555555554
2 0.6828645833333333 0.3818923611111111 0.03135416666666657 0.04906249999999997
2 0.89546875 0.4224131944444444 0.036250000000000074 0.052291666666666715
2 0.92265625 0.4124479166666667 0.025937499999999857 0.03802083333333321
2 0.8789583333333333 0.4126388888888889 0.032187499999999855 0.03815972222222221
2 0.8405729166666667 0.40335069444444444 0.03208333333333328 0.03659722222222221
1 0.7531770833333333 0.3803298611111111 0.049270833333333285 0.036979166666666605
1 0.8106770833333332 0.37203125000000004 0.03468749999999972 0.028854166666666715
1 0.8382291666666667 0.38 0.03416666666666686 0.021041666666666715
1 0.8678645833333334 0.39182291666666663 0.04604166666666672 0.03534722222222229
1 0.9193229166666667 0.3805381944444445 0.03135416666666657 0.025659722222222216