0 0.95703125 0.6917187499999999 0.0859375 0.11538194444444443
1 0.22052083333333333 0.5380902777777777 0.15531249999999996 0.10642361111111107
1 0.2731770833333333 0.61203125 0.18656249999999996 0.15392361111111122
1 0.22588541666666667 0.4425173611111111 0.12791666666666668 0.09333333333333335
2 0.8986458333333334 0.47607638888888887 0.08958333333333321 0.10340277777777765
2 0.6681770833333334 0.45772569444444444 0.09677083333333343 0.11760416666666665
1 0.14213541666666668 0.4185590277777778 0.08239583333333336 0.06579861111111107
2 0.29552083333333334 0.37211805555555555 0.03239583333333336 0.041284722222222216
1 0.25307291666666665 0.33394097222222224 0.05541666666666671 0.035555555555555604
3 0.39651041666666664 0.66640625 0.08989583333333329 0.13149305555555557
2 0.7685416666666667 0.4609722222222222 0.08208333333333329 0.10791666666666658
1 0.7690625 0.4218402777777778 0.14312500000000003 0.0874305555555555
3 0.13817708333333334 0.6995312499999999 0.08885416666666668 0.11586805555555557
3 0.09713541666666667 0.5298784722222223 0.05333333333333332 0.12131944444444435
3 0.07734375 0.4911979166666667 0.030833333333333334 0.1114583333333334
1 0.07729166666666668 0.36131944444444447 0.04479166666666665 0.040000000000000036
2 0.2033333333333333 0.37416666666666665 0.030000000000000072 0.052152777777777805
2 0.15546875 0.3486284722222222 0.021458333333333357 0.04104166666666664
1 0.12979166666666667 0.33902777777777776 0.03520833333333333 0.036666666666666715
1 0.19848958333333333 0.33671875 0.044062499999999984 0.029062500000000036
1 0.32546875000000003 0.3518923611111111 0.05802083333333332 0.05121527777777777
1 0.9409375000000001 0.3241319444444445 0.09864583333333314 0.05211805555555564
1 0.7971354166666667 0.32654513888888886 0.059791666666666646 0.03097222222222218
1 0.8451041666666667 0.31843750000000004 0.06177083333333329 0.037256944444444426
1 0.7238541666666667 0.3305208333333333 0.04572916666666664 0.030659722222222196
4 0.48234374999999996 0.4164756944444445 0.1869791666666666 0.18357638888888878
1 0.5152083333333334 0.3109027777777778 0.04281249999999996 0.03371527777777779
4 0.30005208333333333 0.28751736111111115 0.057083333333333375 0.03715277777777777
4 0.15651041666666668 0.2938368055555555 0.05864583333333333 0.03718749999999993
2 0.09848958333333332 0.3272048611111111 0.01895833333333332 0.026944444444444392