0 0.3015625 0.390625 0.1984375 0.1421875
1 0.85703125 0.740625 0.2859375 0.078125
1 0.609375 0.4109375 0.1109375 0.053125
1 0.2328125 0.6078125 0.2140625 0.153125
4 0.259375 0.3109375 0.0640625 0.0328125
1 0.4640625 0.3921875 0.0875 0.0484375
1 0.6671875 0.5421875 0.2234375 0.13125
2 0.45625 0.4703125 0.0453125 0.09375
1 0.1171875 0.409375 0.071875 0.053125
1 0.8515625 0.515625 0.1890625 0.109375
1 0.1828125 0.5234375 0.14375 0.084375
1 0.9265625 0.3609375 0.1125 0.0484375
3 0.0390625 0.503125 0.065625 0.06875
3 0.484375 0.7453125 0.1125 0.06875
2 0.6265625 0.45625 0.03125 0.0390625
2 0.659375 0.45 0.0390625 0.0484375
2 0.15625 0.3421875 0.021875 0.0359375
3 0.075 0.696875 0.0640625 0.09375
2 0.121875 0.315625 0.0109375 0.0140625
1 0.1515625 0.315625 0.0359375 0.0234375
1 0.1421875 0.2953125 0.0359375 0.0171875
1 0.609375 0.334375 0.0796875 0.0203125
1 0.121875 0.346875 0.0421875 0.0484375
1 0.728125 0.3484375 0.075 0.0265625
1 0.521875 0.384375 0.0453125 0.0484375
2 0.1640625 0.428125 0.0421875 0.071875
1 0.1703125 0.309375 0.034375 0.0203125
2 0.5171875 0.46875 0.0375 0.090625
2 0.575 0.4625 0.0359375 0.078125
2 0.71875 0.453125 0.034375 0.0640625
3 0.053125 0.453125 0.025 0.084375
3 0.078125 0.38125 0.0578125 0.0296875
1 0.1953125 0.35 0.0296875 0.0359375
2 0.0984375 0.3125 0.0125 0.028125
2 0.18125 0.334375 0.0140625 0.0265625
1 0.2171875 0.31875 0.0328125 0.01875
1 0.1140625 0.303125 0.0171875 0.015625
1 0.428125 0.45625 0.0203125 0.0578125