4 0.6207291666666667 0.3314583333333333 0.11171296296296304 0.11208333333333335
1 0.7701620370370371 0.5614583333333334 0.22459490740740726 0.17114583333333327
1 0.4207523148148148 0.4534375 0.1852662037037037 0.1326041666666667
4 0.39402199074074074 0.32703125 0.23555555555555552 0.175
4 0.13680555555555557 0.4246875 0.2686574074074074 0.21624999999999997
2 0.7471412037037037 0.30270833333333336 0.040891203703703735 0.03864583333333336
1 0.8811689814814816 0.35239583333333335 0.08318287037037067 0.05552083333333337
1 0.8258275462962963 0.26776041666666667 0.045497685185185335 0.02802083333333334
2 0.715480324074074 0.35484375 0.037951388888888896 0.06343750000000004
1 0.8931655092592592 0.28359375 0.05033564814814824 0.04864583333333332
1 0.8151388888888889 0.40760416666666666 0.13483796296296297 0.07145833333333336
2 0.5708449074074075 0.4559375 0.06481481481481488 0.10583333333333336
3 0.9374826388888888 0.6738020833333334 0.06173611111111086 0.11187499999999986
2 0.8283680555555556 0.29416666666666663 0.03460648148148167 0.03354166666666671
1 0.8203356481481482 0.4760416666666666 0.14755787037037038 0.10197916666666665
3 0.9537731481481482 0.4460416666666667 0.04585648148148138 0.07645833333333343
3 0.9165740740740741 0.5946875 0.04561342592592581 0.043645833333333425
3 0.9760185185185186 0.3890625 0.03648148148148138 0.07583333333333328
1 0.9029629629629629 0.23447916666666666 0.032951388888889 0.020937499999999963
1 0.8710069444444445 0.24677083333333333 0.02673611111111107 0.025208333333333322
1 0.9279340277777777 0.3344270833333333 0.06445601851851848 0.057395833333333354
4 0.9011574074074075 0.20177083333333332 0.018900462962962904 0.02156250000000002