0 0.3357291666666667 0.38078124999999996 0.20166666666666658 0.15413194444444453
1 0.8049826388888889 0.47777777777777775 0.15375000000000014 0.10517361111111115
2 0.61546875 0.3660069444444444 0.044965277777777854 0.056631944444444485
1 0.7592534722222222 0.5687847222222222 0.1970833333333335 0.1586111111111112
1 0.81640625 0.2798090277777778 0.050729166666666714 0.03503472222222222
1 0.8552430555555557 0.3584722222222222 0.06993055555555543 0.0561805555555555
1 0.6218402777777777 0.3251388888888889 0.06812499999999985 0.04517361111111118
1 0.09017361111111111 0.3675 0.10090277777777779 0.045069444444444426
1 0.7825694444444444 0.29223958333333333 0.03368055555555553 0.04052083333333334
1 0.0053124999999999995 0.38864583333333336 0.010624999999999999 0.04770833333333328
2 0.7497569444444444 0.32881944444444444 0.054548611111111 0.06642361111111103
2 0.6955902777777778 0.34293402777777776 0.043472222222222356 0.059687500000000074
2 0.8620833333333333 0.29651041666666667 0.04628472222222228 0.045763888888888896
1 0.8052256944444445 0.25611111111111107 0.03642361111111114 0.02347222222222225
3 0.5880208333333334 0.6528819444444445 0.06374999999999993 0.19951388888888885
3 0.6853472222222222 0.6633854166666666 0.06430555555555557 0.15427083333333336
3 0.9254861111111111 0.6394444444444444 0.07496527777777758 0.1422569444444445
3 0.9030555555555555 0.7005381944444444 0.06368055555555543 0.05590277777777786
3 0.901423611111111 0.4578819444444445 0.03517361111111086 0.10770833333333343
3 0.8051562499999999 0.3997222222222222 0.02802083333333343 0.06680555555555552
3 0.9398263888888888 0.41559027777777774 0.024166666666666715 0.10409722222222229
3 0.8972222222222221 0.36597222222222225 0.025868055555555713 0.040173611111111104
3 0.9422048611111112 0.34368055555555554 0.024270833333333287 0.038541666666666696
2 0.6822048611111111 0.41845486111111113 0.050520833333333216 0.09590277777777771
3 0.8324479166666666 0.3306076388888889 0.027395833333333286 0.03868055555555561
2 0.8755208333333332 0.2537673611111111 0.05249999999999986 0.044479166666666715
2 0.9166840277777777 0.26286458333333335 0.01781250000000014 0.028888888888888964
2 0.83953125 0.2577083333333333 0.011562500000000142 0.028611111111111143
2 0.36588541666666663 0.49885416666666665 0.05378472222222221 0.10229166666666671
2 0.4496354166666666 0.4529861111111111 0.04267361111111114 0.09399305555555557
3 0.5015798611111111 0.4686284722222222 0.047499999999999966 0.1004513888888889
2 0.5187673611111111 0.39762152777777776 0.037673611111111074 0.07972222222222225
1 0.5219097222222222 0.36157986111111107 0.09479166666666679 0.05104166666666661
2 0.48916666666666675 0.39503472222222225 0.031145833333333428 0.06694444444444443
1 0.015104166666666665 0.5467534722222223 0.03020833333333333 0.15961805555555558
3 0.6363715277777777 0.5141493055555555 0.059097222222222176 0.13062500000000005