1 0.8325578703703703 0.34178240740740745 0.08394675925925946 0.07482638888888893
1 0.7365567129629629 0.5542534722222222 0.207511574074074 0.160474537037037
0 0.496712962962963 0.4578993055555555 0.34432870370370383 0.28559027777777785
1 0.1831886574074074 0.4999131944444445 0.16888888888888892 0.11383101851851851
1 0.7901793981481482 0.4649594907407407 0.1560185185185185 0.10711805555555554
2 0.6892013888888889 0.28784722222222225 0.01959490740740737 0.04126157407407405
2 0.665150462962963 0.32537615740740744 0.050393518518518476 0.061111111111111074
1 0.32924189814814814 0.48203125 0.09178240740740744 0.128125
1 0.7929224537037036 0.28712384259259255 0.057928240740740836 0.05671296296296298
2 0.21763310185185186 0.5500868055555556 0.09923611111111112 0.1486689814814815
3 0.8034895833333333 0.6086805555555556 0.07055555555555557 0.13825231481481487
3 0.6987326388888888 0.6663483796296296 0.0816782407407409 0.14178240740740727
3 0.8990104166666667 0.6542534722222222 0.08322916666666665 0.11533564814814809
3 0.9539525462962963 0.5953125 0.02931712962962969 0.20532407407407405
3 0.9016145833333333 0.5839988425925926 0.06114583333333314 0.058391203703703806
3 0.9369270833333333 0.43535879629629626 0.07503472222222207 0.08229166666666661
3 0.918431712962963 0.3791377314814815 0.042037037037037095 0.07795138888888893
3 0.8799305555555555 0.35795717592592596 0.028888888888888787 0.06655092592592596
3 0.8985011574074075 0.34713541666666664 0.024942129629629762 0.07887731481481479
3 0.9146875 0.32392939814814814 0.020509259259259238 0.030381944444444465
2 0.8333680555555556 0.3807291666666667 0.04783564814814838 0.096875
2 0.6877488425925925 0.35182291666666665 0.040289351851851764 0.07476851851851851
2 0.7231944444444445 0.3193287037037037 0.025393518518518475 0.06018518518518512
2 0.7005034722222222 0.29444444444444445 0.019594907407407547 0.04126157407407405
1 0.7599768518518518 0.2774305555555555 0.04790509259259253 0.04542824074074074
2 0.8361284722222223 0.26837384259259256 0.022256944444444572 0.03356481481481488
2 0.8785069444444445 0.2504340277777778 0.020416666666666573 0.028819444444444463
2 0.8655497685185185 0.24545717592592595 0.020416666666666573 0.028819444444444463
0 0.8149131944444445 0.23174189814814813 0.0671180555555555 0.05393518518518521
1 0.8845023148148148 0.30711805555555555 0.04991898148148124 0.026793981481481488
1 0.8974305555555556 0.273119212962963 0.042754629629629906 0.03744212962962958
1 0.2756076388888889 0.7030671296296296 0.33004629629629634 0.20243055555555572
1 0.046932870370370375 0.39282407407407405 0.09386574074074075 0.059837962962962975
2 0.22189814814814818 0.3597222222222222 0.02510416666666666 0.028993055555555536
3 0.12170717592592592 0.37980324074074073 0.02069444444444444 0.033506944444444464
1 0.1486863425925926 0.37178819444444444 0.04450231481481479 0.040625
2 0.3499421296296296 0.33003472222222224 0.021793981481481504 0.02575231481481488
1 0.2768634259259259 0.35300925925925924 0.058194444444444396 0.034895833333333307