4 0.5353645833333334 0.3672743055555555 0.25569444444444434 0.2075810185185185
1 0.0926388888888889 0.5214699074074074 0.10756944444444443 0.10381944444444446
3 0.022274305555555558 0.5024305555555555 0.042534722222222224 0.07957175925925916
1 0.03519097222222222 0.45324074074074067 0.07038194444444444 0.06574074074074084
1 0.0890798611111111 0.4078703703703703 0.05697916666666667 0.053587962962962976
1 0.15899305555555557 0.4018518518518518 0.05229166666666667 0.05341435185185191
1 0.68046875 0.3421296296296296 0.061388888888888896 0.047511574074074046
1 0.1698611111111111 0.5798900462962963 0.15395833333333336 0.09461805555555554
1 0.24227430555555554 0.6584780092592594 0.2151736111111111 0.17332175925925916
1 0.8504166666666666 0.6207465277777777 0.2555555555555557 0.20445601851851852
1 0.2231423611111111 0.41987847222222224 0.07069444444444448 0.04629629629629637
1 0.8910937499999999 0.3569733796296296 0.11229166666666686 0.06967592592592595
3 0.027491319444444447 0.5874421296296296 0.05498263888888889 0.0981481481481481
3 0.25986111111111115 0.7381655092592593 0.08142361111111107 0.18240740740740743
2 0.2813888888888889 0.5002893518518519 0.06177083333333329 0.09120370370370381
2 0.3686979166666667 0.45500578703703703 0.0515625 0.0721064814814815
2 0.24600694444444446 0.45124421296296297 0.04041666666666668 0.06701388888888893
1 0.8468229166666668 0.33185763888888886 0.08305555555555558 0.043634259259259255
1 0.9460243055555555 0.31831597222222224 0.033749999999999857 0.05740740740740744
0 0.3958159722222222 0.33784722222222224 0.08375000000000003 0.059259259259259255