1 0.1890625 0.4515625 0.128125 0.06875
4 0.428125 0.3359375 0.1359375 0.1265625
1 0.18125 0.5234375 0.1453125 0.0921875
1 0.2421875 0.6078125 0.1953125 0.1484375
2 0.65 0.4515625 0.059375 0.071875
4 0.5515625 0.3875 0.1734375 0.103125
2 0.965625 0.7375 0.0671875 0.084375
1 0.93125 0.3578125 0.0875 0.0609375
1 0.10625 0.33125 0.0421875 0.04375
2 0.221875 0.3640625 0.03125 0.046875
2 0.29375 0.4140625 0.0359375 0.0828125
1 0.2984375 0.34375 0.0796875 0.078125
1 0.3515625 0.396875 0.0953125 0.071875
4 0.765625 0.5375 0.284375 0.25
2 0.6390625 0.6390625 0.1140625 0.128125
2 0.1296875 0.328125 0.0234375 0.0328125
3 0.0765625 0.6515625 0.075 0.0375
2 0.7203125 0.346875 0.0328125 0.0328125
2 0.71875 0.3484375 0.028125 0.0296875
2 0.1921875 0.325 0.021875 0.0328125
1 0.146875 0.3 0.028125 0.028125
3 0.0546875 0.4828125 0.0578125 0.1140625
1 0.128125 0.396875 0.06875 0.04375
1 0.97890625 0.59765625 0.0421875 0.1046875
3 0.05625 0.403125 0.0203125 0.034375
3 0.08125 0.69375 0.053125 0.0578125
4 0.8453125 0.353125 0.1015625 0.0421875
3 0.075 0.3546875 0.0125 0.028125
1 0.0984375 0.3015625 0.0234375 0.0203125
1 0.1203125 0.303125 0.01875 0.0171875
1 0.08125 0.28125 0.015625 0.0125
1 0.096875 0.284375 0.0109375 0.0140625
1 0.1109375 0.2875 0.0171875 0.0109375
4 0.115625 0.25625 0.025 0.01875
2 0.65625 0.3375 0.0125 0.015625