1 0.2375 0.60625 0.1859375 0.146875
1 0.4375 0.5390625 0.2015625 0.13125
1 0.128125 0.3484375 0.0546875 0.0453125
2 0.8671875 0.528125 0.0828125 0.115625
1 0.184375 0.528125 0.1421875 0.1015625
2 0.1734375 0.35625 0.021875 0.0515625
2 0.2859375 0.39375 0.03125 0.0640625
1 0.2265625 0.359375 0.053125 0.046875
1 0.16875 0.3078125 0.0390625 0.0234375
2 0.1328125 0.4421875 0.0375 0.0765625
1 0.2203125 0.321875 0.0421875 0.0234375
1 0.4140625 0.3921875 0.08125 0.05
1 0.9265625 0.3671875 0.1453125 0.0609375
2 0.046875 0.31875 0.04375 0.028125
1 0.1234375 0.4078125 0.078125 0.05
2 0.9828125 0.7203125 0.034375 0.1234375
3 0.0765625 0.671875 0.06875 0.0984375
3 0.0546875 0.4890625 0.025 0.103125
3 0.065625 0.446875 0.01875 0.040625
1 0.0796875 0.3890625 0.0546875 0.0484375
1 0.4015625 0.3640625 0.0703125 0.0484375