1 0.8192187499999999 0.56953125 0.24791666666666679 0.1796875
1 0.8418749999999999 0.2765625 0.04822916666666686 0.04375
2 0.6212500000000001 0.4828125 0.084375 0.1171875
1 0.7552083333333333 0.3125 0.06833333333333336 0.040625
2 0.7341145833333333 0.3359375 0.05958333333333332 0.05
3 0.9752083333333333 0.440625 0.049583333333333354 0.071875
1 0.7987500000000001 0.27421875 0.04583333333333321 0.03125
1 0.8485416666666667 0.48203125 0.16687499999999994 0.1125
1 0.8747395833333332 0.359375 0.07947916666666685 0.0671875
3 0.9394791666666666 0.3578125 0.06843749999999993 0.0890625
3 0.38859374999999996 0.78984375 0.06854166666666668 0.04375
0 0.19401041666666666 0.56640625 0.34052083333333333 0.4203125
3 0.29640625 0.78984375 0.09052083333333324 0.06875
1 0.5434895833333334 0.3125 0.058333333333333216 0.0546875
2 0.35432291666666665 0.3578125 0.028749999999999963 0.0328125
2 0.47588541666666667 0.3296875 0.03093749999999993 0.0421875
1 0.7239583333333333 0.30078125 0.04020833333333336 0.040625