1 0.3675983796296296 0.43570601851851853 0.12530092592592598 0.12465277777777786
4 0.9221932870370371 0.5139756944444445 0.15561342592592595 0.12332175925925917
1 0.14913773148148146 0.37664930555555554 0.11886574074074074 0.11793981481481489
1 0.5308622685185185 0.578761574074074 0.14819444444444443 0.1606481481481481
2 0.2689641203703704 0.36915509259259255 0.05061342592592588 0.07702546296296298
1 0.20087962962962963 0.46545138888888893 0.16436342592592598 0.12754629629629619
1 0.5645659722222222 0.4534143518518519 0.11306712962962955 0.08009259259259274
4 0.5002141203703704 0.3862847222222222 0.10594907407407402 0.10295138888888893
1 0.6027025462962963 0.5302951388888889 0.14395833333333333 0.12291666666666679
3 0.24930555555555553 0.6265046296296297 0.09162037037037045 0.14554398148148148
1 0.2272337962962963 0.565625 0.2369907407407407 0.21087962962962958
1 0.4033854166666667 0.38067129629629626 0.07027777777777774 0.05665509259259256
3 0.0595775462962963 0.40587384259259257 0.07561342592592593 0.07887731481481489
2 0.1598900462962963 0.2659722222222222 0.034062500000000016 0.044618055555555536
1 0.23767361111111107 0.2865451388888889 0.05731481481481478 0.0401041666666667
1 0.19203125 0.24574652777777778 0.0402199074074074 0.04195601851851851
2 0.8380381944444444 0.8431712962962962 0.15840277777777773 0.18946759259259238
1 0.2493576388888889 0.3388599537037037 0.0738194444444444 0.07094907407407405
1 0.34189236111111115 0.35740740740740745 0.07675925925925924 0.06493055555555553
1 0.7824594907407407 0.6511863425925926 0.23418981481481466 0.2215856481481481
3 0.0883275462962963 0.3238136574074074 0.04293981481481481 0.08113425925925925
4 0.3438715277777778 0.26634837962962965 0.05134259259259259 0.04901620370370372
1 0.46653935185185186 0.328443287037037 0.03989583333333328 0.03101851851851851
1 0.2805787037037037 0.31388888888888894 0.05920138888888893 0.05115740740740744
1 0.23592013888888888 0.2536747685185185 0.04168981481481478 0.03894675925925926
1 0.11304398148148147 0.28978587962962965 0.07680555555555557 0.06649305555555554
2 0.8289293981481481 0.48313078703703705 0.029143518518518617 0.03645833333333322