1 0.8351041666666668 0.5648958333333333 0.3297916666666666 0.27331018518518524
0 0.6073784722222222 0.26127314814814817 0.15055555555555564 0.10410879629629628
1 0.40295138888888893 0.3907291666666667 0.10625 0.07651620370370367
1 0.22637152777777775 0.47081597222222216 0.1005902777777778 0.10270833333333336
2 0.38526041666666666 0.474699074074074 0.08659722222222221 0.10500000000000007
4 0.19022569444444443 0.39316550925925925 0.09586805555555555 0.10086805555555553
2 0.4961458333333333 0.3601736111111111 0.05777777777777793 0.07208333333333332
3 0.06571180555555556 0.5984606481481481 0.08944444444444444 0.09268518518518523
3 0.07085069444444445 0.5128877314814815 0.0801736111111111 0.09681712962962977
1 0.2109548611111111 0.5867245370370371 0.17472222222222217 0.13831018518518512
1 0.30711805555555555 0.3729398148148148 0.06826388888888886 0.052418981481481455
1 0.2738194444444445 0.38821180555555557 0.058993055555555604 0.0565509259259259
1 0.3910243055555555 0.31164351851851857 0.035104166666666714 0.03484953703703706
3 0.32743055555555556 0.6885590277777778 0.11239583333333325 0.1424189814814813
2 0.06444444444444444 0.43582175925925926 0.024131944444444442 0.032638888888888926
1 0.06229166666666667 0.40935185185185186 0.03354166666666667 0.03475694444444457
2 0.08652777777777779 0.40869791666666666 0.022673611111111124 0.037233796296296265
2 0.10362847222222223 0.40377314814814813 0.027465277777777786 0.04219907407407408
2 0.5230034722222222 0.5478935185185185 0.09881944444444439 0.1634606481481482
2 0.9426388888888889 0.21089699074074075 0.04010416666666679 0.04918981481481479
2 0.7649652777777778 0.2417650462962963 0.030416666666666713 0.03457175925925924
4 0.7112847222222223 0.2551157407407407 0.09034722222222218 0.06309027777777772
2 0.47123263888888883 0.29515625 0.020868055555555643 0.026203703703703684
2 0.503263888888889 0.2932581018518518 0.014479166666666644 0.019583333333333286
1 0.41897569444444444 0.30216435185185186 0.028749999999999963 0.02979166666666666
1 0.2680208333333333 0.44409722222222225 0.06114583333333332 0.08320601851851847
1 0.23078125 0.38763310185185185 0.03847222222222228 0.04597222222222221
2 0.1348611111111111 0.4011400462962963 0.041770833333333354 0.05396990740740737
4 0.15244791666666666 0.3476851851851852 0.07315972222222222 0.06207175925925927
2 0.06253472222222223 0.3850868055555556 0.022430555555555554 0.026296296296296262
0 0.06376736111111111 0.37015046296296295 0.05090277777777778 0.04358796296296301
1 0.08255208333333333 0.4762094907407407 0.04024305555555556 0.05543981481481488
3 0.14616319444444445 0.7689236111111111 0.07038194444444441 0.07751157407407412
1 0.2812847222222222 0.653744212962963 0.21336805555555555 0.19209490740740734