2 0.3828125 0.6088252314814815 0.0953125 0.13674768518518512
1 0.83828125 0.43553240740740745 0.0546875 0.05248842592592595
1 0.63671875 0.5760706018518519 0.1203125 0.14641203703703703
1 0.88125 0.5129340277777777 0.08125 0.0685185185185185
0 0.371875 0.44785879629629627 0.453125 0.37575231481481486
3 0.9578125 0.624074074074074 0.06875 0.07696759259259274
1 0.72265625 0.49962384259259257 0.1078125 0.07673611111111107
1 0.65390625 0.4421875 0.075 0.060243055555555536
1 0.73046875 0.4384837962962963 0.0640625 0.04849537037037042
2 0.59921875 0.45298032407407407 0.0421875 0.059375
2 0.79140625 0.4304976851851852 0.0203125 0.03587962962962958
1 0.7796875 0.4093171296296296 0.0484375 0.03483796296296297
1 0.8109375 0.6178819444444444 0.15 0.11423611111111107
1 0.940625 0.43061342592592594 0.0359375 0.03547453703703703
2 0.47734375 0.6134837962962963 0.0828125 0.15457175925925917
1 0.7515625 0.6923900462962963 0.240625 0.18813657407407405
1 0.8953125 0.42413194444444446 0.0390625 0.038831018518518515
3 0.9390625 0.5469039351851852 0.0296875 0.06782407407407405
3 0.95234375 0.5549189814814814 0.0375 0.06684027777777786
2 0.67890625 0.46357060185185184 0.0390625 0.054456018518518515
1 0.096875 0.48686342592592596 0.1609375 0.12910879629629618
2 0.88984375 0.4448206018518519 0.040625 0.04832175925925917
1 0.09140625 0.4216145833333333 0.11875 0.09004629629629637
2 0.0671875 0.6752893518518519 0.134375 0.15370370370370381
2 0.0265625 0.5793113425925925 0.053125 0.1804976851851851
3 0.878125 0.5564525462962964 0.034375 0.09160879629629619
1 0.92734375 0.4913483796296296 0.053125 0.03831018518518512
2 0.76015625 0.4297453703703704 0.0171875 0.04033564814814809
2 0.73828125 0.41328125 0.0140625 0.015104166666666608
1 0.83203125 0.4061631944444445 0.0390625 0.03258101851851851
1 0.8640625 0.4186921296296296 0.0140625 0.026041666666666786
1 0.87734375 0.39858217592592593 0.0234375 0.015798611111111072
2 0.9125 0.40821759259259255 0.0109375 0.02268518518518512