1 0.869357638888889 0.6099652777777778 0.26128472222222215 0.18562499999999993
1 0.9461371527777779 0.5721701388888889 0.10772569444444428 0.12937499999999993
1 0.7465856481481481 0.48225694444444445 0.16371527777777786 0.12072916666666664
1 0.669068287037037 0.4370659722222222 0.12019675925925917 0.0838541666666666
1 0.4533854166666666 0.37696180555555553 0.10590277777777786 0.07729166666666672
1 0.25214120370370374 0.5589236111111111 0.21493055555555554 0.1968055555555555
1 0.20150462962962962 0.4584027777777777 0.18061342592592594 0.11329861111111121
1 0.9649305555555555 0.43420138888888893 0.07013888888888893 0.05972222222222214
1 0.8153645833333334 0.3970659722222222 0.0862268518518519 0.051875000000000074
4 0.6238136574074075 0.3340798611111111 0.06550925925925917 0.04048611111111109
4 0.5027488425925926 0.27421875 0.16574074074074083 0.1332638888888889
0 0.3350694444444445 0.2646527777777778 0.1090856481481481 0.07892361111111104
0 0.32546296296296295 0.36416666666666664 0.19293981481481487 0.19319444444444453
1 0.25199652777777776 0.21723958333333332 0.04357638888888893 0.038437500000000034
1 0.14976851851851852 0.37041666666666667 0.12239583333333334 0.10107638888888885
3 0.13923611111111112 0.25493055555555555 0.02777777777777777 0.03340277777777771
2 0.1625 0.24972222222222223 0.04861111111111112 0.0479166666666667
2 0.5577546296296296 0.429375 0.06597222222222214 0.09513888888888893
2 0.42045717592592596 0.41678819444444437 0.05648148148148149 0.09180555555555543
2 0.14742476851851852 0.30713541666666666 0.058101851851851814 0.05125000000000002
2 0.19134837962962964 0.2686284722222222 0.02777777777777777 0.0334027777777778
2 0.22748842592592594 0.2732986111111111 0.026388888888888927 0.03805555555555564
2 0.2541087962962963 0.27427083333333335 0.021585648148148097 0.03482638888888889
3 0.14140625 0.5668576388888888 0.10028935185185187 0.1786458333333334
3 0.06316550925925926 0.4176909722222222 0.08611111111111111 0.09090277777777782
2 0.09751157407407408 0.3317013888888889 0.0337962962962963 0.06944444444444446
1 0.8890914351851851 0.4032465277777778 0.046817129629629764 0.04163194444444436
1 0.7329571759259259 0.3676215277777778 0.06568287037037024 0.04517361111111109
2 0.67734375 0.3438368055555555 0.025925925925925953 0.025555555555555554