4 0.7421875 0.3859375 0.1625 0.0921875
4 0.25625 0.3359375 0.084375 0.0828125
1 0.2296875 0.609375 0.2140625 0.15
4 0.5234375 0.3625 0.1703125 0.0984375
1 0.1296875 0.4046875 0.06875 0.05
0 0.7015625 0.5953125 0.58125 0.3703125
0 0.0765625 0.71875 0.071875 0.1234375
3 0.0828125 0.4796875 0.0328125 0.0984375
3 0.05625 0.4828125 0.0484375 0.10625
2 0.184375 0.33125 0.0234375 0.0375
3 0.215625 0.4265625 0.05625 0.08125
1 0.1828125 0.5265625 0.1484375 0.090625
1 0.9734375 0.375 0.053125 0.05625
2 0.1515625 0.3296875 0.0359375 0.04375
3 0.134375 0.4515625 0.040625 0.06875
3 0.4578125 0.68125 0.0578125 0.1828125
3 0.60625 0.6953125 0.09375 0.1734375
3 0.0796875 0.6546875 0.0484375 0.0609375
2 0.1046875 0.33125 0.01875 0.034375
1 0.1015625 0.3203125 0.0265625 0.03125
3 0.0421875 0.3984375 0.0328125 0.0578125
1 0.065625 0.346875 0.028125 0.0421875
2 0.2296875 0.359375 0.025 0.0515625
2 0.121875 0.2984375 0.0140625 0.025
4 0.140625 0.2609375 0.0390625 0.028125
4 0.278125 0.28125 0.0515625 0.0421875
1 0.1921875 0.278125 0.021875 0.0203125
1 0.8234375 0.3484375 0.05 0.0390625
2 0.8609375 0.35625 0.028125 0.028125
3 0.3921875 0.765625 0.0453125 0.03125