4 0.44699652777777776 0.3863020833333334 0.24795138888888885 0.20531249999999995
1 0.3596701388888889 0.49359374999999994 0.18388888888888894 0.13083333333333336
1 0.5556597222222223 0.46687500000000004 0.13315972222222214 0.09468750000000004
1 0.7693402777777777 0.6745833333333333 0.19513888888888892 0.14562500000000006
1 0.8227083333333333 0.6188541666666667 0.1570833333333333 0.11812500000000004
1 0.8940625000000001 0.45979166666666665 0.06194444444444471 0.049374999999999857
1 0.89921875 0.55140625 0.11149305555555564 0.10260416666666679
2 0.7054513888888889 0.43239583333333337 0.022881944444444358 0.04677083333333343
2 0.8389409722222222 0.47171874999999996 0.03548611111111129 0.052291666666666715
1 0.7622916666666667 0.49781250000000005 0.10333333333333314 0.08645833333333322
2 0.6898958333333333 0.4695833333333333 0.045069444444444426 0.0622916666666665
1 0.6290625000000001 0.43510416666666674 0.06208333333333336 0.055624999999999855
2 0.4401736111111111 0.6058333333333333 0.1050694444444444 0.16458333333333322
3 0.9644010416666667 0.6253124999999999 0.07119791666666657 0.08302083333333332
2 0.9207465277777779 0.43192708333333335 0.04618055555555571 0.04208333333333325
4 0.7677256944444444 0.42640625 0.06565972222222242 0.07614583333333336
0 0.16694444444444445 0.31614583333333335 0.16913194444444443 0.09864583333333332
3 0.9721701388888888 0.5344270833333333 0.050138888888889 0.07979166666666657
1 0.06102430555555556 0.32390625 0.07802083333333334 0.07072916666666665
1 0.6653125 0.41645833333333326 0.04631944444444436 0.04833333333333343
2 0.8917013888888888 0.42375000000000007 0.035208333333333286 0.03979166666666671
1 0.8641666666666665 0.4133333333333333 0.03826388888888914 0.03687499999999986
1 0.9556597222222223 0.49354166666666666 0.06680555555555542 0.057499999999999926
2 0.14960069444444443 0.6941145833333333 0.1542361111111111 0.1304166666666667
3 0.7294965277777777 0.7421354166666666 0.07840277777777764 0.1581249999999999
4 0.7657638888888888 0.44343750000000004 0.024236111111111215 0.0375
2 0.8058159722222221 0.45546875 0.022847222222222286 0.04520833333333343
1 0.8108159722222222 0.43473958333333335 0.03833333333333329 0.039999999999999855
1 0.8165277777777777 0.4109375 0.027083333333333216 0.025208333333333322
3 0.9879513888888889 0.5073958333333334 0.017777777777777715 0.027708333333333356