1 0.1859375 0.3328125 0.0390625 0.0296875
4 0.5171875 0.41875 0.2 0.1609375
1 0.2359375 0.590625 0.184375 0.1078125
2 0.7859375 0.5453125 0.0765625 0.1171875
1 0.1796875 0.5234375 0.146875 0.09375
1 0.8453125 0.3515625 0.065625 0.0265625
4 0.35 0.3109375 0.134375 0.109375
1 0.1359375 0.3375 0.05625 0.0625
1 0.3421875 0.4 0.103125 0.0703125
3 0.0515625 0.415625 0.0234375 0.071875
1 0.3546875 0.3515625 0.0625 0.0203125
3 0.2609375 0.6734375 0.05 0.1171875
3 0.0734375 0.690625 0.0703125 0.0734375
3 0.0328125 0.5078125 0.065625 0.065625
2 0.2609375 0.4203125 0.03125 0.078125
2 0.275 0.3859375 0.0171875 0.0328125
2 0.20625 0.3875 0.028125 0.053125
2 0.2265625 0.375 0.0234375 0.0515625
2 0.1796875 0.3375 0.0140625 0.0359375
2 0.190625 0.346875 0.015625 0.0359375
2 0.221875 0.3390625 0.01875 0.021875
1 0.2625 0.359375 0.0484375 0.04375
4 0.2453125 0.2953125 0.0875 0.0796875
1 0.0859375 0.378125 0.0328125 0.04375
3 0.0625 0.390625 0.0171875 0.0375
1 0.075 0.3078125 0.0296875 0.028125
2 0.096875 0.30625 0.009375 0.0265625
1 0.4109375 0.378125 0.0421875 0.05
2 0.7640625 0.34375 0.028125 0.028125