1 0.10792824074074074 0.41052083333333333 0.0960648148148148 0.06875
1 0.6607349537037037 0.40328125000000004 0.152025462962963 0.10677083333333322
1 0.43156828703703703 0.38348958333333333 0.10711805555555554 0.07260416666666672
2 0.825925925925926 0.425 0.07714120370370381 0.10489583333333333
1 0.21698495370370371 0.6011979166666667 0.20266203703703703 0.16937499999999997
1 0.28162615740740743 0.39192708333333337 0.07146990740740744 0.07802083333333334
1 0.16498842592592594 0.5321875 0.15775462962962963 0.1352083333333333
1 0.2064814814814815 0.3166666666666667 0.04334490740740744 0.034062499999999926
1 0.2777199074074074 0.35010416666666666 0.06574074074074074 0.049583333333333354
2 0.35868055555555556 0.35250000000000004 0.039293981481481485 0.05093750000000004
3 0.22077546296296297 0.6461458333333333 0.10995370370370364 0.14916666666666673
1 0.3563946759259259 0.47734375 0.14334490740740735 0.12489583333333325
3 0.03587962962962963 0.41999999999999993 0.05457175925925926 0.08468750000000007
2 0.4916087962962963 0.3615625 0.02719907407407405 0.06104166666666666
0 0.16362847222222224 0.2953645833333333 0.06597222222222224 0.05583333333333336
3 0.030280671296296295 0.5097916666666666 0.06056134259259259 0.08156250000000007
2 0.15784143518518517 0.32536458333333335 0.023321759259259257 0.04052083333333325
3 0.05208333333333333 0.6784375 0.10416666666666666 0.12229166666666665
3 0.09959490740740741 0.36197916666666663 0.024479166666666673 0.0296875
2 0.07549189814814813 0.31838541666666664 0.01817129629629628 0.027708333333333356
1 0.10694444444444444 0.31083333333333335 0.04207175925925925 0.041770833333333354
1 0.2528645833333333 0.3268229166666667 0.051620370370370414 0.047083333333333324
4 0.36527777777777776 0.25854166666666667 0.11990740740740743 0.08125
2 0.811400462962963 0.2911458333333333 0.024594907407407263 0.0328125