1 0.234375 0.609375 0.2125 0.146875
1 0.18125 0.5234375 0.1484375 0.0875
0 0.4921875 0.4453125 0.3125 0.2859375
1 0.925 0.5734375 0.1375 0.1078125
0 0.2421875 0.371875 0.15625 0.1265625
2 0.7203125 0.521875 0.059375 0.1109375
2 0.7796875 0.5703125 0.0609375 0.1359375
0 0.934375 0.4140625 0.125 0.2125
4 0.6796875 0.4046875 0.08125 0.05
2 0.946875 0.621875 0.1046875 0.1671875
1 0.1296875 0.296875 0.034375 0.021875
0 0.2265625 0.3015625 0.1015625 0.040625
1 0.821875 0.35 0.0640625 0.0390625
3 0.078125 0.4046875 0.0546875 0.05
2 0.840625 0.696875 0.078125 0.1078125
1 0.75625 0.7453125 0.2484375 0.071875
2 0.8515625 0.465625 0.04375 0.0921875
2 0.81875 0.3546875 0.021875 0.0203125
3 0.053125 0.484375 0.0296875 0.096875
3 0.0828125 0.475 0.01875 0.0953125
3 0.1109375 0.4765625 0.0203125 0.0484375
3 0.1546875 0.459375 0.034375 0.0375
2 0.1328125 0.3421875 0.01875 0.0421875
1 0.084375 0.2890625 0.0234375 0.01875
0 0.0734375 0.3484375 0.0234375 0.0375
3 0.1859375 0.4421875 0.025 0.0375
3 0.2390625 0.6859375 0.053125 0.0859375
3 0.0796875 0.675 0.0515625 0.0875
1 0.6828125 0.4734375 0.0515625 0.0890625
1 0.653125 0.496875 0.034375 0.1109375