1 0.3546875 0.4390625 0.0828125 0.090625
1 0.1171875 0.353125 0.0828125 0.0375
1 0.2296875 0.353125 0.065625 0.034375
1 0.3109375 0.3765625 0.0609375 0.0546875
1 0.23125 0.6046875 0.2109375 0.1421875
3 0.08125 0.7046875 0.0921875 0.153125
3 0.2546875 0.7140625 0.0828125 0.134375
4 0.2703125 0.31875 0.0515625 0.05
3 0.1296875 0.45 0.0453125 0.0703125
0 0.6609375 0.5734375 0.4890625 0.3515625
4 0.165625 0.2953125 0.0453125 0.0359375
4 0.95546875 0.3328125 0.0890625 0.134375
1 0.1328125 0.39375 0.053125 0.034375
1 0.184375 0.5234375 0.1421875 0.0875
3 0.08125 0.540625 0.05625 0.11875
1 0.9796875 0.5828125 0.0390625 0.1375
1 0.1984375 0.328125 0.040625 0.0296875
2 0.9453125 0.4859375 0.075 0.096875
3 0.05 0.459375 0.0359375 0.0546875
2 0.115625 0.3109375 0.028125 0.0453125
2 0.0875 0.3125 0.0203125 0.0359375
3 0.178125 0.4484375 0.059375 0.0609375
1 0.8265625 0.35 0.065625 0.0359375
2 0.39375 0.3984375 0.0484375 0.0875