1 0.7314351851851851 0.39361111111111113 0.09415509259259273 0.08989583333333337
2 0.5161342592592593 0.5144097222222223 0.07844907407407398 0.1141319444444445
1 0.5613773148148148 0.3526041666666667 0.08026620370370363 0.06590277777777782
1 0.3527199074074074 0.5326388888888889 0.18673611111111113 0.15322916666666658
1 0.6295023148148149 0.39187500000000003 0.0810995370370371 0.07996527777777782
1 0.6712037037037037 0.3289236111111111 0.06931712962962955 0.03892361111111118
2 0.11972222222222222 0.539861111111111 0.1093287037037037 0.10927083333333343
1 0.8515162037037036 0.4901041666666666 0.1538078703703704 0.09722222222222214
1 0.9096643518518519 0.4138888888888889 0.10233796296296305 0.09649305555555543
2 0.8264467592592591 0.3314236111111111 0.03531249999999986 0.04364583333333334
1 0.8561226851851853 0.30347222222222225 0.059664351851851906 0.033819444444444444
1 0.8980208333333334 0.27027777777777773 0.0409143518518519 0.03298611111111107
3 0.9830526620370371 0.4600694444444445 0.03389467592592581 0.06989583333333335
3 0.7752893518518519 0.6313541666666667 0.0708217592592593 0.11690972222222218
2 0.797662037037037 0.29510416666666667 0.023726851851851905 0.032222222222222284
2 0.08076388888888889 0.3582986111111111 0.04790509259259259 0.045763888888888896
1 0.38093750000000004 0.32145833333333335 0.07317129629629626 0.0250694444444445
1 0.7923611111111111 0.575763888888889 0.1973032407407409 0.1474652777777777
3 0.8327662037037037 0.7024305555555556 0.0662037037037038 0.06527777777777785
3 0.9496180555555556 0.3478819444444444 0.03043981481481488 0.040312500000000015
1 0.9609230324074074 0.33163194444444444 0.07815393518518512 0.03947916666666664
2 0.8176967592592593 0.2895138888888889 0.023726851851851905 0.032222222222222194
1 0.8618055555555555 0.2671875 0.031168981481481596 0.02631944444444443
4 0.6117129629629631 0.2767361111111111 0.05681712962962955 0.03836805555555554
0 0.7419444444444444 0.2537152777777778 0.04560185185185191 0.033194444444444395