1 0.26125 0.5587500000000001 0.20354166666666665 0.18312500000000007
1 0.2090625 0.4759375 0.17375 0.15625
1 0.4146875 0.4103125 0.13239583333333335 0.11927083333333321
1 0.44026041666666665 0.37390625 0.08885416666666668 0.07281250000000003
1 0.37020833333333336 0.32645833333333335 0.07624999999999993 0.07041666666666666
1 0.7830208333333333 0.5453125 0.16604166666666664 0.13395833333333335
1 0.6057291666666667 0.4992708333333333 0.1492708333333333 0.11572916666666658
1 0.5245833333333334 0.34375 0.04729166666666664 0.03270833333333334
2 0.2528645833333333 0.28130208333333334 0.04093750000000007 0.054062500000000034
1 0.28046875 0.2986979166666667 0.05333333333333332 0.05333333333333332
1 0.17421875 0.2566145833333333 0.049687500000000016 0.0453125
0 0.8229947916666667 0.7588541666666666 0.35401041666666655 0.38468750000000007
1 0.9440364583333334 0.6297395833333332 0.11192708333333315 0.09729166666666664
1 0.16739583333333335 0.3759375 0.12572916666666667 0.11260416666666666
1 0.22208333333333333 0.26291666666666663 0.04541666666666666 0.05124999999999993
2 0.11125 0.23375000000000004 0.04010416666666665 0.04156250000000004
2 0.14901041666666667 0.24015625 0.027083333333333303 0.032916666666666664
1 0.18442708333333332 0.23473958333333336 0.03833333333333337 0.03833333333333329
4 0.5642708333333333 0.4257291666666667 0.12562499999999996 0.11104166666666657
1 0.5822395833333334 0.36859374999999994 0.061875000000000034 0.041458333333333285
2 0.19755208333333335 0.29161458333333334 0.047499999999999966 0.05916666666666668
2 0.3003125 0.3280208333333333 0.03802083333333339 0.05697916666666671
2 0.3193229166666667 0.32151041666666663 0.0328125 0.04885416666666664
2 0.59765625 0.56484375 0.11989583333333335 0.1651041666666666
4 0.26265625 0.24151041666666667 0.0802083333333333 0.059791666666666646
4 0.2603125 0.20635416666666667 0.0625 0.050833333333333376
4 0.4173958333333333 0.2759375 0.09552083333333332 0.07947916666666668
3 0.06838541666666667 0.39578125 0.08489583333333335 0.1067708333333333
3 0.09953125 0.37296874999999996 0.06187499999999999 0.1114583333333334
3 0.09026041666666666 0.29223958333333333 0.029270833333333312 0.04239583333333332
3 0.10812499999999999 0.30354166666666665 0.04041666666666668 0.046250000000000034