1 0.2497800925925926 0.5830034722222223 0.19681712962962958 0.16479166666666673
0 0.47775462962962967 0.3247395833333333 0.08287037037037023 0.05829861111111114
1 0.7931076388888888 0.7772395833333333 0.3648842592592594 0.2019097222222223
2 0.19960648148148147 0.3115972222222222 0.02937500000000002 0.04343750000000002
1 0.19325810185185185 0.4923263888888889 0.15466435185185184 0.11142361111111114
2 0.17364004629629629 0.3042013888888889 0.029328703703703683 0.041875000000000016
1 0.08766203703703704 0.32534722222222223 0.0859027777777778 0.055312499999999966
1 0.35744791666666664 0.3459201388888889 0.03700231481481477 0.03753472222222225
1 0.1383912037037037 0.40484375000000006 0.11697916666666668 0.10350694444444439
2 0.6030844907407408 0.4730902777777778 0.06334490740740754 0.08395833333333336
3 0.06841435185185185 0.36038194444444444 0.04891203703703704 0.0708333333333333
1 0.41303819444444445 0.6948090277777779 0.22144675925925927 0.15340277777777764
2 0.7215798611111112 0.5751041666666666 0.08472222222222214 0.12079861111111115
2 0.27828125 0.4126215277777778 0.049236111111111126 0.08177083333333339
2 0.3133217592592593 0.4102777777777778 0.04266203703703706 0.07055555555555557
1 0.2481597222222222 0.31765625000000003 0.05598379629629626 0.04618055555555554
1 0.27360532407407406 0.3601388888888889 0.08107638888888893 0.050416666666666644
1 0.32403935185185184 0.35067708333333336 0.05626157407407408 0.05555555555555554
4 0.26329282407407406 0.27541666666666664 0.07638888888888892 0.05020833333333332
1 0.28715277777777776 0.3170486111111111 0.03695601851851853 0.03597222222222225
1 0.11869791666666667 0.2931770833333333 0.052719907407407396 0.04135416666666671
4 0.16544560185185184 0.2382986111111111 0.05120370370370368 0.04284722222222222
1 0.8418113425925927 0.4197222222222222 0.05584490740740762 0.04149305555555553
1 0.9452893518518518 0.4625520833333333 0.09045138888888893 0.050833333333333286
1 0.5933854166666667 0.35640625 0.03373842592592595 0.03270833333333334
4 0.20912615740740742 0.23789930555555555 0.02900462962962962 0.030937500000000017
2 0.14557870370370368 0.2787673611111111 0.01655092592592595 0.03194444444444446
1 0.16021412037037036 0.2723958333333333 0.027256944444444466 0.024618055555555608
1 0.3896701388888889 0.59078125 0.04858796296296299 0.05989583333333322
3 0.1624074074074074 0.636076388888889 0.06886574074074074 0.11229166666666668
3 0.055474537037037044 0.4503125 0.061550925925925926 0.07607638888888886
1 0.7241145833333333 0.3973263888888889 0.05451388888888893 0.049236111111111036
2 0.6896238425925926 0.39189236111111114 0.011400462962962977 0.016111111111111142
1 0.4298900462962963 0.31559027777777776 0.022476851851851797 0.021284722222222285
1 0.1896701388888889 0.26590277777777777 0.02574074074074071 0.026111111111111106
1 0.2038773148148148 0.2977430555555555 0.04490740740740744 0.041006944444444395
1 0.21028356481481483 0.27696180555555555 0.02863425925925922 0.018437500000000016
1 0.12140046296296296 0.2527256944444444 0.022615740740740752 0.025972222222222195
1 0.13796875 0.2589236111111111 0.021053240740740754 0.025902777777777785