1 0.228125 0.5875 0.1703125 0.1
1 0.1828125 0.5328125 0.1453125 0.09375
2 0.3875 0.378125 0.0390625 0.05
0 0.9546875 0.3390625 0.078125 0.128125
1 0.1171875 0.4484375 0.1015625 0.090625
3 0.0453125 0.415625 0.0203125 0.0625
1 0.2921875 0.3515625 0.0578125 0.0390625
2 0.4046875 0.4390625 0.05 0.078125
2 0.215625 0.3703125 0.03125 0.046875
1 0.246875 0.3265625 0.046875 0.021875
1 0.2375 0.359375 0.053125 0.05
1 0.16875 0.3421875 0.0453125 0.0359375
2 0.0984375 0.303125 0.05 0.0359375
3 0.040625 0.509375 0.0671875 0.06875
0 0.2125 0.30625 0.059375 0.0484375
3 0.2578125 0.6765625 0.0515625 0.10625
3 0.0765625 0.6796875 0.05625 0.1140625
1 0.05625 0.371875 0.084375 0.046875
3 0.071875 0.3890625 0.015625 0.0296875
2 0.1328125 0.35 0.021875 0.04375
2 0.065625 0.321875 0.015625 0.028125
4 0.14375 0.3109375 0.0421875 0.0296875
4 0.165625 0.278125 0.053125 0.040625
0 0.346875 0.2953125 0.05 0.040625
0 0.2859375 0.290625 0.0421875 0.0296875