1 0.20988425925925927 0.4538541666666667 0.0834027777777778 0.08152777777777764
0 0.15162615740740742 0.40984375 0.1226157407407407 0.10270833333333336
1 0.4224479166666667 0.4405381944444445 0.12721064814814814 0.09031249999999993
1 0.10725694444444445 0.49440972222222224 0.08806712962962963 0.0785069444444444
1 0.25908564814814816 0.6660069444444444 0.2435995370370371 0.19600694444444428
1 0.19483217592592592 0.5877604166666667 0.1617824074074074 0.11763888888888889
3 0.047824074074074074 0.6089930555555556 0.07399305555555555 0.0766319444444445
2 0.35074652777777776 0.5241493055555555 0.07416666666666671 0.1000694444444445
4 0.39295138888888886 0.3099652777777778 0.08480324074074072 0.059687500000000074
3 0.1262037037037037 0.7837847222222222 0.08827546296296296 0.10663194444444439
2 0.2722627314814815 0.4688715277777778 0.05212962962962964 0.07770833333333335
2 0.3822974537037037 0.48282986111111115 0.06784722222222221 0.0905555555555555
0 0.7649305555555556 0.49854166666666666 0.46611111111111114 0.49777777777777776
1 0.28076967592592594 0.37494791666666666 0.04866898148148149 0.032326388888888856
1 0.26946759259259256 0.4244097222222223 0.0643634259259259 0.042048611111111
1 0.36167824074074073 0.41923611111111114 0.07071759259259255 0.05625
2 0.31440393518518517 0.47418402777777774 0.053715277777777806 0.08086805555555543
1 0.04614583333333334 0.41375 0.04872685185185185 0.040138888888888856
1 0.2260821759259259 0.37616319444444446 0.043935185185185154 0.025972222222222195
3 0.04541087962962963 0.51296875 0.04891203703703704 0.06513888888888886
2 0.2884375 0.3943055555555556 0.028379629629629654 0.03499999999999996
1 0.4220601851851852 0.38743055555555556 0.06442129629629641 0.04986111111111109
2 0.13804976851851852 0.44998263888888895 0.03631944444444444 0.05236111111111121
2 0.09192708333333333 0.45491319444444445 0.03459490740740741 0.030451388888888965
2 0.325150462962963 0.39427083333333335 0.028402777777777822 0.038125000000000055
1 0.34562499999999996 0.3719444444444444 0.04728009259259256 0.05572916666666661
1 0.4985763888888889 0.39197916666666666 0.09131944444444447 0.0957638888888889
1 0.5589293981481481 0.3640798611111111 0.05505787037037031 0.05121527777777777
1 0.6113368055555556 0.35432291666666665 0.04712962962962948 0.03541666666666661
1 0.46398726851851857 0.3161979166666667 0.04400462962962966 0.03534722222222229
1 0.5218518518518518 0.3078819444444444 0.0377199074074074 0.030520833333333285
2 0.6039756944444445 0.2935590277777778 0.023587962962962904 0.02083333333333339