0 0.5984375 0.525 0.4515625 0.346875
0 0.6984375 0.3125 0.2140625 0.090625
4 0.521875 0.3109375 0.0890625 0.05
4 0.925 0.4640625 0.15 0.1921875
1 0.109375 0.465625 0.0890625 0.1078125
1 0.3953125 0.684375 0.209375 0.09375
1 0.1703125 0.5328125 0.134375 0.1125
1 0.221875 0.6015625 0.1625 0.1515625
1 0.25625 0.4140625 0.128125 0.0734375
1 0.284375 0.3390625 0.046875 0.0359375
1 0.2796875 0.3375 0.0390625 0.03125
2 0.2046875 0.3390625 0.01875 0.034375
1 0.225 0.3203125 0.034375 0.025
2 0.184375 0.3421875 0.015625 0.0453125
1 0.1890625 0.321875 0.0328125 0.028125
2 0.1234375 0.35 0.0203125 0.04375
1 0.1421875 0.3234375 0.0375 0.0234375
1 0.0921875 0.3109375 0.0328125 0.0203125
2 0.096875 0.3328125 0.0109375 0.0375
2 0.0953125 0.315625 0.0125 0.0265625
2 0.1515625 0.346875 0.0140625 0.046875
2 0.2375 0.3578125 0.01875 0.0359375
2 0.2515625 0.346875 0.0171875 0.0375
2 0.2875 0.35 0.0234375 0.0390625
2 0.3203125 0.34375 0.01875 0.0359375
2 0.3671875 0.3625 0.0234375 0.04375
2 0.1171875 0.3015625 0.0109375 0.0265625
3 0.1671875 0.4390625 0.0234375 0.0734375
3 0.0375 0.5046875 0.059375 0.0671875
3 0.05 0.4140625 0.021875 0.0703125
2 0.865625 0.615625 0.0921875 0.1671875