1 0.6224594907407408 0.5032638888888888 0.20644675925925923 0.13087962962962968
1 0.42013888888888895 0.40831597222222227 0.10577546296296295 0.07964120370370367
2 0.5691261574074075 0.41509837962962964 0.09490740740740726 0.08368055555555554
1 0.1171412037037037 0.4176851851851852 0.10607638888888889 0.09995370370370367
2 0.9197685185185186 0.5090625 0.09702546296296291 0.1212731481481482
1 0.34564236111111113 0.32608796296296294 0.0694212962962963 0.04938657407407412
1 0.17304976851851853 0.49008680555555556 0.154537037037037 0.10438657407407419
1 0.19542824074074075 0.2967418981481481 0.04894675925925922 0.037245370370370345
2 0.17920138888888887 0.33829282407407407 0.030358796296296297 0.04707175925925924
1 0.14417824074074073 0.27870370370370373 0.04903935185185189 0.043495370370370344
3 0.1532349537037037 0.6684490740740741 0.08716435185185185 0.08790509259259256
1 0.24354166666666668 0.3157465277777778 0.06790509259259263 0.052418981481481455
2 0.2238483796296296 0.32784143518518516 0.028587962962962975 0.032916666666666664
3 0.8556828703703705 0.6197974537037038 0.07822916666666657 0.11703703703703709
3 0.02991608796296296 0.47360532407407413 0.05983217592592592 0.06758101851851847
3 0.04982060185185185 0.37796296296296295 0.041597222222222216 0.06803240740740746
1 0.28043402777777776 0.30185185185185187 0.03791666666666664 0.030347222222222213
1 0.23732060185185183 0.5776041666666667 0.19440972222222222 0.1613888888888889
3 0.23572916666666668 0.632337962962963 0.07710648148148147 0.14663194444444444
1 0.3122685185185185 0.3132349537037037 0.05214120370370372 0.04211805555555559
1 0.6168055555555556 0.3053356481481481 0.04582175925925931 0.03706018518518519
1 0.48892361111111116 0.2965219907407407 0.07553240740740748 0.04038194444444443
1 0.3293576388888889 0.2661689814814815 0.0456828703703704 0.02768518518518519