1 0.74375 0.5515625 0.1859375 0.1703125
1 0.234375 0.365625 0.053125 0.0515625
1 0.2421875 0.6109375 0.19375 0.146875
1 0.8984375 0.6984375 0.2 0.1671875
1 0.18125 0.525 0.1421875 0.09375
1 0.153125 0.3609375 0.0578125 0.04375
4 0.584375 0.35625 0.18125 0.1375
1 0.1171875 0.3296875 0.0390625 0.021875
1 0.5015625 0.5234375 0.1578125 0.1171875
1 0.378125 0.3953125 0.078125 0.053125
1 0.128125 0.409375 0.08125 0.065625
2 0.190625 0.3984375 0.03125 0.0484375
1 0.29375 0.4046875 0.0921875 0.0609375
1 0.35625 0.3515625 0.05 0.0296875
1 0.321875 0.3703125 0.0734375 0.0421875
1 0.55 0.440625 0.134375 0.0875
1 0.4234375 0.371875 0.0703125 0.0453125
1 0.109375 0.296875 0.0375 0.0203125
2 0.4234375 0.4203125 0.05 0.065625
1 0.2375 0.31875 0.0421875 0.0265625
2 0.290625 0.3390625 0.0203125 0.034375
1 0.740625 0.46875 0.2 0.0546875
3 0.0390625 0.5046875 0.0671875 0.071875
3 0.084375 0.684375 0.0625 0.09375
3 0.4984375 0.7578125 0.071875 0.0453125
3 0.1296875 0.4390625 0.0265625 0.06875
3 0.0515625 0.4328125 0.025 0.040625
3 0.0390625 0.390625 0.0171875 0.0171875
3 0.0515625 0.39375 0.01875 0.01875
3 0.071875 0.415625 0.021875 0.0625
1 0.0796875 0.3703125 0.0546875 0.0296875
2 0.2640625 0.35 0.021875 0.0375
4 0.1640625 0.3125 0.0328125 0.0390625
2 0.1859375 0.3359375 0.0078125 0.034375
2 0.1984375 0.3453125 0.015625 0.0390625
1 0.2046875 0.315625 0.0296875 0.0171875
2 0.11875 0.35 0.0140625 0.0390625