4 0.384375 0.2953125 0.1 0.0453125
0 0.509375 0.3078125 0.13125 0.0734375
1 0.8265625 0.5390625 0.2 0.115625
1 0.3015625 0.44375 0.0890625 0.09375
1 0.5390625 0.40625 0.0875 0.053125
0 0.2765625 0.371875 0.15 0.121875
2 0.71875 0.434375 0.0625 0.0703125
3 0.228125 0.7 0.0640625 0.0859375
2 0.1578125 0.35 0.0296875 0.0359375
3 0.175 0.6375 0.075 0.125
1 0.19375 0.3078125 0.0359375 0.028125
2 0.6015625 0.46875 0.08125 0.09375
1 0.23125 0.6125 0.2125 0.1546875
3 0.0515625 0.478125 0.0609375 0.10625
1 0.3875 0.39375 0.078125 0.053125
2 0.1171875 0.3421875 0.021875 0.0328125
3 0.346875 0.3484375 0.025 0.0359375
1 0.60625 0.3359375 0.0578125 0.028125
2 0.396875 0.409375 0.0484375 0.0609375
3 0.19375 0.3953125 0.0234375 0.0484375
3 0.078125 0.684375 0.065625 0.1015625
1 0.1828125 0.525 0.14375 0.0890625
3 0.0859375 0.4671875 0.0328125 0.0796875
2 0.065625 0.3296875 0.0203125 0.0359375
2 0.084375 0.3234375 0.01875 0.028125
4 0.18125 0.265625 0.0296875 0.025
4 0.1296875 0.2578125 0.0328125 0.0375
0 0.2640625 0.2796875 0.0375 0.028125
0 0.3203125 0.2890625 0.0421875 0.0328125
1 0.834375 0.35 0.0671875 0.0390625
2 0.4578125 0.434375 0.034375 0.071875
1 0.4484375 0.371875 0.05625 0.0515625
2 0.971875 0.696875 0.0546875 0.1671875