1 0.6839525462962962 0.4090451388888889 0.061296296296296404 0.05159722222222225
1 0.503275462962963 0.42781250000000004 0.10672453703703706 0.06957175925925921
1 0.7540104166666667 0.6580844907407407 0.20423611111111112 0.16053240740740726
1 0.8140393518518518 0.5728819444444444 0.14289351851851856 0.10268518518518518
0 0.16917824074074075 0.5510185185185186 0.3383564814814815 0.48953703703703705
1 0.8975983796296297 0.3708854166666667 0.03770833333333314 0.030069444444444392
1 0.8734722222222222 0.46263888888888893 0.07854166666666665 0.06030092592592595
2 0.6276851851851852 0.40847222222222224 0.020694444444444394 0.05261574074074069
2 0.7182523148148148 0.4209837962962963 0.028518518518518478 0.05458333333333343
1 0.5776909722222221 0.4050983796296296 0.07064814814814824 0.048958333333333395
4 0.6513310185185185 0.38156249999999997 0.05658564814814824 0.04822916666666668
2 0.8095891203703705 0.4350983796296296 0.03630787037037031 0.05186342592592581
3 0.9571527777777777 0.560763888888889 0.07241898148148138 0.07716435185185197
4 0.8455266203703704 0.3314525462962963 0.051932870370370664 0.05267361111111111
4 0.8216550925925926 0.38883101851851853 0.06608796296296297 0.06590277777777782
4 0.7211400462962964 0.3476678240740741 0.09108796296296298 0.06719907407407408
2 0.7532986111111111 0.437650462962963 0.026990740740740905 0.05918981481481485
2 0.7512557870370371 0.3969039351851852 0.01743055555555557 0.0337037037037037
1 0.8663425925925926 0.37004629629629626 0.0315393518518519 0.04068287037037042
3 0.8615335648148148 0.49171875 0.025659722222222216 0.09035879629629626
3 0.9459201388888889 0.49453125 0.028518518518518478 0.05458333333333343
3 0.9233912037037036 0.4761689814814815 0.01935185185185162 0.08222222222222228
3 0.9517245370370372 0.4495023148148148 0.022083333333333142 0.029259259259259096
3 0.9120891203703703 0.7358391203703704 0.06787037037037039 0.09567129629629623
1 0.5242303240740741 0.34214699074074073 0.022025462962962906 0.021446759259259273