1 0.8922569444444445 0.38512152777777775 0.08930555555555557 0.06482638888888896
1 0.6811342592592593 0.3882465277777778 0.11012731481481489 0.08291666666666667
1 0.7863483796296297 0.5861805555555556 0.21230324074074075 0.160798611111111
1 0.8353645833333333 0.49795138888888885 0.15116898148148153 0.09878472222222215
1 0.3127256944444444 0.4953645833333333 0.2273726851851851 0.14274305555555564
1 0.6384375 0.47854166666666664 0.13917824074074084 0.11541666666666668
1 0.743287037037037 0.37374999999999997 0.03944444444444439 0.06729166666666675
2 0.5009027777777778 0.4306770833333333 0.044780092592592524 0.08937500000000007
2 0.454386574074074 0.3920659722222222 0.06458333333333321 0.07309027777777785
2 0.5524826388888888 0.4025694444444444 0.037835648148148236 0.06565972222222224
2 0.8782002314814814 0.3067361111111111 0.05166666666666657 0.05847222222222222
0 0.800144675925926 0.31255208333333334 0.11914351851851848 0.1238888888888889
2 0.9172627314814814 0.305 0.04670138888888893 0.04888888888888889
4 0.11244212962962963 0.36267361111111107 0.20980324074074072 0.28708333333333336
1 0.548287037037037 0.3401736111111111 0.06967592592592595 0.0343055555555555
1 0.6156365740740741 0.34265625 0.02951388888888893 0.04812499999999993
1 0.687488425925926 0.33868055555555554 0.0648032407407408 0.02784722222222218
3 0.970078125 0.47991319444444447 0.05984374999999993 0.0781944444444445
1 0.350625 0.42796874999999995 0.148587962962963 0.06434027777777782
2 0.942829861111111 0.27022569444444444 0.025555555555555286 0.019861111111111107
4 0.2605266203703704 0.31776041666666666 0.09182870370370377 0.044652777777777784
2 0.4236168981481481 0.5944791666666667 0.08459490740740741 0.16916666666666663
2 0.7175636574074075 0.32404513888888886 0.030474537037036953 0.027881944444444428
1 0.657986111111111 0.34625 0.04729166666666664 0.016145833333333304
2 0.638912037037037 0.3361458333333333 0.013148148148148131 0.022430555555555554
2 0.6566493055555556 0.3275347222222222 0.014571759259259309 0.017812499999999964
3 0.9622337962962962 0.42347222222222225 0.03687499999999986 0.08590277777777774
3 0.962175925925926 0.36871527777777774 0.030474537037036953 0.027881944444444428
1 0.9326909722222222 0.35046875 0.04591435185185198 0.022326388888888892
3 0.9065162037037038 0.3383333333333333 0.02105324074074062 0.025902777777777785
2 0.8673090277777777 0.3087847222222222 0.029282407407407264 0.04031249999999993
1 0.9100868055555555 0.2740277777777778 0.030474537037036953 0.027881944444444428
1 0.8911805555555556 0.29598958333333336 0.018159722222222285 0.03357638888888888
2 0.8833622685185185 0.2697395833333333 0.017696759259259308 0.017951388888888874
3 0.9518287037037038 0.653142361111111 0.05186342592592581 0.11777777777777772
3 0.7356307870370371 0.6697916666666666 0.06385416666666668 0.10114583333333335
3 0.6106886574074075 0.7301041666666667 0.0642129629629629 0.060590277777777854
1 0.5916550925925926 0.3781423611111111 0.037696759259259235 0.06097222222222225
4 0.5298263888888888 0.29796875 0.06177083333333329 0.03083333333333336
1 0.6844965277777778 0.31690972222222225 0.03644675925925931 0.01878472222222225