1 0.18941550925925926 0.3937731481481482 0.06689814814814814 0.05658564814814806
1 0.16085069444444444 0.5685706018518519 0.1638888888888889 0.12186342592592592
1 0.26024884259259257 0.42677662037037034 0.09146990740740737 0.07915509259259253
1 0.36421296296296296 0.39249421296296294 0.08753472222222217 0.06343750000000004
1 0.2967592592592593 0.36953125 0.06048611111111111 0.053275462962963
1 0.574837962962963 0.30200810185185184 0.06600694444444458 0.03939814814814815
1 0.22509259259259257 0.638431712962963 0.23439814814814816 0.18791666666666665
1 0.6470775462962963 0.3981539351851852 0.17178240740740733 0.12365740740740741
1 0.4291608796296297 0.4186516203703704 0.12385416666666664 0.10195601851851847
2 0.7193402777777778 0.5239409722222221 0.12709490740740748 0.1644560185185185
2 0.1039236111111111 0.4930324074074074 0.06251157407407408 0.0923379629629629
2 0.01218171296296296 0.3818634259259259 0.023252314814814816 0.02721064814814813
1 0.5076793981481481 0.4990104166666667 0.13927083333333332 0.15857638888888878
1 0.3956712962962963 0.5530324074074074 0.17289351851851845 0.17517361111111107
1 0.08962962962962963 0.40765046296296303 0.05843749999999999 0.04385416666666657
1 0.051973379629629626 0.3666435185185185 0.03747685185185186 0.030752314814814774
1 0.8823032407407407 0.2694965277777778 0.11614583333333357 0.07364583333333333
3 0.0226880787037037 0.7547685185185186 0.0453761574074074 0.19082175925925923
3 0.07618634259259258 0.7270891203703703 0.06423611111111112 0.09550925925925924
2 0.12037037037037038 0.3864583333333333 0.017407407407407406 0.03483796296296297
4 0.12469907407407406 0.3481076388888889 0.04601851851851855 0.045046296296296265
1 0.06776041666666667 0.4683622685185185 0.06606481481481483 0.0706018518518519
1 0.04142939814814815 0.4496412037037037 0.041087962962962965 0.04021990740740744
2 0.02692708333333333 0.4134085648148148 0.03648148148148148 0.04164351851851844
4 0.16113425925925925 0.35248842592592594 0.05251157407407407 0.04991898148148142
2 0.06358217592592592 0.3834606481481481 0.0185648148148148 0.02707175925925931
2 0.09535879629629629 0.3723784722222222 0.02020833333333334 0.028680555555555553
2 0.32245949074074076 0.47563657407407406 0.04822916666666668 0.0575925925925926
2 0.41975694444444445 0.43453125000000004 0.046076388888888965 0.07624999999999993
4 0.42733217592592593 0.2884375 0.1232870370370371 0.09101851851851847
0 0.24761574074074072 0.3093634259259259 0.0856481481481481 0.0571412037037037
2 0.6112268518518519 0.4577199074074074 0.07021990740740733 0.12064814814814806
1 0.5844733796296296 0.4772337962962963 0.06356481481481477 0.11265046296296291
3 0.3586689814814815 0.6648958333333332 0.08967592592592596 0.16490740740740756
3 0.024965277777777774 0.5767592592592592 0.04993055555555555 0.07064814814814824
3 0.015245949074074071 0.46612268518518524 0.030491898148148143 0.03231481481481495
3 0.02495949074074074 0.5265740740740741 0.03923611111111111 0.09476851851851861