1 0.13332175925925926 0.49831018518518516 0.2604861111111111 0.16537037037037033
1 0.7523206018518518 0.6739930555555556 0.20747685185185177 0.17784722222222218
1 0.5233796296296296 0.4448958333333334 0.10986111111111115 0.0721064814814815
1 0.3905034722222222 0.42843171296296295 0.07539351851851847 0.05756944444444443
1 0.12953125000000001 0.6191261574074074 0.2515625 0.2257523148148149
1 0.22030092592592593 0.4331828703703703 0.1788657407407408 0.11055555555555543
1 0.5622627314814814 0.5284143518518518 0.17435185185185187 0.13371527777777778
2 0.43298611111111107 0.47077546296296297 0.06456018518518505 0.0709837962962963
1 0.8197048611111111 0.5991145833333333 0.15232638888888914 0.11210648148148153
1 0.8622453703703703 0.43842592592592594 0.05974537037037031 0.05351851851851848
0 0.7136400462962962 0.4069733796296296 0.18388888888888885 0.15614583333333343
1 0.3457060185185185 0.49527777777777776 0.14297453703703705 0.11467592592592588
1 0.918148148148148 0.3948842592592593 0.037777777777778 0.039722222222222214
1 0.8956597222222221 0.41619791666666667 0.0455324074074074 0.03237268518518519
2 0.8346817129629631 0.4071180555555555 0.02994212962962948 0.03613425925925924
1 0.5645543981481481 0.41609953703703706 0.06744212962962948 0.03835648148148145
2 0.8163773148148149 0.46616319444444443 0.04888888888888872 0.06380787037037035
1 0.8041840277777779 0.40140624999999996 0.03311342592592581 0.04256944444444457
2 0.46326388888888886 0.44679976851851855 0.04714120370370374 0.038715277777777855
3 0.9624103009259258 0.5997743055555556 0.07517939814814838 0.08413194444444443
1 0.02506365740740741 0.3263425925925926 0.023854166666666666 0.05763888888888893
2 0.8604108796296297 0.4016145833333333 0.045509259259259235 0.02924768518518519
1 0.04862847222222222 0.4503414351851852 0.08033564814814816 0.09222222222222225
3 0.958292824074074 0.5432928240740741 0.05552083333333328 0.11574074074074066
3 0.869207175925926 0.5348900462962962 0.06019675925925938 0.11445601851851847
3 0.9237326388888889 0.5162557870370371 0.04750000000000014 0.08715277777777786
1 0.8782986111111111 0.4971643518518518 0.08030092592592589 0.08753472222222225
2 0.5975173611111111 0.43835648148148143 0.039560185185185226 0.06950231481481488
2 0.44605902777777773 0.6542824074074074 0.09966435185185177 0.17145833333333335
2 0.39239004629629626 0.5776967592592592 0.09328703703703703 0.15390046296296306
1 0.1726851851851852 0.3304050925925926 0.07369212962962961 0.03872685185185185
1 0.2891087962962963 0.3396469907407408 0.08152777777777782 0.042314814814814736
1 0.3688020833333333 0.345150462962963 0.06587962962962965 0.038263888888888875