1 0.3708622685185185 0.4299016203703704 0.09484953703703702 0.07733796296296305
1 0.17083333333333334 0.5879513888888889 0.16359953703703703 0.1235069444444445
1 0.22155671296296298 0.6559432870370371 0.20121527777777776 0.17094907407407406
1 0.7034432870370371 0.5192939814814814 0.22957175925925916 0.1788657407407408
1 0.9253472222222221 0.70078125 0.10752314814814809 0.16695601851851852
2 0.24091435185185187 0.4292476851851852 0.039409722222222235 0.05378472222222221
1 0.09528356481481481 0.5137905092592593 0.11805555555555554 0.1145717592592593
2 0.32384259259259257 0.4733101851851852 0.05271990740740744 0.07640046296296302
1 0.21493055555555554 0.39090856481481484 0.05625 0.04542824074074074
2 0.20052083333333331 0.4205902777777778 0.03443287037037042 0.04569444444444457
3 0.03233506944444444 0.5746064814814815 0.06467013888888888 0.0842245370370371
3 0.025173611111111105 0.48301504629629627 0.029108796296296303 0.07032407407407408
2 0.1324074074074074 0.3993287037037037 0.032928240740740744 0.0471643518518519
1 0.1346064814814815 0.36109375 0.040162037037037024 0.03200231481481479
4 0.5052662037037037 0.45822337962962967 0.1309606481481481 0.12624999999999992
3 0.10934606481481482 0.4512037037037038 0.03211805555555554 0.025289351851851903
2 0.1675636574074074 0.42255208333333333 0.037673611111111074 0.04900462962962955
3 0.2648148148148148 0.7140972222222223 0.07690972222222214 0.14019675925925928
3 0.04580439814814814 0.45448495370370373 0.02002314814814815 0.03548611111111111
1 0.03460648148148148 0.43701388888888887 0.06921296296296296 0.054722222222222075
1 0.04756944444444444 0.3856886574074074 0.04050925925925926 0.04137731481481488
1 0.13385416666666666 0.38140625000000006 0.04184027777777777 0.035219907407407366
1 0.16105324074074073 0.3869328703703704 0.04189814814814814 0.03678240740740737
1 0.284375 0.3973726851851852 0.06440972222222223 0.05526620370370372