1 0.790162037037037 0.430787037037037 0.16200231481481495 0.11672453703703703
1 0.43079282407407404 0.5041377314814814 0.15917824074074077 0.15248842592592596
1 0.7445949074074074 0.5276041666666667 0.24722222222222215 0.1962962962962962
2 0.3950694444444444 0.4111111111111111 0.07115740740740736 0.07905092592592596
1 0.8357060185185186 0.3043402777777778 0.08497685185185197 0.07488425925925926
1 0.2843460648148148 0.5313946759259259 0.1995601851851852 0.14930555555555552
0 0.09440393518518518 0.7934606481481481 0.18880787037037036 0.1474537037037038
1 0.6830555555555555 0.28582175925925923 0.07290509259259252 0.052604166666666695
1 0.28520254629629627 0.4697627314814815 0.19112268518518521 0.10688657407407405
1 0.042471064814814816 0.4414930555555555 0.08494212962962963 0.06898148148148149
2 0.4807002314814815 0.3837673611111111 0.09015046296296295 0.08443287037037042
3 0.6314814814814815 0.5887152777777779 0.10266203703703702 0.17534722222222215
3 0.9176273148148149 0.5289930555555555 0.08548611111111129 0.054629629629629584
3 0.8897569444444444 0.43489583333333337 0.07768518518518519 0.1447916666666668
3 0.9218113425925925 0.3580729166666667 0.06043981481481495 0.11296296296296297
1 0.7502083333333334 0.3441550925925926 0.1124305555555555 0.09305555555555553
1 0.8900520833333335 0.23370949074074074 0.058680555555555715 0.048958333333333395
2 0.1721296296296296 0.740625 0.14622685185185186 0.20347222222222214
1 0.13337962962962963 0.4052083333333333 0.06789351851851855 0.04618055555555554
1 0.2687962962962963 0.3651041666666667 0.0517824074074074 0.036226851851851906
1 0.40713541666666664 0.32879050925925923 0.06716435185185184 0.03211805555555554
2 0.3282407407407407 0.34652777777777777 0.020046296296296263 0.025694444444444464
4 0.5582754629629629 0.25613425925925926 0.0761111111111111 0.05428240740740744
1 0.7547743055555556 0.24105902777777777 0.049143518518518545 0.045486111111111074
1 0.7248842592592593 0.2460648148148148 0.0377199074074074 0.03570601851851851
2 0.5021296296296296 0.28628472222222223 0.01708333333333343 0.02870370370370372
1 0.536875 0.3380208333333333 0.06681712962962968 0.05549768518518512
2 0.5600810185185185 0.35665509259259254 0.03424768518518526 0.05896990740740744
2 0.8312962962962963 0.23900462962962962 0.03031250000000014 0.043229166666666693
1 0.8053298611111112 0.21345486111111112 0.0439699074074074 0.0359375
1 0.8629282407407407 0.2004050925925926 0.031226851851851832 0.030787037037037022
2 0.8536458333333332 0.21400462962962963 0.017245370370370237 0.03182870370370372
2 0.8107291666666667 0.22962962962962963 0.020289351851851833 0.030381944444444465
2 0.7741030092592592 0.24424189814814815 0.02373842592592599 0.03674768518518521
2 0.8365277777777778 0.19826388888888888 0.013796296296296261 0.025462962962962975
2 0.8240277777777777 0.19872685185185185 0.010428240740740691 0.020659722222222232
4 0.830011574074074 0.17355324074074074 0.05498842592592581 0.03790509259259256
2 0.8635243055555556 0.17387152777777776 0.011828703703703525 0.01759259259259256
2 0.7469270833333334 0.19690393518518517 0.011828703703703702 0.017592592592592604
4 0.6172916666666667 0.32100694444444444 0.13245370370370377 0.14837962962962958
2 0.6435011574074074 0.23660300925925926 0.011585648148148131 0.01290509259259256
1 0.7110011574074073 0.2130497685185185 0.030821759259259097 0.022974537037037022
2 0.44733217592592595 0.30546875 0.014953703703703702 0.017708333333333305
2 0.43993634259259257 0.3127604166666667 0.015196759259259274 0.022395833333333393
2 0.41908564814814814 0.3088541666666667 0.0180787037037037 0.017824074074074048
2 0.2542476851851852 0.375 0.021365740740740692 0.021064814814814793
2 0.17005787037037037 0.40462962962962956 0.021446759259259273 0.02262731481481488
2 0.024444444444444442 0.4458912037037036 0.028020833333333328 0.02910879629629619
3 0.8921469907407407 0.2835358796296296 0.02381944444444457 0.03831018518518521
3 0.9152083333333334 0.27488425925925924 0.019965277777777856 0.024131944444444463
3 0.8886516203703703 0.3359085648148148 0.040254629629629335 0.05451388888888893
3 0.9150752314814815 0.5782118055555555 0.06466435185185197 0.07413194444444446