1 0.9025057870370372 0.4487789351851852 0.19498842592592566 0.15881944444444435
1 0.7761921296296297 0.519537037037037 0.20721064814814802 0.15091435185185187
0 0.32670717592592596 0.41267939814814814 0.220011574074074 0.1875
1 0.30269675925925926 0.6706134259259259 0.23143518518518516 0.19752314814814814
1 0.7267881944444444 0.43794560185185183 0.11038194444444453 0.08598379629629634
1 0.22166666666666668 0.5949363425925925 0.16224537037037035 0.12488425925925917
1 0.5467534722222223 0.555787037037037 0.2213310185185186 0.18290509259259266
2 0.4517650462962964 0.45124421296296297 0.06506944444444436 0.08329861111111114
1 0.17206597222222225 0.4494675925925925 0.06886574074074074 0.06638888888888879
1 0.5601446759259259 0.4685706018518518 0.1584722222222222 0.11219907407407419
1 0.9721238425925925 0.6669618055555555 0.05575231481481495 0.1814699074074074
1 0.15861689814814814 0.4003819444444444 0.040844907407407406 0.03668981481481488
2 0.6695196759259259 0.47505208333333326 0.08799768518518522 0.10490740740740741
2 0.18796875000000002 0.41068865740740745 0.027673611111111107 0.053043981481481595
2 0.2057349537037037 0.40784722222222225 0.02710648148148147 0.04210648148148142
2 0.23738425925925927 0.4774826388888889 0.05240740740740737 0.07943287037037035
1 0.9556307870370372 0.5536284722222222 0.08873842592592567 0.145636574074074
1 0.22543981481481482 0.39733217592592596 0.033518518518518545 0.04560185185185191
1 0.12982060185185185 0.41581018518518514 0.055069444444444435 0.04064814814814817
2 0.9508449074074076 0.34296296296296297 0.036562500000000143 0.04422453703703706
1 0.7249305555555555 0.34203703703703703 0.08219907407407412 0.05315972222222225
2 0.09755787037037038 0.3944270833333333 0.04273148148148147 0.043032407407407366
1 0.5089409722222222 0.4273726851851851 0.07651620370370367 0.06372685185185176
2 0.21079282407407404 0.46032986111111107 0.03745370370370367 0.06141203703703688
3 0.14667245370370371 0.5305208333333333 0.06932870370370373 0.1053587962962963
2 0.1250752314814815 0.384375 0.0439699074074074 0.03687500000000003
3 0.07914351851851853 0.5950578703703704 0.08570601851851851 0.09075231481481474
2 0.5683796296296296 0.4020775462962963 0.03483796296296297 0.04100694444444457
3 0.07712962962962963 0.5411979166666667 0.04524305555555554 0.09146990740740737
3 0.10141203703703705 0.5138194444444444 0.037696759259259235 0.06609953703703705
3 0.05928819444444444 0.48250578703703706 0.03583333333333334 0.03016203703703706
1 0.4724884259259259 0.4002893518518518 0.051458333333333425 0.03108796296296301
1 0.5563715277777778 0.3507407407407407 0.04520833333333343 0.030717592592592526
2 0.7967476851851852 0.6305729166666667 0.1294675925925926 0.1836921296296296
2 0.8806481481481482 0.7165451388888889 0.16133101851851847 0.13729166666666667
1 0.14296296296296296 0.4890219907407408 0.08818287037037038 0.07843750000000008
1 0.08389467592592592 0.4613773148148148 0.05318287037037037 0.0343055555555555