1 0.12385416666666667 0.3140625 0.08268518518518517 0.06312499999999996
3 0.2174421296296296 0.62625 0.08172453703703705 0.13468750000000007
3 0.1306423611111111 0.63359375 0.08339120370370372 0.1067708333333334
3 0.027910879629629626 0.4419791666666667 0.05582175925925925 0.09416666666666665
3 0.13776620370370368 0.3310416666666667 0.03861111111111111 0.05395833333333329
3 0.04444444444444444 0.3590625 0.03497685185185184 0.07395833333333339
0 0.6390567129629631 0.5280729166666667 0.6109375 0.4611458333333333
4 0.3328472222222222 0.3375 0.12555555555555556 0.13916666666666674
4 0.7469386574074074 0.29432291666666666 0.2454629629629629 0.13937500000000008
0 0.9361805555555556 0.35333333333333333 0.09134259259259281 0.14000000000000004
0 0.4632291666666667 0.27041666666666664 0.09567129629629641 0.07333333333333333
0 0.17278935185185187 0.2111458333333333 0.044050925925925896 0.03875000000000002
1 0.19507523148148148 0.2618229166666667 0.04413194444444448 0.040312500000000015
0 0.22362268518518516 0.22177083333333333 0.03230324074074069 0.022395833333333302
1 0.1045949074074074 0.40020833333333333 0.10206018518518518 0.10645833333333332
1 0.3444328703703704 0.6395833333333334 0.19818287037037036 0.12843750000000007
1 0.13067708333333333 0.2575520833333333 0.04429398148148147 0.04343749999999993
2 0.2349247685185185 0.31911458333333337 0.03540509259259261 0.05218749999999996
2 0.2736631944444444 0.32276041666666666 0.030798611111111106 0.053437499999999985
2 0.2558738425925926 0.29046875 0.02241898148148147 0.04197916666666668
1 0.2727662037037037 0.27999999999999997 0.026539351851851835 0.03135416666666675
1 0.14585648148148148 0.47531249999999997 0.14678240740740742 0.128125
1 0.19809606481481482 0.54890625 0.18137731481481484 0.16468749999999996
2 0.20546875 0.30161458333333335 0.024143518518518547 0.045208333333333336
2 0.21803819444444442 0.28442708333333333 0.02686342592592599 0.03760416666666666