1 0.315625 0.3953125 0.059375 0.06875
1 0.234375 0.609375 0.19375 0.1390625
4 0.928125 0.5875 0.1390625 0.1453125
1 0.184375 0.525 0.1453125 0.09375
1 0.71875 0.4859375 0.175 0.1046875
1 0.3375 0.35 0.065625 0.0359375
4 0.2234375 0.3109375 0.04375 0.040625
1 0.80625 0.3546875 0.040625 0.028125
2 0.225 0.359375 0.01875 0.0421875
1 0.1234375 0.40625 0.075 0.059375
2 0.178125 0.34375 0.0203125 0.034375
4 0.3796875 0.421875 0.0640625 0.0953125
1 0.425 0.365625 0.046875 0.0421875
2 0.6484375 0.6359375 0.090625 0.153125
3 0.0203125 0.67578125 0.040625 0.1796875
3 0.08125 0.6703125 0.0703125 0.11875
1 0.1203125 0.3125 0.028125 0.0234375
1 0.4890625 0.6625 0.1875 0.234375
2 0.0984375 0.2984375 0.0296875 0.0375
4 0.2703125 0.325 0.053125 0.0546875
2 0.1234375 0.290625 0.028125 0.0203125
1 0.140625 0.35625 0.05625 0.0359375
2 0.1359375 0.434375 0.046875 0.0640625
2 0.1046875 0.328125 0.0171875 0.0296875
1 0.4671875 0.4796875 0.109375 0.1203125
1 0.921875 0.3546875 0.0921875 0.04375
3 0.0390625 0.5046875 0.053125 0.065625
3 0.0515625 0.4578125 0.028125 0.0796875
3 0.05 0.396875 0.0390625 0.04375
1 0.0734375 0.3484375 0.01875 0.034375
1 0.0890625 0.3828125 0.0328125 0.0265625
1 0.178125 0.3125 0.03125 0.03125
1 0.14375 0.325 0.034375 0.021875
2 0.1453125 0.3296875 0.015625 0.015625
2 0.2125 0.346875 0.0125 0.0421875
0 0.2203125 0.271875 0.046875 0.0390625
4 0.3625 0.2859375 0.0734375 0.0515625
1 0.4390625 0.3015625 0.028125 0.025
1 0.571875 0.33125 0.0359375 0.0171875
1 0.6359375 0.334375 0.034375 0.01875
2 0.771875 0.3453125 0.0140625 0.0203125
1 0.2765625 0.3796875 0.021875 0.046875
1 0.15625 0.3015625 0.021875 0.0203125
3 0.3203125 0.65 0.0625 0.1609375
1 0.38125 0.3671875 0.040625 0.0265625