1 0.5046875 0.70625 0.228125 0.15
2 0.478125 0.55625 0.065625 0.1046875
1 0.4984375 0.465625 0.1109375 0.09375
1 0.240625 0.359375 0.0640625 0.0640625
1 0.11875 0.4484375 0.096875 0.0875
1 0.4546875 0.384375 0.0796875 0.046875
0 0.4828125 0.3015625 0.1125 0.0640625
1 0.740625 0.5796875 0.1875 0.1515625
2 0.9078125 0.5671875 0.128125 0.125
1 0.3515625 0.3703125 0.075 0.0484375
2 0.3578125 0.4265625 0.0390625 0.0703125
2 0.203125 0.4 0.0390625 0.0671875
2 0.15625 0.36875 0.0296875 0.0546875
2 0.29375 0.371875 0.028125 0.0484375
1 0.240625 0.6125 0.2 0.1546875
1 0.184375 0.5265625 0.1484375 0.090625
3 0.0375 0.5 0.0546875 0.0734375
1 0.1546875 0.315625 0.04375 0.03125
4 0.29375 0.303125 0.115625 0.075
3 0.053125 0.4171875 0.0328125 0.071875
3 0.259375 0.678125 0.0796875 0.1671875
2 0.7109375 0.34375 0.021875 0.0296875
1 0.5703125 0.3296875 0.0390625 0.025
2 0.5296875 0.390625 0.034375 0.0546875
1 0.06875 0.378125 0.059375 0.046875
2 0.125 0.3546875 0.021875 0.040625
2 0.1875 0.3328125 0.0203125 0.0328125
4 0.2046875 0.3 0.0578125 0.059375
1 0.103125 0.3234375 0.0375 0.0234375
2 0.31875 0.3953125 0.025 0.0546875