1 0.1234375 0.4109375 0.084375 0.0578125
1 0.1828125 0.5234375 0.15 0.0875
1 0.240625 0.6078125 0.196875 0.1453125
1 0.6234375 0.4828125 0.1609375 0.10625
1 0.25625 0.378125 0.0515625 0.0390625
2 0.496875 0.396875 0.046875 0.0578125
1 0.3109375 0.3984375 0.1 0.0640625
2 0.425 0.4078125 0.034375 0.05625
0 0.20625 0.3296875 0.1015625 0.11875
2 0.8859375 0.575 0.09375 0.1296875
1 0.3265625 0.478125 0.1203125 0.1
0 0.85078125 0.38203125 0.2984375 0.2828125
1 0.421875 0.35625 0.0625 0.028125
2 0.4640625 0.4234375 0.040625 0.0796875
2 0.45625 0.378125 0.034375 0.0375
1 0.3609375 0.365625 0.0390625 0.021875
1 0.403125 0.39375 0.0671875 0.0421875
3 0.2390625 0.6921875 0.059375 0.09375
3 0.071875 0.6703125 0.0578125 0.109375
2 0.4828125 0.5421875 0.0546875 0.1296875
1 0.571875 0.43125 0.1109375 0.075
3 0.0359375 0.503125 0.0609375 0.06875
3 0.05 0.453125 0.0265625 0.0875
3 0.053125 0.39375 0.01875 0.028125
3 0.109375 0.3671875 0.0171875 0.025
2 0.08125 0.33125 0.0140625 0.0328125
2 0.1015625 0.3328125 0.0140625 0.0296875
2 0.13125 0.3265625 0.0125 0.0328125
2 0.340625 0.353125 0.0140625 0.021875
1 0.3015625 0.3515625 0.0515625 0.015625
3 0.396875 0.7515625 0.0390625 0.05625