3 0.065625 0.675 0.1140625 0.1140625
3 0.2671875 0.6609375 0.0953125 0.140625
3 0.0375 0.4984375 0.0515625 0.065625
3 0.0453125 0.4640625 0.0515625 0.0421875
3 0.0609375 0.4140625 0.0453125 0.0703125
3 0.0421875 0.3921875 0.01875 0.028125
1 0.075 0.384375 0.053125 0.0640625
3 0.0640625 0.3921875 0.021875 0.0453125
1 0.246875 0.6171875 0.1890625 0.13125
1 0.1796875 0.5375 0.1375 0.10625
2 0.4890625 0.5375 0.084375 0.1453125
2 0.4125 0.4828125 0.0828125 0.0984375
2 0.3796875 0.43125 0.0375 0.075
1 0.665625 0.4859375 0.1375 0.1140625
1 0.8015625 0.4625 0.153125 0.1375
1 0.4515625 0.4203125 0.0984375 0.0953125
1 0.0609375 0.3328125 0.034375 0.0453125
2 0.1890625 0.3875 0.034375 0.0796875
2 0.215625 0.36875 0.0328125 0.05625
1 0.265625 0.3328125 0.0484375 0.0609375
1 0.2296875 0.3421875 0.0375 0.040625
1 0.5015625 0.390625 0.065625 0.0609375
0 0.3625 0.33125 0.1125 0.0921875
2 0.1484375 0.3484375 0.0296875 0.040625
1 0.30625 0.415625 0.0734375 0.0859375
1 0.3046875 0.390625 0.1 0.0859375
4 0.1765625 0.31875 0.0609375 0.0640625
4 0.1109375 0.271875 0.0375 0.0515625
4 0.153125 0.275 0.0484375 0.0484375
2 0.0984375 0.3203125 0.021875 0.0359375
2 0.0859375 0.3078125 0.01875 0.028125
1 0.5765625 0.321875 0.040625 0.03125
1 0.6828125 0.3328125 0.053125 0.04375
1 0.9828125 0.353125 0.034375 0.0640625
1 0.9765625 0.5421875 0.0453125 0.1140625
1 0.96875 0.6765625 0.0609375 0.16875
1 0.2609375 0.284375 0.0453125 0.0234375