1 0.57578125 0.47837962962962965 0.16875 0.13968749999999996
1 0.63828125 0.36998842592592596 0.115625 0.0787268518518518
1 0.70703125 0.31122685185185184 0.0671875 0.06804398148148146
2 0.25078125 0.6117013888888889 0.0953125 0.1540856481481482
1 0.87109375 0.23900462962962962 0.0546875 0.042303240740740745
3 0.91953125 0.31191550925925926 0.0625 0.08964120370370372
1 0.86875 0.2110185185185185 0.0453125 0.02924768518518519
1 0.81484375 0.4384317129629629 0.1640625 0.11909722222222215
2 0.78203125 0.30287615740740736 0.04375 0.06665509259259253
0 0.8515625 0.18625578703703702 0.04375 0.038530092592592616
1 0.78671875 0.5299421296296296 0.2328125 0.19504629629629627
2 0.82890625 0.25634837962962964 0.01875 0.04329861111111111
3 0.75390625 0.5896990740740741 0.084375 0.13468750000000007
2 0.80703125 0.27405092592592595 0.0359375 0.04587962962962964
2 0.48984375 0.42800347222222224 0.0546875 0.08761574074074083
1 0.7359375 0.26342013888888893 0.0421875 0.025937500000000037
1 0.7390625 0.24917245370370372 0.0453125 0.03081018518518519
3 0.95703125 0.580787037037037 0.0859375 0.10196759259259255
2 0.79453125 0.25135416666666666 0.015625 0.030613425925925954
2 0.778125 0.2546701388888889 0.021875 0.035671296296296263
1 0.77734375 0.23909143518518522 0.0359375 0.034942129629629545
2 0.746875 0.2838657407407408 0.034375 0.04578703703703706
0 0.16328125 0.4543865740740741 0.3265625 0.2599768518518518
4 0.58125 0.3077430555555556 0.0953125 0.09939814814814821
0 0.60390625 0.243900462962963 0.053125 0.04064814814814817
2 0.8421875 0.2383738425925926 0.01875 0.033923611111111106
1 0.834375 0.21461805555555555 0.0203125 0.023078703703703685
1 0.8109375 0.24335069444444443 0.01875 0.033923611111111106
1 0.8078125 0.21619212962962964 0.01875 0.019861111111111107
1 0.82265625 0.20515625 0.021875 0.013796296296296261
1 0.88515625 0.1991087962962963 0.0171875 0.02758101851851853