1 0.33114583333333336 0.5250578703703704 0.23531250000000004 0.16302083333333323
1 0.7853645833333334 0.675144675925926 0.22406250000000014 0.18130787037037024
1 0.8477604166666668 0.6057581018518519 0.1703125 0.1232060185185185
2 0.6244791666666666 0.45954861111111106 0.05364583333333321 0.07991898148148131
1 0.60765625 0.4176215277777778 0.09760416666666671 0.061284722222222324
1 0.85546875 0.4291377314814815 0.05479166666666657 0.05034722222222214
1 0.09307291666666667 0.2972511574074074 0.0925 0.07824074074074075
2 0.8272395833333335 0.41484375 0.038750000000000284 0.04351851851851851
1 0.8213541666666666 0.49021990740740745 0.09833333333333343 0.09560185185185191
1 0.9031770833333332 0.41999421296296297 0.04906250000000014 0.03454861111111107
4 0.32286458333333334 0.30732060185185184 0.15270833333333336 0.0929398148148148
1 0.7261979166666667 0.4890335648148148 0.10749999999999993 0.09282407407407404
2 0.7891666666666668 0.41655092592592596 0.0484375 0.048553240740740834
3 0.9787239583333334 0.5109085648148148 0.04255208333333336 0.05
4 0.19385416666666666 0.31267361111111114 0.1046875 0.05063657407407405
4 0.06661458333333334 0.41472800925925923 0.09552083333333335 0.26383101851851853
2 0.58296875 0.479832175925926 0.056770833333333215 0.10341435185185191
2 0.64125 0.5006944444444444 0.05958333333333332 0.09884259259259257
2 0.5730729166666666 0.4015335648148148 0.028854166666666715 0.05873842592592595
2 0.7088020833333333 0.4385127314814815 0.028229166666666573 0.04936342592592595
2 0.6944270833333334 0.4216145833333334 0.030104166666666644 0.05410879629629619
2 0.66640625 0.398755787037037 0.026979166666666644 0.05399305555555554
1 0.7058854166666666 0.40645254629629635 0.054479166666666676 0.04565972222222214
1 0.7484375 0.436863425925926 0.06729166666666657 0.05081018518518512
1 0.9129687499999999 0.496730324074074 0.08781249999999971 0.07806712962962976
2 0.9003125000000001 0.5289930555555555 0.06197916666666643 0.08802083333333321
3 0.9768489583333334 0.6172453703703704 0.04630208333333315 0.07123842592592596
3 0.9806250000000001 0.56328125 0.03874999999999993 0.08744212962962958
2 0.9158333333333335 0.43449074074074073 0.025208333333333145 0.05081018518518512
2 0.8947395833333334 0.4337094907407407 0.019687499999999858 0.038136574074074045
1 0.9544270833333333 0.4405960648148148 0.038750000000000284 0.04351851851851851
1 0.9602604166666666 0.46964699074074073 0.04791666666666643 0.040740740740740654
3 0.9327604166666668 0.7819155092592592 0.061249999999999714 0.07708333333333339
3 0.9383854166666665 0.7377025462962963 0.06375000000000028 0.06782407407407405
3 0.5029166666666667 0.7636574074074074 0.09375 0.07361111111111107