1 0.23097222222222222 0.3836400462962963 0.13052083333333336 0.09093749999999998
2 0.7233680555555556 0.5361516203703703 0.0917361111111111 0.09660879629629626
1 0.20430555555555557 0.45116898148148155 0.16493055555555552 0.1273611111111112
1 0.2422048611111111 0.5485416666666667 0.23347222222222222 0.19395833333333332
1 0.34703125 0.30728587962962967 0.0628819444444444 0.044652777777777784
1 0.8195138888888888 0.6265798611111111 0.25451388888888893 0.17553240740740747
1 0.24965277777777778 0.27695601851851853 0.0645138888888889 0.046238425925925954
1 0.171875 0.31874421296296296 0.09069444444444441 0.07317129629629626
2 0.6040798611111111 0.4695833333333333 0.08562499999999992 0.09964120370370359
1 0.16286458333333334 0.20384259259259258 0.035972222222222204 0.03644675925925931
1 0.1971701388888889 0.20278935185185185 0.060243055555555536 0.05554398148148145
1 0.48095486111111113 0.4396527777777777 0.13402777777777786 0.13471064814814823
1 0.3863888888888889 0.3672048611111111 0.0984375 0.0717245370370371
2 0.42019097222222224 0.33725694444444443 0.04371527777777775 0.03499999999999996
1 0.11960069444444443 0.24926504629629628 0.05513888888888889 0.04609953703703704
2 0.1793576388888889 0.2587384259259259 0.031631944444444435 0.04418981481481481
1 0.2137673611111111 0.22489583333333335 0.03881944444444443 0.030243055555555554
1 0.9596875 0.4843634259259259 0.08062499999999986 0.07018518518518527
1 0.8667187500000001 0.4414641203703704 0.05635416666666657 0.03831018518518512
1 0.7832812499999999 0.4261747685185185 0.06545138888888893 0.032199074074074116
1 0.6598263888888889 0.37125578703703704 0.04847222222222225 0.03663194444444447
2 0.9011805555555554 0.46149305555555553 0.031145833333333428 0.03325231481481481
2 0.7069270833333333 0.3945949074074074 0.031006944444444427 0.030127314814814808
2 0.25338541666666664 0.3082407407407407 0.043194444444444445 0.0584143518518518
2 0.21427083333333333 0.2537905092592593 0.026805555555555572 0.0409953703703704
3 0.09029513888888889 0.4330844907407407 0.0859375 0.14180555555555543
3 0.06522569444444444 0.5716840277777777 0.08503472222222222 0.12149305555555542
3 0.17100694444444445 0.3694791666666667 0.052569444444444446 0.05855324074074071
3 0.0709201388888889 0.3836111111111111 0.041041666666666664 0.08024305555555547
3 0.1156597222222222 0.3186921296296296 0.023194444444444427 0.030011574074074066
3 0.12569444444444444 0.3688078703703704 0.03298611111111112 0.03952546296296298