4 0.13605902777777779 0.550138888888889 0.23211805555555554 0.20027777777777783
4 0.4223263888888889 0.335625 0.07489583333333324 0.0344444444444445
0 0.9272222222222222 0.31640625 0.05861111111111121 0.05437500000000002
0 0.7010590277777778 0.30279513888888887 0.051875000000000074 0.04329861111111111
0 0.8217881944444445 0.27972222222222226 0.04152777777777779 0.021215277777777784
2 0.9254166666666667 0.3460243055555555 0.02211805555555557 0.04107638888888889
1 0.8672916666666666 0.33770833333333333 0.03413194444444443 0.030416666666666713
2 0.8571180555555555 0.35465277777777776 0.018576388888888927 0.03163194444444439
1 0.8141319444444445 0.3357465277777778 0.024618055555555428 0.027083333333333393
1 0.3867881944444444 0.46673611111111113 0.09649305555555561 0.09892361111111114
1 0.8209375000000001 0.4186284722222222 0.11006944444444429 0.08829861111111122
2 0.7758680555555555 0.3528472222222222 0.01750000000000007 0.04253472222222223
2 0.7306597222222223 0.3541840277777778 0.02517361111111107 0.039583333333333304
2 0.4497222222222222 0.4252083333333333 0.0265625 0.07083333333333339
2 0.6422222222222222 0.4365104166666667 0.0531944444444445 0.07298611111111111
2 0.10680555555555556 0.6821701388888888 0.13197916666666668 0.19493055555555544
1 0.8972048611111111 0.46637152777777774 0.10465277777777793 0.10690972222222221
1 0.8414756944444445 0.5470833333333334 0.15621527777777758 0.10805555555555557
1 0.3741840277777778 0.6397222222222222 0.2530902777777778 0.1804513888888888
1 0.5376909722222222 0.45526041666666667 0.10694444444444447 0.08822916666666672
1 0.6997222222222221 0.43076388888888884 0.07059027777777764 0.0780555555555555
3 0.9767100694444444 0.5089583333333334 0.04657986111111114 0.084236111111111
3 0.9617361111111112 0.4256597222222222 0.048159722222222 0.06506944444444454
2 0.05494791666666667 0.37585069444444447 0.042013888888888885 0.03215277777777779
1 0.2074826388888889 0.36597222222222225 0.04329861111111111 0.025937500000000037
1 0.7841319444444445 0.6090277777777777 0.14638888888888885 0.1328125