1 0.471875 0.4203125 0.090625 0.078125
1 0.2296875 0.609375 0.225 0.1484375
4 0.9203125 0.3109375 0.159375 0.1421875
1 0.184375 0.525 0.1484375 0.0875
1 0.128125 0.4078125 0.075 0.0546875
1 0.2890625 0.365625 0.0703125 0.0453125
3 0.453125 0.659375 0.0625 0.128125
3 0.0390625 0.503125 0.0625 0.0640625
1 0.053125 0.3375 0.046875 0.0359375
2 0.0953125 0.33125 0.0203125 0.046875
2 0.171875 0.3078125 0.0375 0.0296875
0 0.90859375 0.6203125 0.1828125 0.315625
2 0.2890625 0.4171875 0.04375 0.0640625
2 0.228125 0.3671875 0.0328125 0.040625
1 0.59375 0.3359375 0.071875 0.0171875
2 0.36875 0.465625 0.05 0.090625
3 0.06875 0.4234375 0.0390625 0.0734375
2 0.25625 0.3359375 0.03125 0.0296875
1 0.790625 0.490625 0.11875 0.0984375
2 0.7140625 0.3484375 0.0265625 0.028125
1 0.815625 0.35625 0.05 0.04375
0 0.075 0.2828125 0.0515625 0.0421875