1 0.729826388888889 0.5407175925925926 0.2937384259259259 0.2115393518518518
1 0.2767650462962963 0.6581423611111111 0.229525462962963 0.19075231481481475
2 0.8148842592592592 0.4213310185185185 0.08347222222222221 0.08967592592592588
1 0.5823668981481481 0.4628993055555556 0.1416782407407407 0.1432291666666668
1 0.4562384259259259 0.4169560185185185 0.11474537037037039 0.09303240740740737
1 0.19969907407407406 0.5907407407407408 0.16030092592592596 0.1261805555555556
2 0.23646412037037035 0.385769675925926 0.028379629629629654 0.03458333333333332
1 0.08895833333333333 0.40717592592592594 0.040844907407407406 0.02998842592592581
1 0.18824074074074076 0.4150347222222222 0.05510416666666664 0.05665509259259256
1 0.40054976851851853 0.49315393518518513 0.14616898148148144 0.11670138888888885
2 0.3438368055555555 0.43107060185185186 0.05674768518518523 0.06760416666666665
2 0.935017361111111 0.5016956018518519 0.12112268518518547 0.1102662037037037
4 0.4847106481481481 0.35814814814814816 0.19355324074074076 0.18579861111111118
1 0.12190393518518519 0.4249016203703704 0.06130787037037035 0.05045138888888889
1 0.06861689814814816 0.40342013888888884 0.044016203703703696 0.036261574074073974
1 0.27174189814814814 0.4019155092592593 0.061273148148148146 0.045763888888888896
1 0.33043402777777775 0.4147627314814815 0.0927893518518518 0.08193287037037038
1 0.30205439814814816 0.38059606481481484 0.05337962962962965 0.034768518518518476
1 0.12394097222222222 0.38347800925925923 0.055034722222222235 0.04728009259259256
3 0.1311400462962963 0.511556712962963 0.07739583333333333 0.11306712962962955
1 0.2685648148148148 0.39490740740740743 0.05645833333333332 0.028541666666666642
1 0.24072916666666666 0.43417824074074074 0.09111111111111114 0.0662962962962963
1 0.09369791666666667 0.4141724537037037 0.05189814814814815 0.04569444444444439
1 0.3567997685185185 0.3880034722222222 0.07540509259259257 0.05524305555555555
1 0.19028935185185186 0.37517361111111114 0.04085648148148149 0.0315509259259259
2 0.9291840277777776 0.45251736111111107 0.1274537037037035 0.12125000000000004
0 0.9519849537037036 0.26093171296296297 0.0380671296296299 0.07684027777777783
3 0.05445023148148148 0.6004108796296297 0.08343750000000001 0.08498842592592588
3 0.13228587962962962 0.77171875 0.08353009259259259 0.09748842592592588
3 0.06028356481481482 0.5441145833333334 0.05553240740740741 0.11446759259259257
1 0.11847800925925926 0.4897743055555555 0.10218750000000001 0.08512731481481488
2 0.1454976851851852 0.4458217592592593 0.034791666666666644 0.056504629629629474