4 0.7681423611111111 0.30194444444444446 0.19996527777777792 0.10902777777777777
1 0.20975694444444443 0.46982638888888884 0.11760416666666665 0.08222222222222228
0 0.9203298611111113 0.3953298611111111 0.15934027777777757 0.26003472222222224
1 0.72375 0.4796875 0.23902777777777776 0.1801388888888889
1 0.21779513888888888 0.5980034722222222 0.19253472222222223 0.15256944444444437
1 0.28946180555555556 0.6651562500000001 0.2336805555555556 0.20031250000000006
1 0.36480902777777774 0.46390624999999996 0.12475694444444443 0.1026736111111111
1 0.49729166666666663 0.5472395833333333 0.21142361111111113 0.156111111111111
2 0.17072916666666668 0.3994965277777778 0.03468749999999998 0.042916666666666624
1 0.2614236111111111 0.4030729166666667 0.06947916666666672 0.0530555555555555
2 0.37015625 0.40861111111111115 0.03937499999999998 0.043020833333333286
2 0.4374479166666667 0.41244791666666664 0.043194444444444355 0.05871527777777778
2 0.9638368055555556 0.5399479166666666 0.07232638888888872 0.14579861111111114
1 0.12562500000000001 0.4031770833333333 0.04534722222222225 0.03690972222222229
1 0.17256944444444447 0.3706597222222222 0.045069444444444426 0.030659722222222286
1 0.14057291666666666 0.37072916666666667 0.03256944444444443 0.030381944444444465
3 0.3362673611111111 0.6997569444444445 0.14371527777777776 0.17802083333333343
3 0.13234375 0.7475173611111112 0.13899305555555555 0.14201388888888894
3 0.0703298611111111 0.5814583333333333 0.08711805555555556 0.09871527777777782
3 0.07758680555555555 0.4988888888888889 0.048993055555555554 0.08381944444444436
3 0.11857638888888888 0.4904340277777778 0.054166666666666696 0.0948611111111111
3 0.15817708333333333 0.48585069444444445 0.04750000000000001 0.08534722222222228
2 0.0854513888888889 0.4124305555555556 0.03006944444444446 0.04437499999999996
2 0.09144097222222222 0.38914930555555555 0.024965277777777774 0.03489583333333339
1 0.10878472222222224 0.37548611111111113 0.04038194444444443 0.030555555555555537
4 0.08899305555555556 0.3516319444444444 0.055347222222222214 0.051180555555555604
4 0.12755208333333334 0.32361111111111107 0.055347222222222214 0.051180555555555604
2 0.3231597222222222 0.38727430555555553 0.030277777777777803 0.04906249999999997
2 0.3030555555555556 0.4266319444444445 0.03701388888888886 0.060138888888888783
2 0.40812499999999996 0.4375520833333333 0.047083333333333324 0.07597222222222229
2 0.7990798611111112 0.5765798611111111 0.12836805555555558 0.1839236111111111