0 0.8403356481481481 0.7065625000000001 0.2791666666666668 0.25307870370370367
1 0.2070023148148148 0.6244097222222222 0.21759259259259256 0.1485185185185184
1 0.1685185185185185 0.5222222222222223 0.14936342592592594 0.07480324074074077
1 0.5549768518518519 0.48590277777777774 0.13107638888888892 0.08633101851851847
1 0.7195023148148147 0.4819097222222222 0.13234953703703703 0.07859953703703706
1 0.8219907407407406 0.546712962962963 0.15607638888888892 0.08762731481481474
1 0.29907407407407405 0.3787037037037037 0.05758101851851851 0.038854166666666676
1 0.478125 0.4052083333333333 0.0828125 0.04640046296296294
1 0.38252314814814814 0.40807870370370375 0.07488425925925926 0.04287037037037038
2 0.20462962962962963 0.39259259259259255 0.020833333333333304 0.057222222222222285
1 0.215162037037037 0.3618287037037037 0.04496527777777777 0.035081018518518546
1 0.2248263888888889 0.3545023148148148 0.04178240740740744 0.03335648148148147
1 0.36197916666666663 0.3710069444444445 0.05289351851851851 0.03861111111111111
1 0.11001157407407407 0.4111689814814815 0.0799189814814815 0.05248842592592595
1 0.0791087962962963 0.35790509259259257 0.04513888888888888 0.03976851851851855
1 0.2515625 0.43572916666666667 0.06828703703703702 0.07527777777777782
2 0.43240740740740746 0.49833333333333335 0.05046296296296297 0.09930555555555554
2 0.6273726851851851 0.6023726851851852 0.06128472222222214 0.13885416666666667
2 0.7023726851851851 0.5639930555555555 0.05902777777777786 0.1200231481481481
3 0.20972222222222223 0.7200462962962962 0.06875 0.12988425925925923
3 0.05376157407407407 0.7041319444444445 0.08043981481481481 0.15076388888888897
3 0.09288194444444445 0.4932523148148148 0.025694444444444464 0.062152777777777855
3 0.1328125 0.47184027777777776 0.034490740740740745 0.047013888888889
3 0.16927083333333331 0.45964120370370376 0.03304398148148149 0.05005787037037024
3 0.010648148148148146 0.4728472222222223 0.021296296296296292 0.1128009259259258
3 0.03628472222222222 0.4997106481481481 0.03634259259259258 0.097013888888889
2 0.1277199074074074 0.3557291666666667 0.01712962962962967 0.04143518518518512
2 0.15260416666666665 0.36015046296296294 0.013946759259259256 0.039710648148148134
2 0.3260416666666667 0.41141203703703705 0.023958333333333394 0.057384259259259274
2 0.3935763888888889 0.44778935185185187 0.03715277777777777 0.07678240740740741
2 0.47725694444444444 0.4286458333333333 0.029166666666666785 0.07168981481481485
2 0.5273726851851851 0.42811342592592594 0.026446759259259166 0.04035879629629626
2 0.9363425925925928 0.4180092592592593 0.03599537037037024 0.0455324074074074
0 0.7504050925925926 0.36609953703703707 0.20202546296296298 0.06505787037037045
0 0.2954861111111111 0.30650462962962965 0.06192129629629628 0.02972222222222225
0 0.24282407407407405 0.29125 0.03692129629629637 0.0284259259259259
0 0.09114583333333333 0.28651620370370373 0.05804398148148149 0.05135416666666668
4 0.15653935185185186 0.29616898148148146 0.06516203703703702 0.03300925925925924
4 0.19924768518518515 0.2842939814814815 0.02893518518518521 0.02333333333333325
1 0.06371527777777777 0.39311342592592596 0.06064814814814814 0.03745370370370367
1 0.18362268518518518 0.36802083333333335 0.045486111111111116 0.049143518518518545
1 0.4005208333333333 0.3870949074074074 0.0546875 0.0449421296296296
1 0.18981481481481483 0.3276388888888889 0.030497685185185162 0.023414351851851832
1 0.4956018518518518 0.3560185185185185 0.042881944444444466 0.020937499999999963
1 0.46024305555555556 0.3385300925925926 0.03993055555555554 0.025462962962962975
1 0.07436342592592593 0.3169560185185185 0.03373842592592591 0.02670138888888891
2 0.10578703703703703 0.3138888888888889 0.013425925925925952 0.025648148148148132