2 0.3561400462962963 0.4956365740740741 0.11412037037037041 0.13596064814814818
1 0.10733796296296297 0.39 0.15611111111111114 0.10756944444444443
1 0.8413425925925926 0.6160763888888889 0.16815972222222228 0.12664351851851857
1 0.7781192129629629 0.43093171296296295 0.07567129629629629 0.06619212962962955
1 0.10157407407407408 0.4506597222222222 0.15740740740740744 0.12944444444444442
1 0.6646006944444445 0.5156944444444445 0.1372800925925926 0.13196759259259244
1 0.7750578703703704 0.6819618055555555 0.23417824074074076 0.1878703703703703
1 0.4846585648148148 0.4534317129629629 0.15491898148148148 0.1137731481481481
1 0.7942766203703704 0.4930208333333333 0.10592592592592602 0.10296296296296284
4 0.14247685185185185 0.2459837962962963 0.1880208333333333 0.14594907407407404
1 0.8690219907407407 0.43830439814814814 0.06096064814814817 0.05483796296296291
2 0.9005439814814814 0.5359432870370371 0.06694444444444443 0.07685185185185191
4 0.6242476851851851 0.40063657407407405 0.11622685185185197 0.11886574074074083
1 0.9443055555555556 0.4584722222222222 0.0683101851851852 0.04725694444444439
0 0.5322106481481482 0.3214814814814815 0.174039351851852 0.12057870370370374
2 0.8310185185185185 0.4418576388888889 0.033472222222222216 0.038425925925925954
1 0.91859375 0.5115219907407408 0.11225694444444442 0.0781944444444445
1 0.417037037037037 0.40463541666666664 0.11924768518518522 0.09087962962962966
2 0.7267013888888889 0.4450057870370371 0.04111111111111114 0.06204861111111111
2 0.6972453703703704 0.44803240740740746 0.03880787037037035 0.04950231481481495
2 0.1579861111111111 0.6129861111111111 0.16240740740740742 0.21381944444444442
2 0.9671296296296296 0.422494212962963 0.018576388888888927 0.02394675925925931
1 0.9199363425925926 0.4288946759259259 0.036967592592592524 0.04476851851851862
1 0.9441550925925926 0.4296122685185185 0.025289351851851903 0.03194444444444446
1 0.9574652777777779 0.49629629629629635 0.05856481481481453 0.04072916666666657
3 0.9859490740740741 0.5214641203703703 0.028101851851851833 0.03700231481481495
3 0.9772164351851853 0.5795486111111111 0.044340277777777715 0.09021990740740744
3 0.9727343749999999 0.6358680555555555 0.05453125000000014 0.07864583333333322
3 0.919994212962963 0.7720428240740741 0.07449074074074069 0.09891203703703688
3 0.9757899305555554 0.7607291666666667 0.048420138888889144 0.12211805555555558
3 0.6233796296296296 0.7281597222222222 0.11542824074074076 0.18435185185185182
1 0.2947048611111111 0.3011863425925926 0.04284722222222222 0.038703703703703685
2 0.40348958333333335 0.32078703703703704 0.02648148148148142 0.025740740740740797
1 0.233443287037037 0.29391203703703705 0.06353009259259253 0.04555555555555557
2 0.24332754629629633 0.30278356481481483 0.03429398148148142 0.025972222222222195