1 0.37345486111111115 0.5747395833333334 0.20704861111111103 0.14972222222222237
1 0.5558622685185185 0.38763888888888887 0.1189699074074074 0.0853472222222222
1 0.8807175925925925 0.3792534722222222 0.120451388888889 0.11034722222222229
1 0.8125520833333333 0.5587500000000001 0.24714120370370374 0.19430555555555565
1 0.8350752314814816 0.46484375 0.17109953703703695 0.1223958333333334
2 0.5515567129629629 0.5256423611111111 0.08837962962962961 0.12211805555555558
1 0.7526215277777778 0.33739583333333334 0.07907407407407412 0.07041666666666666
2 0.6343171296296296 0.5134375 0.08819444444444428 0.11899305555555557
2 0.6147048611111112 0.4326388888888889 0.06106481481481474 0.08249999999999993
1 0.8049479166666668 0.29876736111111113 0.06123842592592581 0.059097222222222176
2 0.5399826388888889 0.43565972222222216 0.05756944444444443 0.07618055555555543
2 0.48906828703703703 0.4454513888888889 0.06565972222222224 0.08104166666666668
1 0.1915162037037037 0.5722569444444444 0.19049768518518517 0.13374999999999987
2 0.6778587962962963 0.35289930555555554 0.039270833333333324 0.057048611111111126
4 0.6565277777777778 0.33526041666666667 0.08284722222222207 0.08142361111111107
2 0.6695891203703704 0.35817708333333337 0.05949074074074083 0.05593749999999993
1 0.8454745370370371 0.28484375 0.05755787037037052 0.04965277777777786
2 0.8914641203703703 0.2577777777777778 0.027037037037037238 0.034930555555555555
1 0.8627372685185186 0.24699652777777778 0.05231481481481452 0.040173611111111104
1 0.7980787037037037 0.24868055555555557 0.04219907407407408 0.027465277777777786
3 0.9672656249999999 0.4171875 0.06546875000000014 0.07659722222222225
1 0.04212962962962963 0.5002777777777778 0.027592592592592592 0.04430555555555564
2 0.6102141203703704 0.35685763888888894 0.04046296296296283 0.050833333333333286
1 0.583599537037037 0.34222222222222226 0.058101851851851904 0.03249999999999993
3 0.8139641203703704 0.6352430555555555 0.11865740740740734 0.2117361111111112
2 0.3547164351851852 0.7061805555555556 0.14217592592592593 0.1872916666666667
3 0.9381886574074073 0.3352777777777778 0.048657407407407406 0.08378472222222219
4 0.49383680555555554 0.31526041666666665 0.09810185185185176 0.0755208333333334
1 0.3139988425925926 0.38772569444444444 0.07667824074074074 0.0563194444444445
1 0.7725810185185186 0.2660590277777778 0.05075231481481488 0.040138888888888856
4 0.7620949074074075 0.24710069444444444 0.04312499999999986 0.04309027777777778
1 0.8993402777777778 0.29852430555555554 0.06133101851851848 0.06065972222222218
2 0.10240740740740742 0.46416666666666667 0.06574074074074074 0.056076388888888926
1 0.8584085648148146 0.22661458333333334 0.027673611111111284 0.019340277777777803
1 0.8412615740740741 0.21375000000000002 0.024918981481481594 0.025520833333333392
0 0.8242476851851851 0.18996527777777777 0.03788194444444457 0.033611111111111126
0 0.6715682870370371 0.25991319444444444 0.037696759259259235 0.030486111111111037
2 0.8375983796296296 0.24409722222222224 0.020601851851851906 0.03166666666666664
2 0.8725578703703704 0.21522569444444445 0.01692129629629626 0.022222222222222233
1 0.7341782407407408 0.30265624999999996 0.044780092592592524 0.04468750000000003