1 0.7327719907407407 0.47824074074074074 0.23238425925925926 0.1702546296296296
0 0.7289409722222222 0.2575520833333333 0.20847222222222223 0.10445601851851852
1 0.26276620370370374 0.36626157407407406 0.05505787037037031 0.054050925925925954
1 0.2484375 0.6140625 0.2184375 0.18483796296296298
1 0.11360532407407406 0.47491319444444446 0.10849537037037038 0.10017361111111107
0 0.49692129629629633 0.2731770833333333 0.11609953703703688 0.07262731481481488
1 0.3619791666666667 0.359693287037037 0.08791666666666664 0.06273148148148149
2 0.45451388888888894 0.5168113425925925 0.06656249999999986 0.13142361111111106
2 0.34219328703703705 0.3955150462962963 0.05353009259259256 0.05862268518518521
2 0.27498842592592593 0.4028356481481481 0.050381944444444396 0.05526620370370381
1 0.1865335648148148 0.5382233796296296 0.1429050925925926 0.10740740740740726
2 0.4508912037037037 0.37340856481481477 0.053460648148148236 0.04924768518518512
1 0.1776273148148148 0.3702256944444445 0.0817708333333333 0.0763310185185185
1 0.5313541666666667 0.36822916666666666 0.08166666666666664 0.062268518518518515
1 0.8428587962962963 0.3740451388888889 0.2071180555555557 0.13246527777777778
4 0.14453125 0.30552662037037037 0.12075231481481481 0.06828703703703702
2 0.40858796296296296 0.3921585648148148 0.04569444444444439 0.054918981481481485
3 0.03964699074074074 0.5506655092592593 0.06135416666666667 0.06076388888888893
1 0.6030671296296296 0.27936921296296297 0.06268518518518533 0.029629629629629582
1 0.4637210648148148 0.4333622685185185 0.1476157407407408 0.11087962962962958
0 0.3805208333333333 0.2810185185185185 0.08940972222222224 0.053472222222222233
1 0.9712500000000001 0.4340277777777778 0.050856481481481454 0.11932870370370363
2 0.6012731481481481 0.4161458333333333 0.049108796296296296 0.09421296296296297
2 0.5780729166666667 0.3858506944444445 0.042708333333333216 0.0734375
4 0.2781886574074074 0.28703703703703703 0.06751157407407407 0.0487268518518519
2 0.30583333333333335 0.34979745370370374 0.025358796296296227 0.050289351851851904
2 0.11599537037037037 0.3630787037037037 0.020636574074074064 0.04525462962962958
2 0.1409664351851852 0.3651331018518518 0.019062499999999982 0.04357638888888893
1 0.16686921296296298 0.34681712962962963 0.03773148148148149 0.03402777777777777
2 0.2175983796296296 0.35008680555555555 0.019039351851851904 0.040451388888888926
2 0.1973900462962963 0.33752893518518523 0.020509259259259238 0.028067129629629584
3 0.09850694444444444 0.4049768518518519 0.023796296296296295 0.05017361111111107
3 0.0388599537037037 0.44609375 0.022337962962962966 0.06412037037037041
3 0.021099537037037035 0.4192997685185185 0.014247685185185188 0.02604166666666661
3 0.27304398148148146 0.665335648148148 0.06035879629629628 0.1372106481481481