1 0.790625 0.5703125 0.15 0.1515625
3 0.0421875 0.5109375 0.046875 0.0703125
1 0.115625 0.4484375 0.0953125 0.08125
1 0.190625 0.3890625 0.0671875 0.0609375
3 0.1703125 0.665625 0.0546875 0.121875
3 0.0484375 0.4171875 0.028125 0.0703125
1 0.246875 0.6125 0.1734375 0.1421875
1 0.1859375 0.5359375 0.1625 0.125
1 0.4890625 0.5546875 0.1796875 0.1421875
2 0.234375 0.40625 0.034375 0.05625
2 0.259375 0.3921875 0.025 0.05
2 0.3015625 0.3984375 0.0234375 0.0515625
1 0.328125 0.3875 0.06875 0.046875
1 0.1625 0.35625 0.0453125 0.04375
1 0.20625 0.3171875 0.0390625 0.028125
2 0.8453125 0.4796875 0.053125 0.096875
1 0.884375 0.3734375 0.0890625 0.0328125
2 0.6046875 0.4640625 0.0390625 0.0875
2 0.784375 0.46875 0.0375 0.0390625
2 0.4125 0.4609375 0.034375 0.0859375
0 0.453125 0.30625 0.1046875 0.0578125
1 0.38125 0.36875 0.0640625 0.0421875
1 0.0671875 0.3765625 0.065625 0.034375
4 0.9671875 0.35625 0.065625 0.0921875
4 0.146875 0.2953125 0.06875 0.065625
1 0.4109375 0.428125 0.0796875 0.0734375