1 0.2716145833333333 0.62578125 0.2028935185185185 0.1625
2 0.25708912037037035 0.40234375 0.0380208333333333 0.05625
1 0.9054976851851851 0.4796875 0.18900462962962977 0.196875
2 0.6182002314814815 0.40703125 0.06359953703703702 0.071875
4 0.5114004629629629 0.3921875 0.11666666666666661 0.1125
2 0.7236400462962964 0.46953125 0.08200231481481488 0.1046875
1 0.21009837962962963 0.546875 0.15225694444444446 0.103125
0 0.23061342592592596 0.34140625 0.13668981481481488 0.1046875
2 0.724826388888889 0.43828125 0.07239583333333321 0.0984375
1 0.33009259259259255 0.390625 0.08721064814814809 0.0765625
2 0.3346354166666667 0.4078125 0.06001157407407405 0.059375
2 0.10162037037037037 0.3390625 0.01822916666666665 0.028125
1 0.6012442129629629 0.49765625 0.17899305555555553 0.1078125
4 0.12769097222222223 0.3046875 0.05642361111111107 0.046875
3 0.06351273148148148 0.53359375 0.0792824074074074 0.115625
3 0.0738425925925926 0.475 0.05625 0.1265625
1 0.45842013888888894 0.43828125 0.10046296296296298 0.096875
2 0.2260416666666667 0.38671875 0.032754629629629585 0.040625
2 0.08544560185185186 0.3453125 0.021759259259259256 0.0390625
3 0.1359375 0.4640625 0.05370370370370372 0.1
2 0.35260416666666666 0.47109375 0.0640625 0.084375
1 0.961111111111111 0.34453125 0.07777777777777786 0.0375
1 0.975925925925926 0.3140625 0.04814814814814809 0.021875
3 0.11409143518518519 0.71796875 0.07505787037037037 0.0859375
1 0.1326099537037037 0.4375 0.09351851851851851 0.078125
1 0.14615162037037038 0.3390625 0.046817129629629625 0.040625
2 0.19097222222222224 0.41015625 0.03836805555555554 0.065625
1 0.4142361111111111 0.40546875 0.08217592592592596 0.0671875
2 0.5842592592592593 0.39765625 0.041608796296296366 0.06875
1 0.8269097222222221 0.32578125 0.056018518518518336 0.0359375
2 0.5386574074074074 0.60078125 0.08611111111111107 0.1734375