1 0.8983969907407406 0.5394965277777779 0.19635416666666644 0.14207175925925916
1 0.784074074074074 0.7847569444444444 0.350775462962963 0.10728009259259252
1 0.13285300925925927 0.3119386574074074 0.05820601851851852 0.05355324074074073
1 0.21688657407407405 0.5696064814814814 0.18694444444444444 0.13731481481481483
1 0.1783796296296296 0.49431712962962965 0.15234953703703705 0.1073726851851852
3 0.23748842592592592 0.6361689814814815 0.07145833333333336 0.1552083333333334
1 0.45958333333333334 0.3971759259259259 0.06453703703703706 0.06453703703703706
4 0.6459085648148148 0.34620949074074076 0.13487268518518505 0.06818287037037037
0 0.9580150462962962 0.40164930555555556 0.07899305555555572 0.1177662037037038
2 0.30277777777777776 0.3655439814814815 0.03951388888888889 0.06122685185185191
1 0.48739583333333336 0.43957175925925923 0.11939814814814813 0.08837962962962961
1 0.39399884259259255 0.3912210648148148 0.09582175925925922 0.06945601851851846
2 0.24355324074074075 0.3447916666666667 0.041006944444444395 0.051863425925925986
1 0.16597800925925926 0.269994212962963 0.04712962962962965 0.03472222222222223
1 0.296869212962963 0.3194039351851852 0.053449074074074066 0.04414351851851848
3 0.04211226851851852 0.43236689814814816 0.06466435185185185 0.08172453703703705
1 0.07795138888888889 0.34043981481481483 0.07082175925925926 0.06927083333333339
1 0.23375578703703703 0.2962789351851852 0.04555555555555557 0.03314814814814815
2 0.514380787037037 0.5936863425925927 0.09638888888888886 0.14601851851851855
0 0.7365104166666667 0.35000578703703705 0.07062500000000008 0.042708333333333307
3 0.058998842592592596 0.3676446759259259 0.02862268518518518 0.06739583333333332
3 0.07320023148148148 0.3489988425925926 0.023842592592592582 0.05486111111111107
2 0.20763310185185188 0.34218171296296296 0.03478009259259256 0.05494212962962965
3 0.053043981481481484 0.6441782407407407 0.06319444444444444 0.09421296296296297