0 0.5194618055555555 0.3 0.16604166666666664 0.0984375
0 0.25486689814814817 0.5609375 0.4724652777777778 0.403125
1 0.5064872685185186 0.38125 0.10380787037037038 0.0734375
1 0.9140567129629631 0.48203125 0.10380787037037038 0.0734375
3 0.9154571759259259 0.7953125 0.11494212962962962 0.1375
1 0.7847395833333334 0.63984375 0.2712037037037035 0.228125
3 0.7738715277777779 0.76171875 0.09519675925925916 0.1484375
2 0.4289467592592593 0.42265625 0.06318287037037038 0.0734375
1 0.513917824074074 0.44921875 0.10289351851851851 0.0859375
4 0.8574131944444445 0.35390625 0.07322916666666686 0.05625
3 0.9745341435185185 0.5703125 0.05093171296296291 0.121875
2 0.3610821759259259 0.39453125 0.05480324074074074 0.0625
0 0.7449768518518518 0.325 0.056956018518518545 0.04375
1 0.8332928240740742 0.596875 0.185659722222222 0.1453125
1 0.23993634259259258 0.40859375 0.11961805555555553 0.046875
2 0.8913946759259259 0.43671875 0.031631944444444574 0.0375
2 0.854849537037037 0.425 0.03195601851851855 0.04375
1 0.8184201388888889 0.3703125 0.04537037037037024 0.03125
1 0.3379976851851852 0.3109375 0.08015046296296298 0.0390625
2 0.7785995370370371 0.44609375 0.04542824074074083 0.0625
2 0.7337037037037037 0.4390625 0.04065972222222225 0.0609375
1 0.7441493055555556 0.384375 0.046932870370370236 0.03125
2 0.26993055555555556 0.384375 0.05291666666666668 0.05625
2 0.7131539351851852 0.4796875 0.05396990740740737 0.0765625
2 0.6916261574074074 0.45625 0.04788194444444436 0.0796875
2 0.6426736111111111 0.43125 0.04863425925925924 0.0640625
2 0.6171180555555555 0.40546875 0.041736111111111106 0.0515625
2 0.6821238425925926 0.40859375 0.03548611111111111 0.0515625
2 0.5410995370370371 0.5515625 0.08740740740740734 0.11875
1 0.13381944444444444 0.290625 0.08424768518518518 0.0578125
3 0.8836342592592594 0.528125 0.03548611111111129 0.0515625
3 0.8459432870370371 0.509375 0.038935185185184906 0.0578125
2 0.9415914351851852 0.3953125 0.031226851851851832 0.0296875
1 0.9141377314814815 0.378125 0.031307870370370236 0.03125