1 0.27630208333333334 0.6524826388888889 0.2364583333333333 0.18791666666666665
3 0.8809027777777778 0.6425 0.13674768518518549 0.19350694444444444
1 0.24939236111111113 0.43175347222222227 0.07141203703703702 0.07340277777777775
1 0.2497395833333333 0.37789930555555556 0.05642361111111107 0.04809027777777786
1 0.2169560185185185 0.5887152777777779 0.17997685185185192 0.1382638888888888
0 0.5849826388888889 0.5352256944444445 0.4679398148148149 0.3679166666666667
2 0.0972800925925926 0.39246527777777773 0.02320601851851851 0.03642361111111114
2 0.13414351851851852 0.39718749999999997 0.02170138888888893 0.037951388888888896
1 0.1521701388888889 0.37807291666666665 0.04317129629629628 0.027500000000000035
2 0.8741030092592592 0.6485937500000001 0.14508101851851835 0.2077430555555555
1 0.34855324074074073 0.4534722222222222 0.06255787037037042 0.08725694444444443
1 0.35020254629629627 0.39262152777777776 0.06284722222222214 0.05291666666666668
1 0.09447337962962964 0.37991319444444444 0.04166666666666667 0.029027777777777784
4 0.11307870370370372 0.3553472222222222 0.027430555555555534 0.024027777777777804
2 0.17349537037037038 0.4058680555555556 0.02835648148148149 0.04902777777777771
2 0.19739583333333333 0.3978125 0.018576388888888885 0.03788194444444439
1 0.18330439814814814 0.3756423611111111 0.046238425925925954 0.026006944444444357
1 0.21970486111111112 0.36786458333333333 0.03848379629629628 0.027395833333333286
4 0.13894675925925926 0.3582638888888889 0.038425925925925954 0.025833333333333285
1 0.300462962962963 0.3774652777777778 0.0528356481481481 0.035520833333333356
3 0.06316550925925926 0.56734375 0.08755787037037037 0.08781250000000007
1 0.12728587962962962 0.5071006944444445 0.10202546296296297 0.09906250000000014
3 0.08654513888888889 0.5241493055555555 0.001678240740740744 0.003159722222222072
3 0.05205439814814815 0.47810763888888885 0.06128472222222221 0.09503472222222217
4 0.8515046296296298 0.27027777777777773 0.26834490740740763 0.16364583333333335
4 0.9450810185185186 0.4224479166666667 0.10983796296296297 0.2401736111111111