1 0.5609375 0.5265625 0.184375 0.115625
1 0.184375 0.5234375 0.146875 0.090625
1 0.2203125 0.3765625 0.0734375 0.0390625
1 0.23125 0.6109375 0.228125 0.15
1 0.421875 0.39375 0.0875 0.059375
4 0.45625 0.3328125 0.128125 0.0796875
4 0.91875 0.4375 0.159375 0.246875
1 0.48125 0.43125 0.096875 0.075
1 0.9546875 0.6703125 0.0796875 0.2125
2 0.6546875 0.4765625 0.0703125 0.0859375
1 0.3375 0.4375 0.1046875 0.0703125
3 0.0796875 0.6921875 0.0625 0.0828125
1 0.134375 0.4078125 0.0859375 0.065625
2 0.14375 0.359375 0.0296875 0.0390625
3 0.128125 0.4359375 0.034375 0.0671875
1 0.1953125 0.3109375 0.0484375 0.025
1 0.2640625 0.3578125 0.05625 0.0203125
3 0.0375 0.5046875 0.0578125 0.0625
3 0.4921875 0.765625 0.0640625 0.0296875
1 0.1890625 0.346875 0.0453125 0.0359375
3 0.0734375 0.41875 0.03125 0.071875
1 0.1953125 0.31875 0.046875 0.0203125
4 0.1359375 0.30625 0.046875 0.0375
2 0.665625 0.4296875 0.0546875 0.0421875
1 0.3515625 0.353125 0.0671875 0.034375
2 0.3234375 0.378125 0.0640625 0.034375
1 0.7453125 0.35 0.0734375 0.05
1 0.2984375 0.3375 0.0421875 0.0234375
1 0.5375 0.4171875 0.0703125 0.06875