1 0.2296875 0.609375 0.228125 0.153125
1 0.40625 0.44375 0.0984375 0.0671875
1 0.315625 0.4796875 0.0984375 0.109375
1 0.475 0.4078125 0.0890625 0.0703125
2 0.8125 0.5 0.0734375 0.0875
1 0.4703125 0.5203125 0.159375 0.10625
2 0.6640625 0.4703125 0.0640625 0.084375
1 0.928125 0.359375 0.1125 0.046875
1 0.9484375 0.5765625 0.0921875 0.1453125
1 0.315625 0.3390625 0.0453125 0.025
2 0.7046875 0.51875 0.065625 0.1109375
1 0.13125 0.353125 0.0640625 0.040625
1 0.1875 0.5328125 0.159375 0.103125
2 0.2609375 0.3921875 0.0359375 0.059375
2 0.565625 0.4125 0.05 0.0578125
2 0.321875 0.3890625 0.05 0.0640625
1 0.1265625 0.40625 0.0734375 0.05
3 0.084375 0.6453125 0.04375 0.0390625
2 0.1375 0.4328125 0.0484375 0.0671875
3 0.078125 0.696875 0.0765625 0.090625
1 0.1265625 0.3234375 0.0578125 0.025
1 0.2 0.3109375 0.0421875 0.0125
1 0.175 0.303125 0.0375 0.021875
1 0.2359375 0.378125 0.065625 0.053125
2 0.3078125 0.3859375 0.040625 0.059375
1 0.2609375 0.3265625 0.0515625 0.0203125
3 0.4375 0.753125 0.075 0.0546875
1 0.74375 0.3515625 0.0546875 0.05
1 0.81875 0.35 0.0515625 0.05625
4 0.3953125 0.2953125 0.115625 0.0546875