1 0.234375 0.5875 0.1859375 0.1109375
1 0.2453125 0.3703125 0.06875 0.0375
1 0.5546875 0.4078125 0.1140625 0.065625
1 0.18125 0.5265625 0.1453125 0.0953125
1 0.1875 0.3171875 0.046875 0.0265625
1 0.5796875 0.50625 0.13125 0.1296875
1 0.865625 0.471875 0.196875 0.1296875
1 0.4078125 0.4828125 0.140625 0.125
1 0.1171875 0.45 0.103125 0.090625
3 0.05 0.4140625 0.0265625 0.065625
1 0.95 0.375 0.0890625 0.040625
1 0.14375 0.3203125 0.0328125 0.034375
2 0.265625 0.40625 0.0421875 0.0609375
3 0.0890625 0.2953125 0.0234375 0.028125
3 0.0265625 0.4828125 0.0515625 0.09375
2 0.753125 0.3515625 0.0203125 0.0296875
2 0.7796875 0.3453125 0.0203125 0.0265625
2 0.8171875 0.353125 0.0171875 0.0125
2 0.29375 0.3546875 0.0171875 0.0421875
2 0.28125 0.3453125 0.0109375 0.034375
2 0.253125 0.3359375 0.015625 0.021875
1 0.221875 0.3484375 0.040625 0.03125
0 0.25 0.28125 0.0421875 0.03125
2 0.0890625 0.328125 0.015625 0.034375
2 0.1046875 0.315625 0.0125 0.0265625
3 0.075 0.4078125 0.0203125 0.06875
3 0.2609375 0.66875 0.053125 0.1359375
3 0.19375 0.709375 0.071875 0.053125
2 0.646875 0.48125 0.034375 0.09375