0 0.6585590277777778 0.42411458333333335 0.27942129629629625 0.25375
1 0.8369270833333333 0.5227604166666667 0.17442129629629619 0.12062500000000007
1 0.7793402777777778 0.6065625000000001 0.24221064814814816 0.19677083333333342
2 0.8068460648148148 0.39619791666666665 0.0503587962962964 0.0703125
1 0.9501678240740741 0.30276041666666664 0.042326388888889 0.035520833333333356
4 0.2858564814814815 0.296875 0.3076157407407408 0.16687500000000002
0 0.6974189814814815 0.31177083333333333 0.1889930555555555 0.10135416666666668
1 0.9025520833333334 0.41255208333333326 0.07511574074074083 0.06729166666666657
3 0.91640625 0.6797395833333333 0.08503472222222222 0.10843750000000014
4 0.4410185185185185 0.4166666666666667 0.21028935185185188 0.2117708333333333
0 0.2519270833333333 0.5194270833333333 0.4722569444444445 0.4892708333333333
4 0.7918634259259261 0.6817708333333334 0.08322916666666665 0.10364583333333321
3 0.9736516203703705 0.49953125 0.052696759259259096 0.1171875
3 0.9434027777777778 0.48979166666666674 0.05074074074074062 0.10770833333333343
3 0.9071412037037037 0.4859375 0.036967592592592524 0.052291666666666715
3 0.8572858796296297 0.46182291666666664 0.04601851851851855 0.046666666666666676
3 0.8918344907407407 0.44776041666666666 0.03934027777777764 0.06802083333333328
1 0.8087500000000001 0.3270833333333333 0.04265046296296297 0.041770833333333354
1 0.9410532407407409 0.33864583333333337 0.04125000000000014 0.044791666666666605
2 0.8712210648148148 0.30723958333333334 0.018645833333333427 0.029270833333333357
1 0.9067013888888888 0.31114583333333334 0.034351851851851835 0.031874999999999966
1 0.9643663194444445 0.38640624999999995 0.07126736111111107 0.03604166666666666
1 0.9735590277777778 0.36078124999999994 0.034918981481481384 0.04281249999999996
3 0.8352604166666666 0.4452604166666667 0.03745370370370367 0.06166666666666672