2 0.8984375 0.4859375 0.090625 0.103125
1 0.734375 0.5171875 0.19375 0.1140625
1 0.1796875 0.525 0.146875 0.09375
2 0.5890625 0.440625 0.053125 0.0765625
1 0.509375 0.590625 0.1828125 0.15625
1 0.2453125 0.5796875 0.171875 0.084375
1 0.3609375 0.45625 0.0828125 0.0984375
1 0.1375 0.4171875 0.0984375 0.0703125
1 0.15 0.321875 0.04375 0.0375
3 0.228125 0.6609375 0.0515625 0.1515625
1 0.2921875 0.3453125 0.05 0.0359375
1 0.3546875 0.3625 0.071875 0.0453125
0 0.2203125 0.30625 0.071875 0.046875
3 0.0515625 0.4171875 0.025 0.0796875
1 0.4421875 0.409375 0.090625 0.0671875
3 0.0375 0.5078125 0.071875 0.08125
1 0.796875 0.3515625 0.0484375 0.0296875
3 0.1265625 0.375 0.01875 0.01875
2 0.2078125 0.3296875 0.0109375 0.028125
2 0.2234375 0.3453125 0.015625 0.0390625
2 0.25 0.3453125 0.015625 0.0359375
3 0.0671875 0.428125 0.0171875 0.065625
3 0.0734375 0.684375 0.0625 0.0890625
1 0.0875 0.3828125 0.0421875 0.0265625
1 0.1 0.35 0.0515625 0.0328125
1 0.1328125 0.3078125 0.0234375 0.0234375
2 0.08125 0.3046875 0.0125 0.025
4 0.315625 0.275 0.0859375 0.0578125