1 0.6290625000000001 0.5465682870370371 0.22083333333333321 0.17497685185185183
1 0.2934895833333333 0.4188194444444444 0.1492708333333333 0.1317708333333334
1 0.31604166666666667 0.33860532407407407 0.08604166666666666 0.07307870370370369
1 0.24317708333333332 0.3289236111111111 0.08145833333333333 0.07457175925925927
1 0.19828125000000002 0.5683391203703703 0.2479166666666667 0.20659722222222215
3 0.15531250000000002 0.6028935185185185 0.15197916666666664 0.1723958333333334
3 0.04171875 0.5828993055555556 0.0834375 0.15329861111111107
3 0.03471354166666667 0.4171006944444445 0.06942708333333333 0.10451388888888893
1 0.15447916666666667 0.4863599537037038 0.21229166666666668 0.163923611111111
1 0.4338541666666666 0.37788773148148147 0.11062499999999993 0.11402777777777776
2 0.49124999999999996 0.42018518518518516 0.08291666666666657 0.09644675925925927
1 0.12859375 0.3467766203703704 0.11697916666666668 0.09226851851851858
3 0.04375 0.3290972222222222 0.05687500000000001 0.08045138888888896
3 0.06385416666666667 0.34425347222222225 0.06260416666666666 0.09614583333333337
2 0.36109375000000005 0.3314525462962963 0.07447916666666661 0.06354166666666661
3 0.12359374999999999 0.2927430555555556 0.03677083333333338 0.03644675925925922
2 0.15223958333333334 0.2970775462962963 0.05020833333333332 0.050694444444444466
1 0.23239583333333336 0.2912268518518518 0.06468749999999997 0.05715277777777779
2 0.2861458333333333 0.306099537037037 0.04385416666666666 0.0490393518518518
1 0.13072916666666665 0.23263310185185188 0.05177083333333332 0.050717592592592634
2 0.16666666666666669 0.2566261574074074 0.032187499999999994 0.03793981481481481
0 0.1809375 0.2302488425925926 0.06531249999999997 0.06652777777777778
1 0.2019270833333333 0.25558449074074074 0.05760416666666668 0.04456018518518521
1 0.23395833333333335 0.2677893518518518 0.057499999999999926 0.04299768518518521
4 0.4882291666666667 0.2895428240740741 0.18520833333333328 0.13230324074074068
2 0.5794791666666667 0.3518923611111111 0.04489583333333336 0.04124999999999997
2 0.7837500000000001 0.41982638888888885 0.0734375 0.04791666666666679
1 0.9151041666666668 0.46712962962962956 0.11416666666666657 0.07349537037037024
1 0.9636458333333333 0.4662847222222222 0.016874999999999928 0.06581018518518515
1 0.13890625 0.2155497685185185 0.032500000000000015 0.019212962962962977
1 0.10546875 0.2713599537037037 0.05437500000000002 0.04295138888888887
1 0.07473958333333333 0.25135416666666666 0.04468749999999999 0.038124999999999964
1 0.3857291666666667 0.29037037037037033 0.026979166666666644 0.03005787037037031
4 0.2986979166666667 0.2585821759259259 0.054166666666666606 0.039826388888888876
4 0.15098958333333332 0.1867939814814815 0.039687499999999966 0.033368055555555554
0 0.8543749999999999 0.7328993055555555 0.19833333333333342 0.30576388888888884