1 0.121875 0.4484375 0.0953125 0.0890625
2 0.0515625 0.3234375 0.021875 0.034375
2 0.0921875 0.315625 0.021875 0.0328125
1 0.0859375 0.2953125 0.0171875 0.021875
1 0.4234375 0.309375 0.028125 0.0265625
1 0.240625 0.6109375 0.184375 0.153125
1 0.18125 0.5375 0.1578125 0.10625
1 0.146875 0.328125 0.05 0.0484375
4 0.109375 0.278125 0.04375 0.0453125
2 0.1078125 0.309375 0.0171875 0.0328125
1 0.128125 0.2921875 0.0265625 0.025
1 0.3890625 0.3578125 0.0640625 0.0546875
1 0.2359375 0.34375 0.04375 0.0421875
2 0.2828125 0.38125 0.0375 0.0765625
2 0.253125 0.36875 0.0296875 0.0671875
1 0.284375 0.3515625 0.0578125 0.04375
1 0.3296875 0.34375 0.0515625 0.05625
1 0.1671875 0.303125 0.03125 0.0328125
1 0.253125 0.3203125 0.040625 0.0265625
4 0.2140625 0.3203125 0.0359375 0.040625
2 0.71875 0.7015625 0.1265625 0.159375
0 0.5734375 0.54375 0.434375 0.3140625
4 0.5671875 0.2984375 0.165625 0.090625
4 0.24375 0.265625 0.0765625 0.0703125
2 0.165625 0.353125 0.028125 0.040625
1 0.4859375 0.3734375 0.065625 0.0375
1 0.6125 0.3953125 0.06875 0.0375
1 0.9890625 0.3578125 0.021875 0.0640625
2 0.7234375 0.3421875 0.034375 0.034375
2 0.7890625 0.3453125 0.04375 0.034375
2 0.6640625 0.3359375 0.0203125 0.0375
3 0.040625 0.4984375 0.06875 0.0828125
3 0.05625 0.4625 0.028125 0.071875
3 0.0390625 0.3921875 0.0203125 0.0515625
3 0.0609375 0.4046875 0.0203125 0.0578125
1 0.4703125 0.3109375 0.0265625 0.0234375