1 0.5561053240740741 0.399074074074074 0.12800925925925916 0.09050925925925934
1 0.45818865740740744 0.3569733796296296 0.10069444444444446 0.0682291666666667
1 0.3328414351851852 0.37800925925925927 0.07297453703703702 0.07708333333333339
4 0.24499421296296298 0.31166087962962963 0.09288194444444446 0.06765046296296298
1 0.1451099537037037 0.36449652777777775 0.07662037037037037 0.04930555555555553
1 0.6660590277777778 0.3642939814814815 0.12633101851851852 0.08726851851851851
1 0.2632233796296296 0.6134837962962962 0.23472222222222222 0.19502314814814808
1 0.20480324074074074 0.3475405092592593 0.05324074074074074 0.049131944444444464
1 0.2640625 0.445775462962963 0.08015046296296298 0.10254629629629619
2 0.25535300925925924 0.3798321759259259 0.0458333333333333 0.05949074074074075
2 0.43961226851851853 0.48995949074074074 0.0825231481481481 0.12453703703703703
1 0.968576388888889 0.2813368055555555 0.06284722222222214 0.05341435185185191
3 0.06336805555555555 0.4418402777777778 0.03368055555555556 0.06793981481481488
1 0.4728298611111111 0.28695023148148147 0.07309027777777785 0.038136574074074045
1 0.09360532407407407 0.3275752314814815 0.035532407407407395 0.03379629629629628
3 0.06038773148148149 0.5305844907407408 0.0683449074074074 0.07829861111111107
1 0.6520833333333333 0.2830729166666667 0.07916666666666679 0.033912037037037025
1 0.20390625 0.5348379629629629 0.16469907407407405 0.1134837962962962
3 0.29875578703703703 0.6633391203703705 0.07806712962962958 0.13043981481481487
1 0.9023148148148149 0.27080439814814816 0.15642361111111108 0.058333333333333307
3 0.11548032407407409 0.7066840277777777 0.09149305555555554 0.11429398148148148
2 0.7237847222222222 0.27306134259259257 0.033912037037037025 0.03211805555555554