0 0.56875 0.53125 0.434375 0.31875
1 0.1203125 0.4578125 0.10625 0.1140625
1 0.3109375 0.4046875 0.0953125 0.0796875
4 0.759375 0.2984375 0.24375 0.1484375
4 0.259375 0.2671875 0.084375 0.075
2 0.1265625 0.334375 0.0296875 0.046875
2 0.178125 0.3484375 0.03125 0.0515625
2 0.2328125 0.3625 0.025 0.0515625
2 0.25 0.35625 0.0328125 0.05625
2 0.7609375 0.6890625 0.1375 0.178125
2 0.884375 0.6 0.1125 0.1453125
2 0.7984375 0.49375 0.0796875 0.1515625
2 0.96796875 0.690625 0.0640625 0.18125
2 0.975 0.375 0.0484375 0.0515625
1 0.98515625 0.35703125 0.0296875 0.0703125
1 0.484375 0.3203125 0.0390625 0.0390625
1 0.5609375 0.325 0.03125 0.0328125
1 0.45625 0.3125 0.01875 0.021875
1 0.3890625 0.309375 0.0234375 0.01875
1 0.2125 0.3390625 0.0265625 0.0359375
1 0.2546875 0.3296875 0.0328125 0.0328125
1 0.2921875 0.340625 0.0609375 0.040625
1 0.35 0.346875 0.053125 0.0453125
1 0.4140625 0.359375 0.0640625 0.0484375
1 0.3453125 0.3828125 0.06875 0.059375
1 0.2265625 0.621875 0.2109375 0.1546875
1 0.1796875 0.53125 0.1640625 0.13125
1 0.1171875 0.325 0.0453125 0.0359375
2 0.0859375 0.3 0.01875 0.021875
1 0.125 0.3046875 0.0375 0.028125
1 0.1359375 0.29375 0.0265625 0.0328125
4 0.16875 0.303125 0.03125 0.0328125
1 0.2015625 0.3125 0.040625 0.0234375
4 0.0921875 0.2671875 0.040625 0.0296875
3 0.034375 0.4953125 0.0578125 0.08125
3 0.034375 0.39375 0.0265625 0.04375
3 0.065625 0.425 0.028125 0.0921875
1 0.61875 0.334375 0.04375 0.0203125
2 0.0375 0.309375 0.0265625 0.025