1 0.965625 0.3671875 0.06875 0.0484375
0 0.8671875 0.6140625 0.265625 0.334375
1 0.1859375 0.5265625 0.15 0.09375
1 0.1578125 0.3375 0.0421875 0.040625
1 0.234375 0.6140625 0.203125 0.1484375
1 0.1328125 0.4078125 0.0734375 0.0625
1 0.128125 0.309375 0.03125 0.0265625
2 0.3328125 0.3625 0.03125 0.0484375
2 0.3 0.49375 0.0609375 0.0953125
2 0.2171875 0.359375 0.028125 0.034375
2 0.2390625 0.3671875 0.0375 0.053125
2 0.103125 0.3203125 0.025 0.0296875
4 0.4375 0.375 0.1234375 0.115625
2 0.353125 0.35625 0.0171875 0.0453125
3 0.0734375 0.7 0.0546875 0.0828125
3 0.0671875 0.653125 0.0546875 0.0546875
3 0.05625 0.484375 0.0421875 0.1125
3 0.08125 0.4765625 0.0234375 0.1
3 0.0421875 0.403125 0.025 0.0390625
3 0.1921875 0.45 0.03125 0.046875
2 0.1734375 0.35625 0.0171875 0.0421875
2 0.1578125 0.30625 0.0109375 0.021875
2 0.178125 0.30625 0.009375 0.0171875
1 0.19375 0.315625 0.025 0.021875
1 0.2078125 0.328125 0.0265625 0.0296875
2 0.2359375 0.33125 0.0234375 0.015625
3 0.5 0.6328125 0.040625 0.1078125
3 0.5796875 0.665625 0.05 0.1828125
3 0.5015625 0.725 0.05 0.1109375
2 0.9421875 0.3734375 0.0234375 0.0296875