1 0.3200868055555556 0.6251099537037037 0.24923611111111105 0.1892824074074074
1 0.45914930555555555 0.4211400462962963 0.10486111111111107 0.08347222222222221
1 0.08215277777777777 0.6290393518518519 0.16430555555555554 0.15398148148148144
1 0.8474305555555557 0.4060763888888889 0.12274305555555572 0.11561342592592591
3 0.9496874999999999 0.6264699074074074 0.07749999999999986 0.11638888888888896
1 0.5989756944444444 0.39397569444444447 0.09527777777777775 0.07361111111111107
1 0.8308680555555554 0.2714699074074074 0.04624999999999986 0.04453703703703704
2 0.7876041666666665 0.28252314814814816 0.03690972222222229 0.04561342592592599
1 0.8056944444444444 0.48916666666666664 0.17458333333333337 0.13078703703703703
1 0.4130208333333333 0.3499189814814815 0.09673611111111118 0.06900462962962965
3 0.9418402777777779 0.4516435185185186 0.07659722222222243 0.07576388888888878
3 0.7607986111111111 0.6440509259259259 0.098298611111111 0.13931712962962967
1 0.7605208333333333 0.5861574074074074 0.21479166666666671 0.184375
3 0.9105034722222222 0.3483391203703704 0.04847222222222243 0.07430555555555554
4 0.4799305555555556 0.33070601851851855 0.05111111111111111 0.052592592592592614
4 0.6209548611111112 0.2848321759259259 0.042916666666666714 0.03499999999999996
4 0.6673958333333333 0.2715972222222222 0.041458333333333285 0.03960648148148147
0 0.8096701388888888 0.23986689814814816 0.04614583333333329 0.039849537037037044
4 0.8344791666666665 0.2145601851851852 0.04444444444444429 0.033518518518518545