1 0.2328125 0.60625 0.2046875 0.153125
3 0.0640625 0.703125 0.078125 0.153125
1 0.1203125 0.409375 0.09375 0.0609375
1 0.378125 0.3609375 0.0703125 0.0484375
1 0.3203125 0.390625 0.075 0.0578125
1 0.2796875 0.359375 0.05625 0.040625
1 0.1875 0.5359375 0.1625 0.1171875
3 0.0734375 0.496875 0.0734375 0.1265625
4 0.3046875 0.2796875 0.0609375 0.0359375
2 0.9515625 0.4953125 0.084375 0.10625
1 0.1671875 0.30625 0.028125 0.0203125
1 0.1390625 0.3484375 0.0453125 0.046875
3 0.1765625 0.45 0.0453125 0.059375
3 0.3078125 0.7015625 0.075 0.14375
3 0.38125 0.7046875 0.071875 0.146875
1 0.234375 0.3375 0.0421875 0.0421875
3 0.21875 0.3953125 0.0234375 0.0484375
2 0.715625 0.3453125 0.0203125 0.025
1 0.4609375 0.5671875 0.1703125 0.1765625
1 0.1515625 0.3203125 0.034375 0.0234375
2 0.909375 0.3625 0.0234375 0.025
1 0.271875 0.328125 0.0390625 0.0171875
1 0.1390625 0.3 0.0328125 0.01875
1 0.81875 0.3484375 0.0828125 0.046875
2 0.5140625 0.4046875 0.0421875 0.071875
1 0.496875 0.3203125 0.0359375 0.028125
4 0.20625 0.271875 0.046875 0.046875
4 0.1703125 0.265625 0.0328125 0.0375