1 0.5444155092592593 0.39921875 0.09982638888888892 0.0609375
1 0.8712094907407408 0.36015625 0.09508101851851833 0.0390625
1 0.2734664351851852 0.6015625 0.23871527777777776 0.1640625
1 0.23833912037037036 0.42265625 0.09675925925925925 0.0828125
1 0.15434027777777776 0.39609375 0.0760416666666667 0.05625
2 0.3550636574074074 0.3953125 0.0450231481481481 0.059375
1 0.2203414351851852 0.5171875 0.15619212962962958 0.1046875
2 0.17335069444444445 0.346875 0.026446759259259257 0.040625
1 0.19076967592592592 0.32890625 0.06325231481481483 0.03125
1 0.24351851851851852 0.31328125 0.053472222222222233 0.046875
2 0.13897569444444446 0.32578125 0.03570601851851851 0.0390625
1 0.3625 0.35859375 0.06469907407407405 0.0296875
3 0.1207175925925926 0.68046875 0.07077546296296297 0.090625
0 0.814207175925926 0.60234375 0.3715856481481481 0.353125
4 0.11571180555555556 0.2859375 0.04484953703703702 0.0359375
1 0.355005787037037 0.33125 0.05486111111111107 0.0234375
3 0.07500000000000001 0.48515625 0.07106481481481482 0.0734375
1 0.19751157407407408 0.30390625 0.04224537037037037 0.021875
2 0.11944444444444444 0.3046875 0.02349537037037037 0.021875
1 0.2914641203703704 0.33828125 0.06440972222222223 0.046875
1 0.1990451388888889 0.29296875 0.034085648148148184 0.0171875
2 0.11044560185185186 0.29921875 0.03466435185185186 0.025
3 0.5010706018518519 0.7421875 0.08790509259259274 0.06875
3 0.08619791666666668 0.4359375 0.0390625 0.084375
3 0.18237847222222223 0.4265625 0.024710648148148183 0.059375
3 0.08191550925925925 0.378125 0.039120370370370375 0.021875
1 0.4151331018518519 0.38359375 0.09340277777777786 0.0796875
4 0.7414930555555556 0.328125 0.16932870370370381 0.0921875
1 0.9221354166666667 0.3515625 0.040451388888888926 0.01875
2 0.9403935185185185 0.3765625 0.03379629629629619 0.034375
1 0.6307291666666667 0.33046875 0.038136574074074045 0.0296875
2 0.591550925925926 0.32890625 0.01400462962962976 0.0203125
4 0.5255208333333334 0.3234375 0.06793981481481488 0.03125
1 0.45489004629629626 0.30859375 0.02615740740740744 0.015625
1 0.38527199074074076 0.296875 0.017129629629629585 0.0203125
4 0.304050925925926 0.3078125 0.05630787037037042 0.021875
2 0.1619502314814815 0.2984375 0.01903935185185186 0.025
1 0.1375289351851852 0.28515625 0.02407407407407409 0.0296875
1 0.11070601851851851 0.35546875 0.05480324074074074 0.04375