1 0.12777777777777777 0.5743750000000001 0.23138888888888892 0.16208333333333336
2 0.3326736111111111 0.5348958333333333 0.08861111111111111 0.12604166666666677
1 0.7084895833333333 0.40578125 0.11961805555555553 0.1171875
1 0.8309895833333332 0.4609895833333333 0.15531250000000013 0.10864583333333329
4 0.30404513888888884 0.3028645833333333 0.22416666666666663 0.11791666666666671
1 0.7828298611111111 0.5471354166666667 0.20649305555555558 0.16510416666666677
2 0.7176215277777778 0.3238020833333334 0.03388888888888886 0.05062499999999996
1 0.6682465277777778 0.3552604166666667 0.07951388888888893 0.0677083333333334
4 0.43095486111111114 0.38046875 0.15329861111111107 0.15843749999999995
1 0.7863541666666667 0.2832291666666667 0.04576388888888907 0.023333333333333338
1 0.840017361111111 0.26869791666666665 0.04312499999999986 0.04500000000000002
1 0.3151736111111111 0.4163541666666667 0.12663194444444442 0.08177083333333321
1 0.7850694444444445 0.2958333333333333 0.05406249999999986 0.04572916666666664
2 0.7699652777777778 0.35552083333333334 0.04513888888888893 0.06541666666666668
1 0.7286284722222222 0.29098958333333336 0.050694444444444285 0.03458333333333332
2 0.8694618055555555 0.36140625000000004 0.0530555555555555 0.07062500000000008
1 0.016996527777777777 0.37755208333333334 0.01857638888888889 0.06364583333333336
4 0.07404513888888889 0.37453125 0.12958333333333333 0.07416666666666671
1 0.46305555555555555 0.5575 0.16013888888888897 0.18541666666666662
1 0.7868229166666667 0.2691145833333334 0.041006944444444395 0.019895833333333356
1 0.6866145833333333 0.30161458333333335 0.04743055555555564 0.028125
1 0.8942013888888889 0.27760416666666665 0.06968749999999986 0.04677083333333334
2 0.5796354166666667 0.38151041666666663 0.053159722222222074 0.07531249999999998
1 0.8821701388888888 0.33473958333333337 0.07920138888888886 0.05364583333333339
2 0.8874131944444444 0.21859375 0.032222222222222284 0.0458333333333333
1 0.7882118055555555 0.26119791666666664 0.04256944444444457 0.020000000000000018
1 0.6348263888888889 0.33010416666666664 0.06701388888888893 0.06687499999999993
1 0.7382986111111111 0.2684375 0.038090277777777716 0.029062500000000036
0 0.5885243055555556 0.2533854166666667 0.106111111111111 0.07104166666666671
3 0.6497048611111111 0.61234375 0.081111111111111 0.13958333333333323
3 0.953767361111111 0.5991145833333333 0.07430555555555571 0.11416666666666675
3 0.9712847222222223 0.41916666666666663 0.05743055555555543 0.09354166666666668
4 0.8383680555555555 0.2296875 0.043020833333333286 0.040312500000000015