1 0.27913194444444445 0.65921875 0.2546064814814814 0.20375000000000015
3 0.309056712962963 0.6908101851851851 0.1372106481481481 0.1738888888888889
3 0.11419560185185187 0.7546412037037037 0.11805555555555554 0.11892361111111108
1 0.6297395833333332 0.41962384259259256 0.15887731481481496 0.14608796296296306
4 0.40467592592592594 0.4143634259259259 0.1999305555555555 0.20450231481481485
4 0.31276620370370367 0.3477488425925926 0.1557175925925926 0.14135416666666673
1 0.8516984953703703 0.4381886574074074 0.2966030092592593 0.19973379629629626
1 0.20359375000000002 0.587673611111111 0.19015046296296295 0.14967592592592602
3 0.050509259259259254 0.5954108796296296 0.08825231481481481 0.10285879629629627
3 0.05494212962962963 0.5609664351851851 0.06929398148148147 0.07445601851851862
3 0.04747685185185185 0.5024768518518519 0.03953703703703704 0.06464120370370381
3 0.07089120370370369 0.49900462962962966 0.05847222222222222 0.08991898148148145
1 0.05659722222222222 0.46796296296296297 0.08958333333333332 0.07163194444444443
1 0.12649305555555554 0.4106712962962963 0.06601851851851852 0.05409722222222228
1 0.0359375 0.42138888888888887 0.06289351851851852 0.054050925925925954
1 0.07789930555555555 0.3902951388888889 0.03939814814814815 0.04589120370370363
2 0.06703703703703703 0.40061342592592586 0.03310185185185186 0.039548611111111145
2 0.14380787037037038 0.4276041666666666 0.04258101851851852 0.053750000000000145
2 0.15853587962962962 0.41175925925925927 0.03171296296296298 0.06296296296296297
2 0.17960069444444446 0.40754050925925933 0.03947916666666664 0.05682870370370381
2 0.2030150462962963 0.404068287037037 0.031643518518518474 0.053587962962962976
2 0.22573495370370372 0.41232638888888895 0.05351851851851848 0.05391203703703695
1 0.833912037037037 0.615017361111111 0.33217592592592593 0.2440393518518519
0 0.1307465277777778 0.35200810185185183 0.09118055555555556 0.0763425925925926
1 0.9173958333333333 0.5434664351851852 0.16520833333333335 0.16031249999999986
1 0.6545659722222222 0.29033564814814816 0.06135416666666664 0.05715277777777779
1 0.9294502314814814 0.27063657407407404 0.08641203703703723 0.0653356481481481
1 0.44296296296296295 0.30909722222222225 0.04557870370370374 0.0366087962962963
2 0.4914293981481482 0.3122858796296296 0.030046296296296404 0.04887731481481481
2 0.6960416666666667 0.29909722222222224 0.03454861111111107 0.02394675925925931
2 0.5609027777777778 0.30344328703703705 0.03458333333333332 0.02863425925925931
2 0.5929224537037037 0.30140625 0.026724537037037165 0.022268518518518476
0 0.3625289351851852 0.31497685185185187 0.029988425925925988 0.04106481481481481
1 0.0636111111111111 0.3600347222222222 0.03458333333333332 0.02863425925925931