1 0.3390625 0.396875 0.0703125 0.059375
1 0.5921875 0.4390625 0.1046875 0.0828125
1 0.2421875 0.6109375 0.178125 0.1265625
1 0.18125 0.5390625 0.1296875 0.1140625
1 0.446875 0.4484375 0.1109375 0.08125
1 0.92109375 0.46328125 0.1578125 0.0984375
1 0.9 0.375 0.1 0.0359375
1 0.8921875 0.3703125 0.1046875 0.0421875
2 0.7296875 0.4515625 0.05 0.09375
2 0.903125 0.6 0.0765625 0.1453125
2 0.3890625 0.3890625 0.021875 0.05
2 0.45 0.3890625 0.034375 0.04375
2 0.2609375 0.3578125 0.028125 0.04375
1 0.9875 0.3671875 0.025 0.0546875
0 0.58125 0.3078125 0.146875 0.071875
4 0.3859375 0.2875 0.10625 0.0703125
1 0.1703125 0.384375 0.0625 0.046875
3 0.05 0.4109375 0.01875 0.0796875
1 0.0671875 0.3828125 0.0578125 0.0578125
3 0.0359375 0.5046875 0.05625 0.0703125
3 0.06875 0.721875 0.0453125 0.1109375
3 0.25625 0.684375 0.0484375 0.1765625
1 0.30625 0.334375 0.0515625 0.0390625