4 0.4109375 0.3265625 0.134375 0.10625
3 0.034375 0.503125 0.05625 0.0796875
3 0.05625 0.4234375 0.021875 0.0796875
3 0.121875 0.4421875 0.0828125 0.0671875
2 0.18125 0.3875 0.0203125 0.05
2 0.15 0.365625 0.0203125 0.0390625
2 0.2296875 0.3609375 0.0203125 0.0359375
1 0.225 0.34375 0.04375 0.0296875
1 0.2 0.321875 0.0296875 0.025
4 0.2765625 0.3125 0.0828125 0.078125
1 0.90625 0.521875 0.1765625 0.1375
2 0.5578125 0.5140625 0.0484375 0.1109375
1 0.5765625 0.453125 0.146875 0.0875
1 0.2546875 0.6140625 0.171875 0.1265625
1 0.1734375 0.5328125 0.14375 0.096875
2 0.2703125 0.4609375 0.0359375 0.0703125
2 0.34375 0.45 0.0359375 0.06875
1 0.346875 0.40625 0.078125 0.065625
1 0.071875 0.3796875 0.0609375 0.034375
1 0.13125 0.340625 0.0609375 0.0265625
1 0.9453125 0.375 0.0765625 0.0453125
2 0.7328125 0.63125 0.090625 0.1546875
2 0.45 0.453125 0.0390625 0.0890625
2 0.2453125 0.425 0.0375 0.05625
1 0.5859375 0.734375 0.2734375 0.08125
3 0.25625 0.6953125 0.0375 0.1640625