1 0.8987268518518519 0.5584780092592593 0.2025462962962962 0.20086805555555554
1 0.23451967592592596 0.5891203703703705 0.16435185185185192 0.11516203703703702
1 0.6339699074074074 0.4808159722222222 0.17864583333333323 0.11880787037037041
1 0.47404513888888894 0.5411168981481481 0.2122106481481481 0.15121527777777785
1 0.3042534722222222 0.6680555555555555 0.25619212962962956 0.19803240740740743
0 0.572974537037037 0.39363425925925927 0.16840277777777785 0.12777777777777785
1 0.47173032407407406 0.4046875 0.08130787037037024 0.0668981481481481
1 0.15109953703703705 0.48318865740740746 0.09380787037037037 0.06736111111111107
4 0.8880208333333334 0.4145543981481481 0.2239583333333332 0.23871527777777785
1 0.686226851851852 0.42899305555555556 0.16197916666666679 0.10416666666666678
4 0.2046875 0.36519097222222224 0.08420138888888892 0.06388888888888893
4 0.31840277777777776 0.36472800925925924 0.11516203703703702 0.08217592592592596
2 0.4013599537037037 0.4644097222222222 0.051620370370370414 0.06579861111111107
2 0.25558449074074074 0.4317418981481481 0.061111111111111074 0.06770833333333322
1 0.17332175925925924 0.42557870370370365 0.0666666666666667 0.05856481481481488
2 0.7234664351851852 0.4373842592592593 0.08767361111111108 0.06869212962962959
1 0.9037905092592592 0.30538194444444444 0.1518518518518519 0.07262731481481488
3 0.09375000000000001 0.5924768518518518 0.07754629629629631 0.07922453703703702
3 0.09169560185185185 0.4911168981481481 0.040625 0.04357638888888893
2 0.32317708333333334 0.502806712962963 0.06585648148148149 0.08969907407407404
2 0.3349537037037037 0.4409143518518519 0.0565393518518519 0.06909722222222214
2 0.8245659722222222 0.6452546296296295 0.13084490740740762 0.18871527777777786
3 0.856741898148148 0.7009837962962963 0.09484953703703702 0.12349537037037042
2 0.29881365740740745 0.4473668981481481 0.0450231481481481 0.06087962962962976
2 0.17146990740740742 0.5057581018518519 0.06435185185185185 0.06938657407407404
3 0.6102141203703704 0.7806712962962964 0.1099537037037038 0.05393518518518512
1 0.13342013888888887 0.42332175925925924 0.06261574074074075 0.045949074074074045
3 0.18330439814814817 0.7391493055555556 0.07505787037037037 0.06666666666666679
3 0.1261863425925926 0.8094907407407407 0.05121527777777777 0.08136574074074084
3 0.18275462962962966 0.76328125 0.09068287037037037 0.10931712962962976
1 0.39253472222222224 0.41889467592592594 0.08917824074074066 0.08900462962962959
1 0.5391203703703704 0.3362847222222222 0.05133101851851869 0.04085648148148149