1 0.18677662037037038 0.5606770833333333 0.24710648148148148 0.14552083333333332
1 0.6743923611111111 0.38135416666666666 0.11122685185185191 0.11624999999999996
1 0.22436342592592595 0.7819270833333334 0.26024305555555555 0.17593750000000002
1 0.8162037037037038 0.5045833333333334 0.23229166666666642 0.19739583333333338
1 0.8483217592592591 0.40822916666666664 0.1696180555555557 0.12791666666666668
1 0.49233217592592593 0.36130208333333336 0.10856481481481488 0.08031249999999997
2 0.8903067129629629 0.18010416666666668 0.02106481481481488 0.03249999999999997
1 0.6186053240740741 0.3489583333333333 0.10700231481481488 0.0802083333333334
1 0.6609953703703704 0.2958854166666667 0.06788194444444429 0.05583333333333336
4 0.39010416666666664 0.32729166666666665 0.07621527777777777 0.04239583333333332
1 0.29160879629629627 0.4814583333333333 0.16232638888888892 0.11343750000000004
4 0.08498263888888889 0.41593749999999996 0.1146412037037037 0.09937500000000003
1 0.46993634259259254 0.398125 0.11626157407407404 0.07927083333333336
1 0.8636284722222222 0.20151041666666666 0.0421875 0.044791666666666695
2 0.1814525462962963 0.6371874999999999 0.13587962962962963 0.15520833333333323
2 0.8340856481481481 0.2372395833333333 0.037731481481481664 0.04760416666666671
1 0.5712094907407408 0.4722395833333334 0.12957175925925934 0.1330208333333333
1 0.7255787037037037 0.2774479166666667 0.08263888888888893 0.06614583333333339
3 0.9389756944444445 0.26479166666666665 0.04947916666666678 0.05927083333333334
2 0.43104745370370373 0.5302604166666667 0.11041666666666661 0.14729166666666665
1 0.3167824074074074 0.35494791666666664 0.04976851851851851 0.0421875
1 0.3166666666666667 0.3533854166666667 0.049421296296296366 0.0375
2 0.4061921296296296 0.39609375 0.03964120370370381 0.05239583333333329
1 0.44357638888888895 0.7311979166666667 0.31915509259259256 0.17364583333333333
3 0.9691261574074075 0.55703125 0.06174768518518512 0.1723958333333334
2 0.8736400462962963 0.31546875 0.06875 0.0885416666666667
1 0.8715856481481481 0.2771354166666667 0.09560185185185191 0.07322916666666668
1 0.4384837962962963 0.45046875000000003 0.17436342592592596 0.10802083333333332
1 0.5897280092592593 0.31947916666666665 0.06990740740740745 0.06218750000000002
1 0.7030092592592593 0.333125 0.09461805555555554 0.08093749999999993
2 0.7962962962962963 0.25703125 0.03495370370370363 0.0520833333333333
1 0.750462962962963 0.23182291666666668 0.04930555555555553 0.0359375
1 0.7354456018518519 0.23046875 0.03981481481481488 0.03375000000000004
1 0.8292534722222221 0.225 0.050115740740740475 0.046875
4 0.818142361111111 0.15979166666666667 0.06712962962962976 0.06666666666666665
4 0.8876736111111111 0.13395833333333335 0.03692129629629619 0.03666666666666667
2 0.9024305555555555 0.18479166666666666 0.02106481481481488 0.03249999999999997
2 0.8694733796296298 0.17442708333333334 0.01556712962962976 0.02124999999999999
1 0.819039351851852 0.20369791666666667 0.03275462962962976 0.022395833333333302
1 0.797974537037037 0.21609375000000003 0.02910879629629619 0.03614583333333332
1 0.772511574074074 0.21151041666666667 0.029745370370370238 0.023749999999999983