1 0.9035358796296297 0.5058449074074074 0.1929282407407406 0.07177083333333342
1 0.25453703703703706 0.6208391203703704 0.21180555555555552 0.16561342592592593
1 0.18310185185185185 0.33461805555555557 0.036261574074074064 0.02214120370370374
1 0.1259664351851852 0.4334895833333333 0.09162037037037037 0.06785879629629629
1 0.14471064814814816 0.3802199074074074 0.05214120370370372 0.03944444444444439
1 0.20484953703703704 0.5368229166666667 0.14502314814814818 0.08700231481481477
0 0.40796296296296297 0.429056712962963 0.3055671296296296 0.2725462962962963
1 0.14691550925925925 0.37082754629629633 0.045659722222222233 0.023773148148148147
1 0.855144675925926 0.6710416666666668 0.28971064814814795 0.17877314814814832
2 0.08589699074074073 0.36581018518518515 0.020914351851851844 0.0407754629629629
1 0.1037037037037037 0.35473958333333333 0.031759259259259265 0.03460648148148149
1 0.19749999999999998 0.35717013888888893 0.0473611111111111 0.033159722222222146
1 0.1518923611111111 0.3903240740740741 0.03476851851851852 0.026817129629629656
1 0.6952604166666667 0.5714756944444443 0.19186342592592603 0.19046296296296283
1 0.2339351851851852 0.3904976851851852 0.03040509259259263 0.048657407407407406
1 0.14931134259259257 0.32158564814814816 0.03327546296296298 0.03149305555555557
2 0.20242476851851848 0.4258912037037037 0.043043981481481454 0.05812500000000007
2 0.798443287037037 0.4691377314814815 0.07349537037037042 0.10990740740740748
3 0.049421296296296297 0.48796875 0.030937500000000007 0.08459490740740741
3 0.052528935185185185 0.4340335648148148 0.027280092592592585 0.04863425925925924
1 0.8852256944444445 0.3145717592592593 0.06613425925925931 0.03486111111111114
1 0.8137210648148148 0.4455844907407407 0.19989583333333344 0.09990740740740733
1 0.7377314814814815 0.3266030092592593 0.06447916666666664 0.02859953703703706
0 0.6028587962962962 0.39948495370370374 0.12246527777777771 0.1462037037037037
2 0.5720659722222222 0.48331597222222217 0.02972222222222225 0.1080208333333335
2 0.9692708333333332 0.4499016203703704 0.05209490740740748 0.03631944444444439
1 0.9042766203703703 0.5300462962962962 0.19144675925925939 0.13115740740740733
1 0.9459606481481482 0.5508333333333333 0.10807870370370373 0.09773148148148145
3 0.1026736111111111 0.6016493055555555 0.047372685185185184 0.13939814814814824
3 0.11993055555555557 0.7116898148148147 0.06846064814814815 0.08643518518518523
3 0.28173611111111113 0.7690914351851852 0.04299768518518512 0.05500000000000007
3 0.3895138888888889 0.7659490740740741 0.0537962962962963 0.04570601851851848
3 0.04701388888888889 0.536429398148148 0.04777777777777779 0.06128472222222214
1 0.07947916666666668 0.40726851851851853 0.05356481481481481 0.030081018518518476
3 0.10814236111111111 0.39064814814814813 0.012824074074074066 0.021967592592592577
2 0.1387789351851852 0.34901041666666666 0.042604166666666644 0.028437499999999984
1 0.22956597222222222 0.3592766203703704 0.03315972222222223 0.023680555555555573
2 0.24019097222222224 0.3381018518518518 0.029872685185185155 0.012719907407407405
2 0.259375 0.42000000000000004 0.029120370370370362 0.06739583333333332