1 0.6378298611111111 0.35901041666666667 0.1209143518518518 0.12322916666666668
0 0.32273726851851847 0.31854166666666667 0.21402777777777776 0.14500000000000002
1 0.2245023148148148 0.4923958333333333 0.20114583333333336 0.1114583333333334
1 0.7861979166666666 0.4028124999999999 0.17275462962962962 0.13135416666666658
1 0.2437789351851852 0.44286458333333334 0.15876157407407412 0.07906250000000004
2 0.4371527777777778 0.4494270833333333 0.09085648148148148 0.11500000000000003
1 0.7507233796296295 0.5024479166666667 0.2293981481481481 0.1942708333333334
2 0.6605671296296297 0.27734375 0.027407407407407547 0.04229166666666666
2 0.6426851851851852 0.2902083333333333 0.027407407407407547 0.04229166666666666
4 0.5771527777777777 0.2930208333333334 0.114201388888889 0.11500000000000003
0 0.19506076388888888 0.6864062500000001 0.39012152777777775 0.3836458333333333
1 0.7293981481481481 0.29765625 0.08956018518518505 0.09312500000000004
1 0.06621527777777778 0.43213541666666666 0.06427083333333332 0.06031250000000003
1 0.024953703703703707 0.4490625 0.049907407407407414 0.06125000000000007
1 0.48727430555555556 0.3783854166666667 0.1220949074074074 0.090625
1 0.8265104166666667 0.2740625 0.10343750000000007 0.09093749999999998
1 0.8457465277777778 0.21208333333333335 0.06730324074074048 0.058958333333333356
1 0.783888888888889 0.2185416666666667 0.05452546296296301 0.053437499999999985
3 0.9184374999999999 0.5480729166666667 0.10034722222222214 0.17010416666666667
1 0.12206018518518517 0.40895833333333337 0.06803240740740742 0.04499999999999993
2 0.8919502314814816 0.1677604166666667 0.05222222222222221 0.04083333333333332
2 0.3694618055555556 0.5543229166666667 0.1145023148148148 0.17260416666666673
3 0.6240277777777777 0.6050520833333334 0.12020833333333343 0.1901041666666668
2 0.820474537037037 0.31026041666666665 0.06584490740740741 0.08687500000000004
1 0.6961400462962963 0.26796875 0.055451388888888786 0.06906249999999999
1 0.4415104166666667 0.3627604166666667 0.07741898148148145 0.07208333333333332
3 0.9253703703703703 0.35229166666666667 0.06822916666666642 0.07458333333333336
3 0.9074247685185185 0.3005729166666667 0.046087962962963046 0.09489583333333336
3 0.909519675925926 0.23895833333333333 0.02850694444444457 0.03458333333333332
3 0.8913599537037037 0.25651041666666663 0.030624999999999857 0.044062499999999984
3 0.9536574074074075 0.5052604166666667 0.036388888888888714 0.19385416666666658
2 0.7555324074074073 0.22432291666666665 0.02013888888888893 0.02468750000000002
1 0.733101851851852 0.23515625 0.03337962962962955 0.0380208333333333
2 0.7513888888888889 0.24171874999999998 0.025011574074074082 0.028125
1 0.817679398148148 0.18671875 0.034942129629629906 0.038124999999999964
1 0.8378125000000001 0.17526041666666664 0.023634259259259237 0.031145833333333338
1 0.7453819444444445 0.21177083333333338 0.034479166666666575 0.030312499999999964
1 0.7326099537037036 0.20406249999999998 0.029328703703703597 0.02218749999999998
1 0.5787384259259258 0.24 0.02289351851851862 0.01864583333333334
2 0.23847800925925924 0.37473958333333335 0.02207175925925924 0.03104166666666668
1 0.17183449074074075 0.39630208333333333 0.06150462962962964 0.03989583333333328