1 0.2390625 0.6046875 0.1859375 0.1453125
1 0.103125 0.328125 0.0421875 0.028125
1 0.178125 0.5265625 0.14375 0.0953125
1 0.109375 0.3765625 0.0796875 0.0515625
0 0.6875 0.5484375 0.5359375 0.3734375
2 0.146875 0.3390625 0.025 0.0359375
0 0.8890625 0.3359375 0.221875 0.1171875
1 0.2421875 0.328125 0.0484375 0.03125
2 0.3921875 0.3734375 0.0265625 0.0546875
3 0.053125 0.415625 0.0359375 0.0625
2 0.284375 0.375 0.025 0.05
3 0.040625 0.5078125 0.06875 0.071875
1 0.115625 0.45 0.0953125 0.0921875
1 0.1578125 0.328125 0.0375 0.0328125
4 0.5453125 0.3046875 0.13125 0.0625
2 0.321875 0.3953125 0.028125 0.0640625
2 0.3375 0.3625 0.01875 0.0390625
1 0.3578125 0.35 0.0390625 0.0375
2 0.29375 0.353125 0.0171875 0.034375
2 0.184375 0.3140625 0.0171875 0.0265625
3 0.1453125 0.3796875 0.0203125 0.04375
1 0.409375 0.7078125 0.20625 0.146875
3 0.159375 0.7375 0.0703125 0.0828125
3 0.25 0.7234375 0.0640625 0.1015625
0 0.3703125 0.2953125 0.05 0.0390625
4 0.1265625 0.30625 0.0328125 0.0359375
1 0.1515625 0.2984375 0.015625 0.01875
2 0.0859375 0.2984375 0.0078125 0.0265625