1 0.3044849537037037 0.5066840277777779 0.16640046296296296 0.10836805555555565
1 0.77703125 0.6077951388888889 0.2168865740740742 0.17510416666666656
1 0.466886574074074 0.4970138888888889 0.11018518518518512 0.11180555555555553
1 0.6556597222222222 0.3567013888888889 0.06746527777777764 0.038993055555555586
1 0.865306712962963 0.39807291666666667 0.07540509259259273 0.056354166666666664
1 0.8750173611111112 0.33814236111111107 0.06284722222222214 0.048263888888888926
3 0.8086574074074075 0.4483680555555555 0.04891203703703724 0.06513888888888886
2 0.7581944444444444 0.38475694444444447 0.04098379629629641 0.04934027777777779
0 0.09692129629629628 0.7465625000000001 0.14945601851851853 0.14079861111111108
2 0.040219907407407406 0.5789236111111111 0.07123842592592593 0.1265625
1 0.6945370370370371 0.3325694444444444 0.04703703703703699 0.022916666666666606
2 0.8321064814814815 0.34500000000000003 0.026817129629629476 0.03496527777777771
3 0.4502025462962963 0.6700520833333334 0.09688657407407408 0.21461805555555563
2 0.7931134259259259 0.3535069444444444 0.03156250000000007 0.042881944444444466
1 0.8263773148148148 0.520625 0.14915509259259246 0.10017361111111107
3 0.6196006944444445 0.6558506944444444 0.07315972222222236 0.17503472222222208
2 0.6222569444444443 0.3817361111111111 0.04565972222222214 0.04788194444444445
3 0.870457175925926 0.4606770833333333 0.05061342592592588 0.0839236111111111
1 0.7126967592592592 0.35875 0.06435185185185191 0.04048611111111109
2 0.4731828703703703 0.39795138888888887 0.033206018518518475 0.05385416666666672
1 0.3869328703703704 0.3538541666666667 0.0799074074074074 0.031458333333333324
1 0.7974479166666667 0.3059548611111111 0.034525462962962904 0.021076388888888874
2 0.6855960648148148 0.3909548611111111 0.041006944444444395 0.052465277777777784
1 0.83109375 0.3137326388888889 0.04238425925925924 0.027500000000000035
3 0.9426273148148148 0.7130208333333334 0.0790393518518517 0.12517361111111108
1 0.7593981481481482 0.3363541666666666 0.056493055555555574 0.034062499999999926
0 0.4961226851851852 0.33128472222222227 0.06738425925925924 0.0280555555555555
2 0.5764988425925927 0.4260243055555556 0.04902777777777771 0.08076388888888886
1 0.5482060185185185 0.4027430555555556 0.08952546296296297 0.06447916666666664
2 0.9500289351851852 0.6577256944444445 0.06635416666666671 0.09989583333333343
0 0.8971296296296296 0.2652083333333334 0.03155092592592581 0.041319444444444464
1 0.8777835648148148 0.2897743055555556 0.02673611111111107 0.024027777777777714
1 0.9234201388888887 0.33453125 0.031527777777778 0.03819444444444446
1 0.16759259259259257 0.3747569444444444 0.06590277777777778 0.03895833333333334
2 0.25190393518518517 0.36803819444444447 0.020462962962962995 0.020763888888888894
2 0.20664930555555555 0.37484375000000003 0.02517361111111107 0.023993055555555552
2 0.33849537037037036 0.35277777777777775 0.022037037037036987 0.022361111111111144
1 0.43603009259259257 0.33854166666666663 0.045509259259259235 0.027569444444444445
1 0.07088541666666666 0.3952604166666667 0.06914351851851852 0.05465277777777775
3 0.9369212962962962 0.46996527777777775 0.07284722222222229 0.13284722222222226