1 0.1265625 0.4125 0.078125 0.0546875
1 0.2234375 0.409375 0.08125 0.059375
0 0.565625 0.3609375 0.2546875 0.165625
1 0.234375 0.6109375 0.23125 0.1484375
1 0.915625 0.5984375 0.1671875 0.140625
2 0.334375 0.428125 0.0375 0.0640625
2 0.5203125 0.471875 0.0484375 0.0875
1 0.4890625 0.434375 0.1203125 0.0703125
0 0.925 0.721875 0.1390625 0.1140625
2 0.578125 0.4671875 0.0484375 0.0828125
2 0.3890625 0.44375 0.0390625 0.075
1 0.18125 0.521875 0.1453125 0.0828125
1 0.1546875 0.315625 0.0484375 0.028125
2 0.14375 0.3390625 0.0265625 0.0328125
1 0.925 0.35625 0.103125 0.0375
2 0.2671875 0.3453125 0.025 0.0375
3 0.3015625 0.71875 0.065625 0.0671875
1 0.3125 0.39375 0.0609375 0.0640625
3 0.078125 0.7046875 0.078125 0.071875
3 0.340625 0.546875 0.0515625 0.11875
2 0.9453125 0.496875 0.075 0.06875
3 0.046875 0.4703125 0.0328125 0.1234375
1 0.1203125 0.303125 0.0421875 0.0296875
3 0.0828125 0.6453125 0.0453125 0.0390625
1 0.8546875 0.46875 0.1328125 0.0734375
4 0.21875 0.3375 0.090625 0.078125
2 0.64375 0.6421875 0.1 0.1625
2 0.790625 0.50625 0.059375 0.103125
2 0.7234375 0.4765625 0.0484375 0.1140625
2 0.8078125 0.353125 0.0203125 0.01875
3 0.078125 0.4734375 0.0203125 0.1046875
3 0.040625 0.3953125 0.0203125 0.025
3 0.059375 0.3984375 0.01875 0.021875
1 0.071875 0.346875 0.03125 0.0359375
2 0.0734375 0.3171875 0.015625 0.021875
2 0.09375 0.3046875 0.009375 0.021875
2 0.2984375 0.34375 0.0171875 0.0328125
1 0.3421875 0.371875 0.053125 0.0421875
1 0.378125 0.3625 0.04375 0.0484375
2 0.39375 0.30625 0.009375 0.009375
2 0.35625 0.303125 0.009375 0.0125
4 0.6828125 0.31875 0.0328125 0.0609375
1 0.8234375 0.3484375 0.071875 0.03125
1 0.95859375 0.384375 0.0828125 0.040625
2 0.9265625 0.3609375 0.0125 0.015625