0 0.3155034722222222 0.5834780092592593 0.5992708333333333 0.4868981481481482
3 0.5698842592592592 0.5476851851851852 0.07223379629629641 0.13072916666666679
3 0.9485185185185185 0.4022627314814814 0.08413194444444443 0.09028935185185176
3 0.91375 0.3238888888888889 0.03231481481481495 0.07233796296296298
3 0.92421875 0.3026446759259259 0.027256944444444285 0.047268518518518474
1 0.8653877314814814 0.3722511574074074 0.09695601851851876 0.11234953703703701
3 0.8358680555555555 0.30864004629629627 0.03180555555555529 0.037962962962962976
2 0.7130034722222222 0.3245196759259259 0.03362268518518512 0.055173611111111145
2 0.6872453703703704 0.3233391203703704 0.030451388888888785 0.05200231481481481
2 0.05747685185185185 0.44358217592592586 0.0318287037037037 0.03952546296296298
1 0.86390625 0.2613599537037037 0.07424768518518512 0.05577546296296294
2 0.8613831018518517 0.22078125 0.022291666666666998 0.028449074074074154
4 0.8246064814814815 0.22523148148148148 0.05400462962962962 0.06016203703703704
2 0.8692187499999999 0.21910300925925927 0.019143518518518476 0.02684027777777782
1 0.6578935185185185 0.3011226851851852 0.05689814814814813 0.04458333333333329
1 0.6168402777777777 0.330630787037037 0.07581018518518512 0.055798611111111104
1 0.5708101851851852 0.37973958333333335 0.09182870370370359 0.08259259259259259
1 0.8110590277777778 0.4542881944444444 0.15975694444444458 0.13358796296296305
1 0.7621759259259259 0.5378067129629629 0.215162037037037 0.18283564814814818
1 0.6388194444444444 0.6396122685185185 0.1894212962962964 0.13246527777777786
1 0.04230034722222222 0.6375520833333332 0.08460069444444444 0.14817129629629627
2 0.8224305555555557 0.26666087962962964 0.02714120370370381 0.039456018518518474
0 0.71375 0.22140624999999997 0.0584837962962963 0.04616898148148145