1 0.9109375 0.584375 0.1671875 0.14375
1 0.240625 0.6109375 0.190625 0.1453125
2 0.753125 0.584375 0.0984375 0.1265625
1 0.715625 0.471875 0.140625 0.1046875
1 0.1828125 0.5234375 0.1359375 0.0890625
1 0.303125 0.3640625 0.0453125 0.0375
1 0.2765625 0.4140625 0.075 0.075
2 0.190625 0.340625 0.015625 0.028125
1 0.1109375 0.353125 0.05625 0.034375
1 0.2296875 0.3765625 0.0453125 0.053125
4 0.2421875 0.29375 0.0984375 0.0765625
2 0.54375 0.5046875 0.071875 0.1078125
2 0.175 0.35 0.028125 0.0421875
2 0.375 0.4109375 0.0390625 0.0515625
1 0.396875 0.375 0.0734375 0.04375
2 0.3296875 0.4125 0.03125 0.05625
0 0.1 0.2828125 0.0671875 0.04375
1 0.5296875 0.459375 0.1234375 0.0875
1 0.1203125 0.4046875 0.0890625 0.0546875
1 0.91875 0.359375 0.11875 0.0546875
1 0.2484375 0.3359375 0.0453125 0.025
1 0.4609375 0.4171875 0.071875 0.0515625
1 0.440625 0.36875 0.0359375 0.0453125
2 0.35 0.471875 0.053125 0.0875
2 0.140625 0.4375 0.040625 0.0734375
1 0.1171875 0.3171875 0.040625 0.034375
3 0.040625 0.50625 0.0671875 0.06875
2 0.4328125 0.48125 0.053125 0.084375
1 0.9375 0.478125 0.1203125 0.0859375
2 0.1640625 0.3421875 0.025 0.0328125
3 0.053125 0.4515625 0.021875 0.0828125
3 0.05 0.4015625 0.021875 0.034375
3 0.08125 0.678125 0.0671875 0.0953125
3 0.40625 0.75 0.0640625 0.0640625
4 0.5328125 0.30625 0.053125 0.0546875
1 0.340625 0.3671875 0.025 0.0453125
2 0.471875 0.3734375 0.01875 0.0390625
1 0.365625 0.3453125 0.0296875 0.015625
2 0.2984375 0.3375 0.015625 0.0203125
1 0.2625 0.353125 0.03125 0.0359375
2 0.1359375 0.3171875 0.0125 0.025
1 0.146875 0.309375 0.01875 0.021875