2 0.08919560185185185 0.55 0.0913888888888889 0.13189814814814813
4 0.2691898148148148 0.5146064814814816 0.1706134259259259 0.11686342592592602
1 0.806070601851852 0.5131134259259259 0.15608796296296318 0.10113425925925909
1 0.5798148148148148 0.4747106481481481 0.16523148148148153 0.0933912037037036
1 0.7483101851851852 0.37906249999999997 0.08130787037037042 0.0552777777777778
4 0.4412152777777778 0.5635474537037037 0.23923611111111107 0.16579861111111108
2 0.8239872685185186 0.33039351851851856 0.027534722222222287 0.03300925925925924
1 0.6491666666666667 0.34941550925925924 0.07629629629629626 0.044305555555555556
1 0.7843518518518519 0.3230671296296296 0.039988425925925955 0.0315393518518519
2 0.7806712962962963 0.3417939814814815 0.02459490740740744 0.03923611111111107
1 0.7609027777777777 0.5870138888888888 0.1974537037037038 0.12643518518518526
4 0.12083333333333332 0.34389467592592593 0.24166666666666664 0.1252893518518518
2 0.2542592592592593 0.5965451388888889 0.09800925925925927 0.14444444444444446
1 0.7019039351851852 0.33652199074074074 0.044768518518518444 0.03469907407407415
2 0.7212789351851852 0.42105902777777776 0.046203703703703705 0.08313657407407397
1 0.2738194444444445 0.35835648148148147 0.05106481481481477 0.03630787037037031
1 0.898263888888889 0.38173611111111116 0.08774305555555557 0.061574074074074045
2 0.8762210648148148 0.30811921296296296 0.022800925925925954 0.03141203703703699
1 0.895133101851852 0.30278935185185185 0.039849537037036954 0.026851851851851814
3 0.9350694444444445 0.405451388888889 0.020925925925925883 0.073576388888889
2 0.0658912037037037 0.7646701388888889 0.1317824074074074 0.0885532407407407
3 0.7267881944444444 0.6570891203703704 0.07107638888888897 0.13174768518518504
3 0.909554398148148 0.660005787037037 0.07052083333333314 0.11299768518518505
3 0.9511574074074073 0.4954340277777778 0.06292824074074091 0.06763888888888889
3 0.824837962962963 0.4335474537037037 0.03181712962962955 0.0720949074074074
3 0.9183622685185184 0.41548611111111117 0.020462962962962905 0.057951388888889
1 0.7937094907407407 0.29734953703703704 0.031898148148148134 0.022106481481481487
4 0.8117071759259259 0.27013310185185185 0.058831018518518616 0.034803240740740725
1 0.8744791666666666 0.28778935185185184 0.02394675925925931 0.01736111111111107
1 0.8528125 0.2805960648148148 0.023946759259258953 0.01736111111111107
1 0.9204050925925926 0.32016782407407407 0.032175925925925955 0.031481481481481485
4 0.5915046296296296 0.29116319444444444 0.0714236111111111 0.03802083333333339