2 0.6859375 0.4484375 0.0609375 0.084375
1 0.1375 0.40625 0.0859375 0.0609375
1 0.18125 0.525 0.1421875 0.09375
1 0.3359375 0.3703125 0.0578125 0.0453125
1 0.2375 0.6078125 0.190625 0.15
1 0.2703125 0.3828125 0.0625 0.05625
2 0.7953125 0.459375 0.071875 0.0796875
3 0.2046875 0.4515625 0.0453125 0.059375
2 0.134375 0.3359375 0.028125 0.040625
0 0.9265625 0.71875 0.1421875 0.1234375
2 0.35 0.434375 0.0375 0.09375
2 0.5453125 0.4859375 0.0671875 0.084375
1 0.8375 0.35 0.09375 0.0375
1 0.11875 0.3 0.0203125 0.01875
1 0.15 0.3140625 0.034375 0.0234375
2 0.228125 0.33125 0.0203125 0.0328125
2 0.2203125 0.33125 0.0375 0.0421875
2 0.2125 0.334375 0.025 0.0328125
2 0.1859375 0.346875 0.028125 0.040625
2 0.196875 0.35 0.0375 0.04375
1 0.0859375 0.334375 0.0578125 0.05625
3 0.059375 0.4875 0.028125 0.1078125
3 0.09375 0.4796875 0.0328125 0.1125
3 0.0421875 0.40625 0.0125 0.040625
3 0.053125 0.390625 0.0125 0.025
1 0.284375 0.3421875 0.0453125 0.03125
2 0.4921875 0.4375 0.0296875 0.0734375
2 0.3890625 0.4203125 0.03125 0.071875
2 0.4296875 0.3828125 0.021875 0.05625
2 0.4640625 0.409375 0.0296875 0.0671875
2 0.5234375 0.5890625 0.0640625 0.1265625
3 0.5734375 0.6671875 0.0703125 0.1796875
3 0.48125 0.7375 0.05625 0.0875
3 0.459375 0.6515625 0.0390625 0.1578125
3 0.0734375 0.696875 0.065625 0.084375
3 0.06875 0.6625 0.05625 0.0671875
2 0.2515625 0.346875 0.015625 0.0265625
2 0.10625 0.315625 0.0125 0.0296875
1 0.16875 0.328125 0.0328125 0.03125
1 0.1921875 0.309375 0.0265625 0.0203125
1 0.0984375 0.2921875 0.01875 0.0140625
2 0.075 0.296875 0.0109375 0.0171875
1 0.0765625 0.284375 0.01875 0.0125
2 0.084375 0.296875 0.009375 0.0203125
2 0.171875 0.303125 0.0140625 0.0171875