1 0.7792476851851852 0.5389930555555555 0.21374999999999994 0.1781944444444445
2 0.11839699074074073 0.5800868055555556 0.11039351851851853 0.14236111111111108
1 0.821556712962963 0.44802083333333337 0.15390046296296306 0.11149305555555564
2 0.6458217592592593 0.3565798611111111 0.05350694444444457 0.053923611111111124
1 0.658148148148148 0.4380902777777778 0.13225694444444436 0.14177083333333335
2 0.3791203703703704 0.5395833333333334 0.10248842592592596 0.12951388888888893
2 0.8575578703703703 0.34951388888888885 0.05988425925925931 0.07138888888888886
1 0.6516782407407408 0.3031770833333333 0.06756944444444439 0.05454861111111109
1 0.7015277777777778 0.28064236111111107 0.034629629629629656 0.03590277777777775
0 0.76796875 0.28237847222222223 0.10859953703703695 0.11104166666666666
3 0.9488425925925925 0.5899479166666667 0.10231481481481489 0.20628472222222224
3 0.7058854166666666 0.6579166666666667 0.07763888888888885 0.14871527777777782
2 0.5794849537037037 0.36890625000000005 0.04121527777777771 0.08149305555555557
2 0.5155266203703703 0.3858159722222222 0.0427893518518518 0.08312500000000007
1 0.4047280092592592 0.4094965277777778 0.11461805555555564 0.08006944444444439
1 0.5223437499999999 0.35659722222222223 0.0847453703703703 0.053749999999999964
1 0.8620659722222221 0.3250868055555555 0.08016203703703724 0.06760416666666665
2 0.8725000000000002 0.2566319444444444 0.02998842592592581 0.04194444444444443
4 0.6027719907407407 0.2420486111111111 0.11469907407407405 0.09100694444444439
0 0.8899537037037037 0.1863020833333333 0.04561342592592581 0.04263888888888889
1 0.06400462962962963 0.41135416666666663 0.09578703703703706 0.0682986111111111
1 0.1622685185185185 0.38354166666666667 0.06276620370370374 0.038715277777777765
1 0.29180555555555554 0.35746527777777776 0.0503009259259259 0.04284722222222222
1 0.40957175925925926 0.3248784722222222 0.043935185185185154 0.026944444444444392
0 0.41250578703703705 0.2989583333333333 0.05179398148148149 0.03354166666666671
3 0.9066261574074075 0.3270138888888889 0.031782407407407474 0.07326388888888893
2 0.8488310185185185 0.2264236111111111 0.020520833333333145 0.029027777777777784