0 0.8953645833333332 0.3994270833333333 0.19350694444444444 0.13392361111111112
4 0.7275694444444445 0.36020833333333335 0.1518402777777778 0.08614583333333332
4 0.12670138888888888 0.20177083333333332 0.055798611111111104 0.05121527777777777
1 0.7082465277777776 0.7377951388888888 0.33708333333333335 0.19958333333333336
1 0.8772916666666667 0.6504861111111111 0.19263888888888872 0.16513888888888886
1 0.7633680555555555 0.5062152777777778 0.18378472222222228 0.11809027777777778
1 0.5155902777777778 0.48204861111111114 0.13993055555555553 0.1124305555555555
1 0.4411284722222223 0.3540798611111111 0.09548611111111108 0.0802083333333333
2 0.29328125 0.3659548611111111 0.03420138888888893 0.06322916666666671
1 0.12355902777777779 0.3783159722222222 0.1162152777777778 0.09940972222222229
1 0.09083333333333334 0.30486111111111114 0.05576388888888888 0.04965277777777777
3 0.12670138888888888 0.3071875 0.027743055555555562 0.053715277777777806
2 0.16741319444444444 0.3023784722222222 0.030659722222222196 0.04440972222222221
2 0.22560763888888888 0.31904513888888886 0.03402777777777777 0.05541666666666671
2 0.26465277777777774 0.31895833333333334 0.03225694444444445 0.04600694444444446
1 0.3285416666666666 0.32534722222222223 0.07340277777777775 0.07034722222222226
1 0.22109375 0.5573090277777778 0.21003472222222222 0.17489583333333342
1 0.16902777777777778 0.4756944444444445 0.179375 0.13048611111111122
3 0.21815972222222224 0.6190625000000001 0.057361111111111106 0.12152777777777786
3 0.031649305555555556 0.42880208333333336 0.06329861111111111 0.08892361111111118
3 0.06440972222222222 0.33434027777777775 0.03746527777777777 0.06954861111111103
2 0.6564062500000001 0.50546875 0.07263888888888878 0.10625
2 0.3209375 0.4215625 0.051874999999999984 0.08548611111111111
1 0.2442361111111111 0.2889583333333333 0.052465277777777784 0.041770833333333354