4 0.5328703703703704 0.3409143518518518 0.2127893518518519 0.18420138888888893
1 0.25581597222222224 0.5913483796296296 0.19201388888888893 0.17094907407407406
1 0.4512731481481481 0.39791666666666664 0.10254629629629619 0.07245370370370371
0 0.9575810185185185 0.34444444444444444 0.08483796296296298 0.11296296296296297
1 0.8741608796296296 0.5152488425925925 0.24340277777777786 0.16817129629629618
1 0.3008680555555555 0.4136574074074074 0.1168981481481481 0.08078703703703702
1 0.603125 0.4846064814814815 0.15567129629629636 0.11655092592592595
1 0.32644675925925926 0.3438657407407407 0.05821759259259256 0.055208333333333304
1 0.7230324074074075 0.42696759259259254 0.16637731481481488 0.11070601851851851
1 0.13483796296296297 0.4299768518518519 0.1114583333333333 0.10243055555555554
3 0.28995949074074073 0.47821180555555554 0.054629629629629584 0.08472222222222214
1 0.2008101851851852 0.5002893518518519 0.16134259259259257 0.10115740740740727
1 0.42442129629629627 0.6868055555555556 0.23402777777777786 0.16782407407407404
3 0.19215856481481483 0.6469039351851851 0.08292824074074075 0.1747106481481481
3 0.05752314814814815 0.47586805555555556 0.06221064814814814 0.07876157407407405
3 0.06765046296296297 0.3902199074074074 0.02436342592592593 0.06799768518518512
0 0.22410300925925924 0.32653356481481477 0.12424768518518521 0.11070601851851851
1 0.08258101851851851 0.34976851851851853 0.0721064814814815 0.051041666666666693
2 0.14609375 0.31142939814814813 0.016782407407407395 0.03182870370370372
2 0.11666666666666665 0.2984375 0.015162037037037024 0.030208333333333302
2 0.09131944444444444 0.3111111111111111 0.016840277777777767 0.03339120370370372
0 0.19997106481481483 0.24528356481481478 0.03200231481481479 0.02146990740740744
1 0.12152777777777776 0.2818287037037037 0.032175925925925955 0.02615740740740744
4 0.17583912037037036 0.2696469907407407 0.029050925925925907 0.026041666666666696
2 0.14609375 0.2691840277777778 0.014872685185185208 0.022395833333333393
2 0.07254050925925926 0.28990162037037037 0.013194444444444463 0.019212962962962977
1 0.7367766203703704 0.3333622685185185 0.07615740740740726 0.03402777777777777