1 0.75078125 0.42408564814814814 0.0921875 0.08915509259259266
1 0.77421875 0.6307696759259259 0.2234375 0.17252314814814812
1 0.4734375 0.4370486111111111 0.10625 0.06957175925925921
2 0.675 0.488125 0.05625 0.0951041666666665
1 0.7 0.3737962962962963 0.0578125 0.03112268518518526
3 0.95859375 0.5223611111111112 0.071875 0.07403935185185198
1 0.81640625 0.543894675925926 0.1546875 0.10333333333333332
2 0.575 0.5524710648148148 0.0796875 0.12131944444444435
1 0.81875 0.34792245370370367 0.0453125 0.04141203703703704
2 0.4875 0.45418402777777783 0.05 0.07134259259259253
1 0.778125 0.36925347222222227 0.059375 0.039016203703703664
1 0.6015625 0.43509837962962966 0.090625 0.08594907407407408
1 0.884375 0.3357002314814815 0.04375 0.03820601851851855
1 0.86171875 0.429837962962963 0.0671875 0.061296296296296224
3 0.921875 0.44623842592592594 0.0328125 0.075138888888889
1 0.69140625 0.35772569444444446 0.05625 0.02791666666666668
0 0.19296875 0.566255787037037 0.3859375 0.4637615740740742
2 0.5875 0.5101504629629631 0.0796875 0.12131944444444435
4 0.56015625 0.3118576388888889 0.10625 0.0820717592592592
1 0.5890625 0.3946064814814815 0.059375 0.04370370370370376
1 0.3765625 0.36405671296296294 0.053125 0.03556712962962969
1 0.6671875 0.3252199074074074 0.0328125 0.02670138888888891
1 0.76953125 0.3453703703703704 0.0390625 0.030150462962962976
1 0.80546875 0.3355150462962963 0.034375 0.025219907407407406
1 0.9140625 0.3536458333333333 0.0515625 0.03548611111111111
1 0.91328125 0.405949074074074 0.0625 0.048553240740740834
1 0.909375 0.3088715277777778 0.03125 0.023495370370370416
1 0.871875 0.30770833333333336 0.025 0.020046296296296263
1 0.7359375 0.30690972222222224 0.0171875 0.019641203703703702
3 0.87734375 0.47517939814814814 0.021875 0.08238425925925927
2 0.68125 0.4368865740740741 0.03125 0.039120370370370236