1 0.6200868055555555 0.4477256944444445 0.1526736111111111 0.09861111111111107
1 0.8854427083333334 0.5013715277777777 0.22911458333333315 0.13493055555555564
1 0.26875 0.6381597222222222 0.24208333333333334 0.1786458333333334
1 0.13741319444444444 0.4401215277777778 0.09163194444444445 0.059791666666666646
1 0.4494444444444444 0.38383680555555555 0.09559027777777782 0.07861111111111115
2 0.3513194444444444 0.3886805555555556 0.03965277777777772 0.049270833333333375
2 0.14156249999999998 0.3754340277777778 0.032638888888888926 0.03194444444444446
4 0.27972222222222226 0.39333333333333337 0.11524305555555561 0.09934027777777779
1 0.2089236111111111 0.5564409722222222 0.15607638888888892 0.10493055555555557
1 0.15536458333333333 0.3523263888888889 0.05777777777777775 0.03562499999999993
3 0.13170138888888888 0.750625 0.08031250000000001 0.086076388888889
4 0.23088541666666665 0.3305902777777778 0.11121527777777782 0.07895833333333328
1 0.1326909722222222 0.3338715277777778 0.045208333333333336 0.033784722222222195
2 0.25940972222222225 0.42800347222222224 0.06065972222222218 0.06534722222222218
2 0.17793402777777775 0.36843750000000003 0.027881944444444428 0.030277777777777716
3 0.13130208333333332 0.6889583333333333 0.05038194444444444 0.04482638888888886
2 0.14930555555555552 0.44428819444444445 0.023125000000000017 0.028611111111111143
1 0.08421875000000001 0.36713541666666666 0.044201388888888894 0.046250000000000034
1 0.08828125 0.42342013888888885 0.06166666666666667 0.052881944444444426
3 0.07170138888888888 0.5245138888888888 0.07565972222222221 0.121875