1 0.3359375 0.3796875 0.084375 0.059375
1 0.2296875 0.6109375 0.225 0.15
3 0.0765625 0.428125 0.0328125 0.071875
1 0.128125 0.4109375 0.0765625 0.0546875
1 0.2140625 0.34375 0.059375 0.0375
1 0.534375 0.409375 0.1078125 0.065625
1 0.1828125 0.525 0.1453125 0.0875
2 0.21875 0.396875 0.0453125 0.0578125
2 0.1625 0.3375 0.0328125 0.046875
3 0.040625 0.503125 0.0703125 0.06875
2 0.296875 0.40625 0.0484375 0.05625
3 0.540625 0.7203125 0.0890625 0.121875
2 0.1703125 0.3265625 0.0453125 0.04375
0 0.8921875 0.625 0.215625 0.30625
1 0.8171875 0.3578125 0.090625 0.05
2 0.1296875 0.3109375 0.0203125 0.028125
2 0.4765625 0.31875 0.0203125 0.0328125