1 0.12644097222222223 0.5621006944444444 0.2328125 0.22107638888888878
1 0.7577083333333332 0.6963020833333333 0.25114583333333335 0.20315972222222226
1 0.6989236111111111 0.5094965277777778 0.11156250000000015 0.10329861111111108
1 0.7965277777777777 0.5114930555555556 0.09420138888888889 0.09472222222222229
1 0.895954861111111 0.5252777777777778 0.09697916666666657 0.07923611111111128
2 0.5286979166666667 0.5058333333333334 0.06944444444444446 0.104548611111111
1 0.5426909722222222 0.4330902777777778 0.100138888888889 0.08093749999999993
1 0.8140277777777778 0.6316840277777778 0.179548611111111 0.14222222222222225
1 0.8366666666666667 0.4563020833333333 0.07788194444444443 0.06277777777777764
3 0.8910763888888888 0.8325694444444445 0.081388888888889 0.08010416666666664
1 0.875625 0.4533506944444444 0.06687499999999993 0.05916666666666668
1 0.16015625 0.2880902777777778 0.1373611111111111 0.07010416666666668
2 0.47815972222222225 0.40914930555555556 0.05472222222222225 0.07423611111111103
3 0.8869791666666667 0.7886805555555556 0.07836805555555557 0.08465277777777765
1 0.9405555555555555 0.460138888888889 0.08392361111111128 0.05368055555555564
2 0.5931076388888888 0.5243055555555556 0.07732638888888879 0.10802083333333332
3 0.9611284722222223 0.6352604166666668 0.07774305555555543 0.10055555555555565
3 0.9527604166666667 0.5527777777777778 0.05802083333333315 0.08218750000000004
4 0.8192534722222222 0.4102604166666667 0.06180555555555571 0.041770833333333354
3 0.9638194444444445 0.5955208333333333 0.07236111111111114 0.09864583333333332
1 0.7672048611111111 0.4212152777777778 0.06350694444444435 0.04809027777777786
1 0.79125 0.3793576388888889 0.056944444444444464 0.03375000000000004
2 0.7722569444444444 0.4378298611111111 0.047951388888888856 0.05052083333333339
2 0.6157986111111111 0.4566319444444445 0.046736111111111 0.06607638888888889
1 0.9595312500000001 0.5033680555555555 0.08093749999999993 0.054027777777777786
2 0.7559201388888889 0.44022569444444437 0.047986111111111104 0.05208333333333322
2 0.8089409722222222 0.4378993055555556 0.033784722222222285 0.04520833333333343
1 0.59796875 0.35671875000000003 0.061701388888888785 0.03708333333333336
3 0.8958506944444444 0.7664409722222223 0.05406249999999986 0.04454861111111121
1 0.8747743055555557 0.41506944444444444 0.05538194444444429 0.03368055555555553
2 0.644357638888889 0.44229166666666664 0.04656249999999993 0.05826388888888889
2 0.6984722222222223 0.4189409722222222 0.04642361111111111 0.052013888888888894
4 0.4239583333333333 0.3232291666666667 0.14579861111111114 0.09857638888888882
1 0.29423611111111114 0.31590277777777775 0.10465277777777775 0.07333333333333333