1 0.8984375 0.353125 0.046875 0.0375
1 0.8203125 0.5765625 0.2875 0.1609375
1 0.1890625 0.4515625 0.1234375 0.065625
1 0.2375 0.609375 0.196875 0.1515625
1 0.1859375 0.5265625 0.1484375 0.1
1 0.36875 0.4125 0.0984375 0.0671875
2 0.6296875 0.5828125 0.0875 0.1515625
1 0.9484375 0.3734375 0.096875 0.0484375
2 0.31875 0.3609375 0.028125 0.040625
1 0.875 0.49375 0.2078125 0.0953125
4 0.746875 0.328125 0.1109375 0.0765625
2 0.43125 0.4 0.0421875 0.059375
1 0.1234375 0.403125 0.075 0.053125
2 0.165625 0.3796875 0.0390625 0.053125
3 0.1 0.4828125 0.0328125 0.1125
2 0.26875 0.3609375 0.0328125 0.046875
2 0.1375 0.3109375 0.0140625 0.028125
4 0.1984375 0.29375 0.065625 0.0515625
3 0.2546875 0.475 0.0296875 0.1078125
3 0.284375 0.46875 0.0265625 0.109375
3 0.0734375 0.653125 0.05625 0.06875
3 0.0828125 0.6953125 0.06875 0.059375
3 0.0390625 0.4828125 0.0390625 0.096875
3 0.0640625 0.478125 0.028125 0.1109375
3 0.0671875 0.4046875 0.0203125 0.0359375
1 0.1046875 0.3109375 0.03125 0.0296875
1 0.1203125 0.2953125 0.015625 0.01875
1 0.0765625 0.2921875 0.021875 0.0171875
1 0.065625 0.346875 0.0328125 0.0359375
1 0.084375 0.3796875 0.0375 0.025