1 0.23561342592592593 0.5753587962962963 0.19800925925925927 0.16479166666666673
1 0.18733796296296296 0.4945891203703704 0.14288194444444446 0.10217592592592588
0 0.7203356481481482 0.5745949074074075 0.5593287037037037 0.4114583333333332
2 0.31635416666666666 0.39627893518518514 0.04587962962962964 0.07924768518518518
1 0.3449594907407407 0.35394097222222226 0.08008101851851848 0.05784722222222225
2 0.24156249999999999 0.32333333333333336 0.039421296296296315 0.05075231481481479
4 0.2944907407407408 0.2936226851851852 0.12244212962962964 0.08378472222222229
2 0.14446180555555554 0.40412037037037035 0.05045138888888889 0.063900462962963
3 0.34380208333333334 0.6197511574074074 0.07146990740740744 0.1604166666666666
3 0.27236689814814813 0.6833854166666666 0.08540509259259262 0.14406250000000007
3 0.06672453703703704 0.6721238425925925 0.09016203703703704 0.15371527777777771
3 0.04020833333333333 0.4689178240740741 0.04903935185185184 0.08412037037037053
3 0.07638310185185185 0.39330439814814816 0.017743055555555554 0.07601851851851844
3 0.059444444444444446 0.42791666666666667 0.03032407407407407 0.08769675925925924
1 0.12863425925925925 0.3777025462962963 0.07541666666666665 0.060694444444444426
1 0.08549768518518519 0.3575925925925926 0.05960648148148149 0.034768518518518476
1 0.1351215277777778 0.30384837962962963 0.036249999999999984 0.04431712962962964
1 0.12013310185185185 0.2851967592592593 0.029895833333333323 0.02988425925925924
2 0.09135416666666667 0.3040972222222222 0.017418981481481487 0.03226851851851844
2 0.29631944444444447 0.3294675925925926 0.014351851851851815 0.03989583333333328
2 0.18447337962962962 0.318900462962963 0.014305555555555571 0.033645833333333285
2 0.1665451388888889 0.32543402777777775 0.020613425925925945 0.04182870370370369
1 0.9301793981481481 0.3278587962962963 0.10508101851851848 0.05932870370370367
1 0.8339467592592593 0.31480324074074073 0.06908564814814824 0.04938657407407412
4 0.44278935185185186 0.2660763888888889 0.08634259259259255 0.05978009259259256
1 0.4463020833333333 0.42374999999999996 0.07569444444444447 0.09819444444444443
1 0.47405671296296303 0.3720833333333333 0.11121527777777765 0.044074074074074064
1 0.5336574074074074 0.2935185185185185 0.045509259259259235 0.02924768518518519
1 0.7097511574074075 0.32528935185185187 0.05487268518518533 0.028240740740740743
0 0.14942708333333332 0.23031249999999998 0.04251157407407406 0.046250000000000034
0 0.1715625 0.2641724537037037 0.02835648148148149 0.032916666666666664
1 0.22259837962962964 0.29553819444444446 0.03300925925925924 0.02850694444444448