0 0.27463541666666663 0.36151041666666667 0.1930902777777778 0.17333333333333326
1 0.7844444444444444 0.6148958333333333 0.15434027777777767 0.14270833333333321
1 0.7796701388888889 0.5283854166666667 0.11760416666666665 0.08729166666666668
2 0.7965104166666667 0.6783854166666666 0.1125694444444445 0.1492708333333333
1 0.1773784722222222 0.25786458333333334 0.04350694444444443 0.032500000000000015
3 0.17604166666666665 0.6581770833333334 0.09052083333333334 0.10885416666666678
3 0.17131944444444444 0.41182291666666665 0.07159722222222217 0.06864583333333343
1 0.1658159722222222 0.4827604166666667 0.1754513888888889 0.12697916666666664
2 0.9360069444444445 0.6602604166666667 0.07659722222222243 0.11104166666666675
0 0.27729166666666666 0.2841145833333333 0.12770833333333337 0.06927083333333339
3 0.037725694444444444 0.6338541666666666 0.07545138888888889 0.09270833333333321
1 0.18774305555555557 0.5711979166666666 0.2503125 0.1989583333333334
0 0.5343055555555556 0.5308333333333334 0.46045138888888887 0.4404166666666667
3 0.10670138888888889 0.4200520833333334 0.059930555555555556 0.08656250000000014
3 0.03621527777777778 0.61109375 0.07243055555555555 0.12197916666666657
1 0.1440625 0.35515625 0.07649305555555555 0.07364583333333333
2 0.16666666666666666 0.3049479166666667 0.041423611111111126 0.05572916666666661
3 0.03984375 0.4101041666666667 0.0796875 0.11437500000000007
1 0.8264409722222222 0.4633333333333334 0.07559027777777771 0.05333333333333332
1 0.12440972222222221 0.23317708333333337 0.03243055555555556 0.02864583333333339
2 0.14305555555555555 0.23677083333333332 0.01822916666666665 0.024583333333333356
3 0.09902777777777778 0.27536458333333336 0.028437499999999984 0.04395833333333332
2 0.88890625 0.7856249999999999 0.13034722222222223 0.19875000000000007
3 0.06914930555555557 0.33057291666666666 0.05364583333333335 0.05031249999999998