1 0.3529861111111111 0.428587962962963 0.1815393518518519 0.12633101851851852
1 0.5456828703703704 0.3927893518518519 0.09327546296296294 0.07412037037037038
4 0.7728530092592593 0.4028240740740741 0.11584490740740741 0.12115740740740737
1 0.636730324074074 0.5217881944444445 0.14112268518518523 0.14009259259259252
2 0.2323321759259259 0.6107118055555556 0.17357638888888882 0.221574074074074
0 0.5336400462962964 0.3092939814814815 0.09318287037037046 0.06787037037037039
4 0.5357407407407407 0.32568287037037036 0.07417824074074061 0.05054398148148147
3 0.6800115740740741 0.7112905092592593 0.09259259259259256 0.1334837962962963
2 0.20824074074074073 0.3913831018518518 0.09210648148148151 0.1006712962962963
1 0.7856076388888888 0.5964583333333333 0.1784837962962964 0.13099537037037035
1 0.754375 0.4373321759259259 0.07569444444444447 0.04743055555555564
3 0.9367418981481481 0.5187847222222223 0.07011574074074076 0.09269675925925931
2 0.8695428240740741 0.4146064814814815 0.03031250000000014 0.04240740740740741
2 0.8477025462962964 0.41242476851851856 0.035069444444444285 0.04712962962962965
2 0.8928645833333334 0.4222453703703704 0.03026620370370381 0.039282407407407405
3 0.9346759259259259 0.6055092592592592 0.08716435185185176 0.08344907407407405
1 0.6853414351851852 0.40425347222222224 0.07119212962962962 0.05989583333333339
2 0.9231944444444444 0.43139467592592595 0.03341435185185197 0.040868055555555574
3 0.8655844907407406 0.7872511574074074 0.10674768518518504 0.13983796296296286
1 0.6068981481481481 0.4790451388888889 0.11738425925925924 0.11960648148148145
1 0.6267708333333333 0.403125 0.09021990740740744 0.07878472222222221
0 0.9201446759259259 0.37361111111111106 0.06489583333333329 0.05672453703703706
0 0.8697685185185187 0.3466435185185185 0.039548611111111145 0.0331018518518519
4 0.8054398148148149 0.36508680555555556 0.09824074074074077 0.09290509259259264
1 0.7167476851851852 0.6571180555555556 0.20434027777777786 0.1889930555555555