1 0.6775520833333333 0.4675173611111111 0.16305555555555565 0.09888888888888889
0 0.8667187500000001 0.6343229166666667 0.24274305555555528 0.2412152777777777
0 0.6834548611111112 0.3073090277777778 0.17510416666666656 0.07885416666666663
1 0.5327256944444445 0.37859375 0.09010416666666679 0.04885416666666664
1 0.09803819444444443 0.3671701388888889 0.060277777777777784 0.04194444444444443
1 0.2665625 0.44385416666666666 0.0926388888888889 0.0926388888888889
1 0.9026909722222222 0.4562673611111111 0.17572916666666671 0.10697916666666671
1 0.2166840277777778 0.6151909722222222 0.23631944444444447 0.16298611111111114
1 0.20883680555555556 0.3709548611111111 0.06513888888888886 0.049861111111111175
1 0.17505208333333333 0.5208506944444444 0.1436805555555556 0.07034722222222226
1 0.3228298611111111 0.3715451388888889 0.07590277777777779 0.04229166666666666
4 0.1675173611111111 0.29769097222222224 0.07746527777777779 0.04232638888888882
1 0.11098958333333334 0.4168576388888889 0.08715277777777777 0.056597222222222146
2 0.37984375 0.4061979166666666 0.03270833333333334 0.06631944444444446
2 0.3063194444444445 0.41173611111111114 0.021736111111111088 0.0645138888888889
3 0.22897569444444446 0.6945659722222223 0.07243055555555555 0.096875
3 0.05361111111111111 0.7148611111111112 0.07059027777777778 0.08434027777777775
2 0.57109375 0.40897569444444437 0.04829861111111118 0.06510416666666678
1 0.2302951388888889 0.3540798611111111 0.07750000000000004 0.04388888888888891
2 0.1371875 0.36239583333333336 0.021319444444444446 0.045763888888888896
4 0.1954340277777778 0.7632465277777778 0.29500000000000004 0.06277777777777764
2 0.6038541666666667 0.5511458333333333 0.08163194444444458 0.08927083333333333
3 0.1740625 0.4599652777777778 0.031076388888888928 0.06315972222222221
2 0.6471006944444444 0.3971354166666667 0.04156250000000004 0.04309027777777778
3 0.14265624999999998 0.46769097222222217 0.0338888888888889 0.04916666666666671
2 0.10696180555555554 0.3169965277777778 0.013055555555555553 0.025277777777777823
2 0.10689236111111111 0.3201215277777778 0.017708333333333347 0.023819444444444393
3 0.017812500000000002 0.4916840277777778 0.035625000000000004 0.11350694444444435
2 0.9233506944444445 0.33477430555555554 0.041458333333333285 0.038402777777777786
4 0.09421875 0.2930729166666667 0.060416666666666674 0.04819444444444443
3 0.03828125 0.49109374999999994 0.05874999999999999 0.11374999999999993
2 0.5592534722222222 0.48498263888888893 0.05048611111111114 0.09326388888888885
2 0.4912152777777778 0.45447916666666666 0.055347222222222214 0.1011805555555556
2 0.32230902777777776 0.3949826388888889 0.02475694444444443 0.05989583333333339
2 0.2960763888888889 0.3455902777777778 0.014513888888888892 0.020624999999999984
2 0.2979513888888889 0.3314930555555556 0.012708333333333321 0.00965277777777782
2 0.2696354166666667 0.3407118055555555 0.014861111111111125 0.036250000000000074
2 0.27609374999999997 0.33119791666666665 0.014722222222222215 0.02999999999999998
2 0.16050347222222222 0.36734374999999997 0.019652777777777786 0.04104166666666664
2 0.14977430555555554 0.35821180555555554 0.01333333333333333 0.03777777777777782
2 0.13631944444444444 0.3311805555555556 0.013020833333333304 0.02371527777777782
2 0.1209375 0.3205902777777778 0.013020833333333304 0.02371527777777782
3 0.055347222222222214 0.35562499999999997 0.014826388888888875 0.03468749999999998
3 0.06621527777777778 0.3585069444444445 0.011458333333333348 0.023680555555555573
3 0.07592013888888889 0.3434548611111111 0.014513888888888892 0.020624999999999984
2 0.09623263888888889 0.34300347222222227 0.012812499999999982 0.014340277777777822
3 0.07022569444444444 0.42401041666666667 0.016111111111111097 0.022222222222222143
3 0.04083333333333333 0.4113888888888889 0.027152777777777783 0.027152777777777713
3 0.10442708333333332 0.5013368055555556 0.030590277777777786 0.041284722222222216
3 0.07940972222222223 0.5026736111111111 0.033090277777777774 0.08350694444444447
3 0.12449652777777778 0.6172395833333333 0.06902777777777777 0.15458333333333343
3 0.06430555555555556 0.6552777777777778 0.04145833333333333 0.038402777777777786
2 0.22786458333333334 0.39317708333333334 0.024791666666666677 0.06145833333333339
0 0.27394097222222225 0.28751736111111115 0.05076388888888887 0.03548611111111111
0 0.22795138888888894 0.28385416666666663 0.04614583333333329 0.03850694444444445
4 0.18440972222222224 0.27545138888888887 0.02545138888888889 0.020868055555555553
4 0.5159027777777778 0.29229166666666667 0.08565972222222236 0.059687499999999984
1 0.5583506944444444 0.3147743055555556 0.033368055555555644 0.025729166666666713
1 0.5996180555555556 0.3201041666666667 0.03312500000000007 0.014791666666666713
1 0.8026909722222222 0.3179340277777778 0.05545138888888914 0.03559027777777777
2 0.8385590277777777 0.32026041666666666 0.02395833333333357 0.023958333333333304