1 0.15636574074074075 0.4767534722222223 0.17275462962962962 0.12399305555555565
1 0.18849537037037037 0.5682118055555556 0.22599537037037037 0.17979166666666657
1 0.12388310185185185 0.3516493055555555 0.09810185185185186 0.0755208333333334
0 0.7138773148148149 0.6526388888888889 0.5239120370370369 0.46729166666666655
1 0.16555555555555554 0.2688715277777778 0.04578703703703706 0.0353472222222222
4 0.5928182870370371 0.3589409722222222 0.09809027777777786 0.048993055555555554
1 0.3271469907407408 0.35381944444444446 0.06417824074074066 0.05604166666666668
1 0.13025462962962964 0.2837326388888889 0.05672453703703706 0.03559027777777786
2 0.3908680555555556 0.40060763888888895 0.05398148148148145 0.0682986111111111
3 0.05876736111111112 0.3415972222222222 0.07081018518518518 0.08895833333333333
3 0.027766203703703706 0.4258680555555555 0.05553240740740741 0.08923611111111107
2 0.4690393518518519 0.4015625 0.06638888888888879 0.06701388888888893
2 0.19083333333333335 0.37034722222222227 0.05297453703703705 0.07763888888888885
3 0.023593750000000004 0.6227604166666667 0.04718750000000001 0.1486458333333333
1 0.26291666666666663 0.315625 0.05755787037037034 0.04965277777777777
1 0.19403356481481482 0.30314236111111115 0.054618055555555586 0.05270833333333336
1 0.7332407407407407 0.4050868055555556 0.05984953703703706 0.035659722222222356
4 0.9259374999999999 0.40076388888888886 0.11368055555555542 0.18041666666666673