1 0.2421875 0.6078125 0.19375 0.15
2 0.6 0.4390625 0.05 0.075
1 0.1890625 0.36875 0.05625 0.0515625
1 0.1796875 0.5265625 0.14375 0.096875
1 0.4453125 0.440625 0.0921875 0.0859375
2 0.5109375 0.425 0.040625 0.0609375
2 0.2859375 0.3796875 0.034375 0.053125
1 0.1328125 0.4109375 0.0671875 0.059375
2 0.1234375 0.33125 0.028125 0.0328125
0 0.82734375 0.47265625 0.3453125 0.3203125
3 0.0375 0.50625 0.06875 0.075
2 0.1046875 0.30625 0.01875 0.03125
4 0.4203125 0.303125 0.1140625 0.0359375
2 0.4140625 0.39375 0.040625 0.040625
3 0.096875 0.4359375 0.0390625 0.0859375
3 0.0703125 0.4234375 0.028125 0.0890625
3 0.04375 0.41875 0.025 0.0765625
1 0.2640625 0.3390625 0.0546875 0.0359375
1 0.325 0.36875 0.0765625 0.053125
4 0.203125 0.26875 0.046875 0.04375
1 0.4875 0.3828125 0.0875 0.0625