1 0.87734375 0.621875 0.2453125 0.175
1 0.121875 0.4109375 0.0984375 0.059375
1 0.746875 0.4515625 0.171875 0.1046875
1 0.2375 0.6140625 0.1921875 0.1578125
1 0.18125 0.5390625 0.146875 0.11875
1 0.24375 0.346875 0.0484375 0.025
1 0.2953125 0.371875 0.065625 0.0421875
2 0.36875 0.4984375 0.0625 0.1078125
1 0.5 0.49375 0.134375 0.0921875
1 0.1171875 0.3046875 0.03125 0.01875
2 0.1625 0.33125 0.025 0.03125
1 0.196875 0.3234375 0.0390625 0.025
4 0.546875 0.36875 0.2140625 0.1390625
1 0.1140625 0.33125 0.0328125 0.0375
1 0.2453125 0.334375 0.0484375 0.0140625
3 0.05625 0.41875 0.04375 0.0765625
2 0.1640625 0.3296875 0.015625 0.0359375
1 0.146875 0.3015625 0.0265625 0.021875
2 0.2265625 0.3953125 0.040625 0.05625
3 0.2765625 0.6515625 0.1125 0.146875
1 0.2484375 0.3234375 0.0390625 0.0203125
1 0.296875 0.3359375 0.0515625 0.0234375
1 0.3421875 0.4265625 0.1078125 0.071875
3 0.0671875 0.671875 0.11875 0.115625
3 0.0390625 0.5 0.06875 0.0859375
1 0.0734375 0.2984375 0.025 0.0296875
2 0.5265625 0.41875 0.0453125 0.059375
2 0.3546875 0.3765625 0.0296875 0.034375
4 0.3078125 0.2859375 0.065625 0.0359375
2 0.8609375 0.3515625 0.015625 0.0265625