1 0.5085416666666667 0.5865162037037037 0.18680555555555572 0.19421296296296298
0 0.6886921296296297 0.3843171296296296 0.1797685185185184 0.1674189814814815
1 0.2892766203703704 0.4452546296296296 0.16394675925925925 0.10752314814814809
1 0.7931481481481482 0.5837962962962964 0.2247106481481481 0.15659722222222214
2 0.43603009259259257 0.4093171296296297 0.05506944444444439 0.06759259259259257
1 0.8941203703703703 0.29615162037037035 0.03553240740740762 0.04033564814814818
2 0.5577430555555555 0.39933449074074073 0.04849537037037024 0.05642361111111107
1 0.0986747685185185 0.34751157407407407 0.07946759259259259 0.04820601851851851
2 0.49848379629629636 0.4054398148148148 0.05038194444444457 0.06741898148148148
3 0.930960648148148 0.6420428240740741 0.06991898148148153 0.09467592592592596
2 0.8472974537037036 0.3260416666666667 0.026481481481481238 0.05092592592592595
4 0.7480613425925926 0.24994212962962958 0.08130787037037024 0.05763888888888893
3 0.941267361111111 0.6995370370370371 0.07828703703703681 0.11371527777777786
1 0.83203125 0.4971064814814815 0.15406249999999985 0.08998842592592596
3 0.9689380787037039 0.4690972222222222 0.06212384259259238 0.09021990740740744
3 0.9410416666666667 0.4015625 0.036412037037037236 0.0700231481481481
1 0.8855208333333333 0.375462962962963 0.08121527777777757 0.05451388888888893
2 0.9218287037037036 0.2810474537037037 0.01967592592592595 0.03194444444444446
3 0.9820717592592594 0.5999131944444445 0.03585648148148124 0.10815972222222214
2 0.8102083333333333 0.3149016203703704 0.01981481481481495 0.03663194444444447
3 0.7266493055555555 0.6887152777777777 0.08707175925925928 0.1468171296296296
2 0.8765219907407407 0.4149016203703704 0.049236111111110856 0.08142361111111107
1 0.5589756944444444 0.3617476851851852 0.07349537037037024 0.057349537037037025
1 0.18594328703703705 0.3364583333333333 0.0654050925925926 0.04768518518518512
1 0.3130787037037037 0.32471064814814815 0.036817129629629616 0.03101851851851851
1 0.5405787037037036 0.29516782407407405 0.02261574074074062 0.02581018518518512
1 0.5063194444444445 0.3003472222222222 0.02730324074074062 0.02598379629629628
4 0.9062442129629631 0.25659722222222225 0.05451388888888857 0.04884259259259256
1 0.04897569444444445 0.35951967592592593 0.07510416666666667 0.05896990740740744
1 0.8657870370370372 0.290162037037037 0.029143518518518617 0.03541666666666661
3 0.8312037037037037 0.28440393518518514 0.01011574074074062 0.025347222222222233
3 0.8237152777777779 0.29563078703703705 0.011863425925925953 0.03165509259259256
3 0.8019097222222221 0.29878472222222224 0.01655092592592595 0.03182870370370363