0 0.9292361111111112 0.4111458333333333 0.14152777777777778 0.20898148148148152
1 0.8032986111111111 0.6153819444444444 0.34326388888888887 0.20402777777777778
1 0.28856481481481483 0.6363888888888889 0.22133101851851852 0.1718865740740741
1 0.2181076388888889 0.5587557870370371 0.1570717592592592 0.1073726851851852
2 0.6828587962962963 0.4630902777777777 0.07748842592592595 0.07866898148148138
4 0.28410879629629626 0.3394328703703704 0.10585648148148152 0.08356481481481488
1 0.2023842592592593 0.42131944444444447 0.05999999999999996 0.042615740740740725
4 0.7888599537037038 0.30677662037037035 0.11953703703703714 0.04618055555555554
1 0.2867824074074074 0.39099537037037035 0.07290509259259262 0.050520833333333307
1 0.13842013888888888 0.4538368055555555 0.10364583333333335 0.07105324074074063
2 0.8121527777777778 0.43946759259259255 0.07355324074074047 0.06302083333333322
2 0.499380787037037 0.5269733796296296 0.08797453703703688 0.13028935185185198
2 0.19803819444444443 0.3525752314814815 0.02045138888888891 0.03295138888888891
1 0.14339699074074075 0.3990914351851852 0.06953703703703704 0.045810185185185225
1 0.13894675925925926 0.3584837962962963 0.0331134259259259 0.03616898148148149
4 0.6483854166666667 0.4313020833333333 0.16332175925925937 0.10741898148148152
4 0.43599537037037034 0.3445601851851852 0.15763888888888894 0.11831018518518518
2 0.3542592592592593 0.4412962962962963 0.04179398148148152 0.08309027777777782
2 0.3468981481481482 0.3897685185185185 0.03820601851851855 0.04401620370370365
2 0.42792824074074076 0.4602893518518519 0.05289351851851851 0.0862962962962964
1 0.43171875000000004 0.39773726851851854 0.08063657407407412 0.04901620370370372
2 0.1564699074074074 0.34975694444444444 0.019884259259259275 0.022013888888888822
2 0.11664351851851854 0.3805324074074074 0.02645833333333334 0.028310185185185154
2 0.15583912037037034 0.4732465277777778 0.061134259259259235 0.06449074074074072
1 0.5757928240740741 0.4029224537037036 0.1067708333333334 0.07107638888888879
2 0.45973958333333337 0.4256655092592593 0.046076388888888785 0.07531250000000007
2 0.3865451388888889 0.4308969907407407 0.04459490740740737 0.07686342592592599
2 0.3013483796296296 0.43074652777777783 0.04755787037037038 0.07376157407407398
2 0.23011574074074073 0.3984490740740741 0.02866898148148156 0.04082175925925924
2 0.7381423611111111 0.7002719907407406 0.13592592592592592 0.12127314814814802
3 0.9966377314814814 0.5614641203703703 0.006724537037037237 0.13149305555555557
3 0.1360474537037037 0.7547511574074074 0.11631944444444446 0.1648611111111112
3 0.07000578703703704 0.551255787037037 0.08767361111111112 0.09436342592592588
3 0.07768518518518519 0.4581944444444444 0.035081018518518504 0.04399305555555557
3 0.9636979166666666 0.30235532407407406 0.02891203703703695 0.045509259259259235
1 0.9129166666666666 0.3027314814814815 0.09666666666666686 0.056944444444444464
1 0.7570833333333333 0.4023611111111111 0.10321759259259267 0.09291666666666672