1 0.2528761574074074 0.5857233796296296 0.2857175925925926 0.1847569444444444
1 0.7151273148148148 0.6494965277777778 0.21944444444444447 0.1703125
2 0.15682291666666667 0.4764641203703704 0.07765046296296294 0.08342592592592588
1 0.3923553240740741 0.4912673611111111 0.13320601851851857 0.13187499999999996
1 0.5144270833333333 0.43072337962962964 0.11030092592592596 0.08127314814814816
1 0.78640625 0.5725810185185185 0.15394675925925938 0.11064814814814809
2 0.7302083333333333 0.3737384259259259 0.025138888888889 0.033506944444444464
1 0.8794675925925926 0.37737847222222226 0.04035879629629626 0.02615740740740744
1 0.780636574074074 0.3971412037037037 0.05111111111111111 0.052997685185185175
1 0.576568287037037 0.49985532407407407 0.14112268518518523 0.10402777777777779
2 0.6270891203703703 0.43093171296296295 0.05324074074074083 0.06398148148148142
2 0.051354166666666666 0.570949074074074 0.10270833333333333 0.10016203703703716
4 0.47976273148148146 0.3749247685185185 0.18350694444444446 0.16924768518518513
1 0.8478240740740741 0.39913194444444444 0.060000000000000143 0.043900462962962905
1 0.8985416666666666 0.3716840277777778 0.04224537037037024 0.032453703703703776
1 0.6963020833333333 0.3938599537037037 0.058194444444444396 0.03916666666666675
1 0.6389583333333333 0.41328703703703706 0.0880208333333334 0.07281250000000003
1 0.6635590277777779 0.37645833333333334 0.051458333333333425 0.029606481481481504
1 0.8421180555555555 0.358275462962963 0.05366898148148138 0.04215277777777775
3 0.8472337962962964 0.4859664351851851 0.06957175925925937 0.10814814814814824
1 0.6990509259259259 0.3861168981481481 0.05574074074074069 0.021932870370370415
1 0.7308217592592593 0.4222685185185185 0.08729166666666668 0.05875000000000004
1 0.8751562500000001 0.3850752314814815 0.05046296296296297 0.04049768518518517
1 0.6104456018518519 0.3897511574074074 0.07422453703703695 0.04744212962962955
1 0.7748495370370371 0.3578472222222222 0.03895833333333343 0.02923611111111111
2 0.052792245370370375 0.5209027777777778 0.10558449074074075 0.11119212962962965
0 0.010312499999999999 0.33346064814814813 0.020624999999999998 0.07583333333333328
3 0.9315451388888889 0.565144675925926 0.07740740740740719 0.07873842592592588
3 0.8705844907407407 0.7448668981481481 0.0780555555555555 0.09123842592592588
3 0.9210590277777779 0.5108449074074073 0.046377314814814954 0.11214120370370359
1 0.8577835648148149 0.46358796296296295 0.09755787037037038 0.07621527777777785
2 0.8262557870370371 0.4227488425925926 0.029398148148148097 0.05547453703703713