1 0.9142708333333335 0.4522569444444445 0.11229166666666686 0.09298611111111121
1 0.6381770833333333 0.4067534722222222 0.11041666666666661 0.06486111111111122
1 0.20125 0.5072222222222222 0.21416666666666667 0.12333333333333343
2 0.5061979166666667 0.5747743055555555 0.08489583333333321 0.15010416666666676
1 0.8511979166666667 0.5272048611111112 0.1627083333333335 0.10034722222222214
1 0.7972916666666666 0.6105555555555556 0.2298958333333335 0.17204861111111108
1 0.7438020833333333 0.33633680555555556 0.0591666666666665 0.04500000000000002
2 0.8559374999999999 0.3870486111111111 0.039374999999999716 0.05236111111111104
3 0.76890625 0.6659548611111111 0.08364583333333328 0.13135416666666658
1 0.7234895833333332 0.3837326388888889 0.0798958333333335 0.051701388888888825
1 0.8282812500000001 0.3360243055555555 0.04520833333333343 0.046250000000000034
2 0.9360937500000001 0.3453645833333333 0.030416666666666713 0.03499999999999996
1 0.6334375 0.4764930555555556 0.13812500000000014 0.10604166666666667
2 0.9047395833333333 0.34449652777777773 0.035104166666666714 0.035104166666666714
3 0.9799218749999999 0.5201215277777778 0.040156250000000074 0.062361111111111
1 0.9670052083333334 0.3876215277777778 0.06598958333333335 0.05625
2 0.5036979166666666 0.44338541666666664 0.05770833333333343 0.09333333333333335
3 0.9829427083333332 0.4232465277777778 0.03411458333333357 0.06180555555555554
1 0.06296874999999999 0.34598958333333335 0.06729166666666667 0.04986111111111109
2 0.43916666666666665 0.48472222222222217 0.06291666666666665 0.10124999999999992
1 0.1889583333333333 0.6514583333333334 0.30541666666666667 0.22833333333333333
4 0.5405208333333333 0.3032986111111111 0.07083333333333339 0.05618055555555559
1 0.32697916666666665 0.3276041666666667 0.05885416666666661 0.04031249999999993
2 0.87078125 0.33977430555555554 0.018020833333333285 0.03628472222222223
1 0.809375 0.3223611111111111 0.0361458333333335 0.027326388888888876
1 0.8831770833333333 0.32619791666666664 0.033020833333333145 0.027256944444444466
1 0.220625 0.3401388888888889 0.06635416666666671 0.03579861111111118
4 0.8221354166666668 0.27904513888888893 0.03802083333333357 0.032048611111111035
1 0.5590624999999999 0.39364583333333336 0.07427083333333329 0.0609375
1 0.6015625 0.3035069444444444 0.024479166666666607 0.016145833333333304
2 0.4651041666666666 0.31045138888888885 0.013749999999999929 0.01902777777777782
3 0.4525520833333333 0.30994791666666666 0.010729166666666679 0.02052083333333332
3 0.4354166666666666 0.31111111111111106 0.013749999999999929 0.01902777777777782
2 0.4130729166666667 0.3163020833333333 0.013333333333333286 0.012777777777777822
2 0.3614583333333333 0.3166666666666667 0.011770833333333286 0.012743055555555572
2 0.31005208333333334 0.3318923611111111 0.009999999999999964 0.009583333333333322
2 0.8529687500000002 0.35425347222222225 0.017395833333333145 0.02690972222222223
2 0.8536979166666665 0.3182465277777778 0.011145833333333143 0.02677083333333332
2 0.9080208333333333 0.3115625 0.017291666666666573 0.025347222222222233
2 0.9586458333333333 0.3198263888888889 0.016250000000000143 0.03312499999999998
1 0.9349999999999999 0.31722222222222224 0.034791666666666644 0.030416666666666713
1 0.8830729166666668 0.30116319444444445 0.03760416666666657 0.025798611111111126
2 0.71984375 0.3525173611111111 0.019895833333333356 0.017604166666666643
1 0.7813020833333333 0.28855902777777775 0.019791666666666784 0.01604166666666664
2 0.76734375 0.2904340277777778 0.011770833333333286 0.012743055555555572
0 0.9129687499999999 0.2684201388888889 0.021458333333333357 0.01763888888888889