1 0.2502083333333333 0.4961458333333333 0.11479166666666671 0.11187499999999986
2 0.4888020833333334 0.5661979166666666 0.10520833333333321 0.13145833333333332
1 0.4060416666666667 0.41864583333333333 0.09437499999999996 0.08562499999999992
1 0.6524479166666667 0.5480729166666667 0.22010416666666668 0.19822916666666668
1 0.34911458333333334 0.4721354166666666 0.09833333333333334 0.09833333333333343
1 0.29375 0.4197916666666667 0.07687499999999999 0.05645833333333332
2 0.8814062499999998 0.5036979166666666 0.13343750000000015 0.13489583333333321
1 0.15510416666666665 0.6161458333333334 0.1738541666666667 0.13447916666666657
1 0.08072916666666666 0.5546875 0.123125 0.12020833333333325
2 0.14223958333333334 0.4559895833333334 0.04541666666666666 0.05124999999999993
1 0.10671875 0.43557291666666664 0.06697916666666667 0.04802083333333336
1 0.058020833333333334 0.41270833333333334 0.04791666666666668 0.04208333333333343
3 0.022578124999999998 0.6194791666666667 0.045156249999999995 0.08468750000000007
3 0.26317708333333334 0.7371354166666666 0.09749999999999996 0.13249999999999992
2 0.16223958333333333 0.41494791666666664 0.03052083333333333 0.03781250000000007
2 0.8765104166666667 0.31817708333333333 0.058229166666666644 0.056770833333333395
1 0.5747395833333334 0.34828125 0.07760416666666678 0.044062499999999984
1 0.23359375 0.6865104166666667 0.22927083333333337 0.19572916666666665
3 0.22401041666666668 0.8184895833333332 0.07999999999999999 0.07999999999999971
3 0.026354166666666668 0.4992708333333333 0.04052083333333334 0.047812499999999855
1 0.026979166666666665 0.48640625000000004 0.05395833333333333 0.06031250000000003
2 0.14114583333333333 0.4135416666666666 0.03052083333333333 0.03781250000000007
1 0.09328125000000001 0.40171875 0.03645833333333335 0.03354166666666671
4 0.33958333333333335 0.35614583333333333 0.06572916666666666 0.052604166666666605
0 0.20656249999999998 0.3621875 0.05270833333333336 0.04395833333333332