1 0.403125 0.3984375 0.0875 0.0625
1 0.2421875 0.3515625 0.065625 0.0421875
1 0.6484375 0.44375 0.1390625 0.0828125
1 0.228125 0.6109375 0.2265625 0.1484375
1 0.128125 0.409375 0.075 0.0546875
2 0.246875 0.40625 0.0453125 0.0609375
3 0.490625 0.6890625 0.0765625 0.13125
1 0.18125 0.525 0.1453125 0.0890625
1 0.6875 0.35 0.0875 0.03125
2 0.334375 0.434375 0.0484375 0.071875
0 0.896875 0.5703125 0.20625 0.38125
3 0.0375 0.5046875 0.06875 0.0625
3 0.0875 0.3234375 0.021875 0.05
2 0.1515625 0.3140625 0.021875 0.040625
2 0.2046875 0.33125 0.0453125 0.034375
2 0.1921875 0.3546875 0.0296875 0.0390625