1 0.40791666666666665 0.49876157407407407 0.16115740740740742 0.1285763888888889
3 0.2454224537037037 0.6648784722222223 0.06798611111111112 0.16277777777777763
4 0.8775462962962963 0.309693287037037 0.230150462962963 0.2539351851851851
1 0.24106481481481482 0.5901620370370371 0.18270833333333333 0.10783564814814817
1 0.5264699074074073 0.40049768518518525 0.11239583333333343 0.10418981481481496
1 0.7866956018518518 0.4877083333333333 0.23668981481481488 0.16840277777777785
1 0.17695023148148148 0.5443055555555556 0.15469907407407407 0.11418981481481474
1 0.10689814814814816 0.47767939814814814 0.11393518518518517 0.10270833333333336
0 0.23938657407407407 0.3872800925925926 0.16159722222222223 0.1582638888888889
2 0.13802083333333334 0.3792650462962963 0.038402777777777786 0.0628819444444444
1 0.3318981481481481 0.36062500000000003 0.0381712962962963 0.04725694444444439
2 0.0687673611111111 0.36412037037037037 0.01778935185185184 0.0415162037037037
3 0.035486111111111114 0.45015625000000004 0.025995370370370374 0.06848379629629626
1 0.05638888888888889 0.40925925925925927 0.0428587962962963 0.047499999999999966
2 0.08021412037037037 0.32917824074074076 0.014363425925925943 0.021041666666666715
2 0.10835069444444442 0.32693865740740746 0.014409722222222232 0.024166666666666715
2 0.13412037037037036 0.3263831018518519 0.009699074074074065 0.022361111111111144
3 0.19513310185185184 0.4762268518518519 0.04127314814814813 0.04585648148148156
3 0.034901620370370375 0.5423032407407408 0.06834490740740741 0.08160879629629622
0 0.761076388888889 0.26733217592592595 0.1168055555555556 0.08568287037037034