0 0.21869791666666666 0.34453125 0.13062500000000005 0.084375
1 0.17047453703703702 0.41640625 0.07505787037037041 0.0546875
4 0.6855381944444444 0.35625 0.33998842592592593 0.2421875
2 0.2997337962962963 0.48359375 0.06527777777777777 0.09375
2 0.4626099537037037 0.44453125 0.06789351851851855 0.0765625
2 0.36865162037037036 0.4515625 0.06334490740740736 0.08125
1 0.17407407407407408 0.55859375 0.16702546296296297 0.1
3 0.043026620370370375 0.47265625 0.06499999999999999 0.084375
1 0.1371412037037037 0.38125 0.0636111111111111 0.0375
3 0.030321180555555556 0.5546875 0.06064236111111111 0.0875
2 0.24313078703703703 0.41640625 0.041192129629629634 0.071875
1 0.2246990740740741 0.64296875 0.2430092592592592 0.1859375
2 0.654976851851852 0.46484375 0.06812499999999985 0.084375
3 0.2607407407407408 0.6921875 0.08670138888888897 0.13125
2 0.27153356481481483 0.40703125 0.06936342592592588 0.0734375
2 0.05557291666666667 0.365625 0.035625 0.0421875
2 0.08581018518518518 0.3734375 0.037233796296296286 0.04375
3 0.07265625 0.73828125 0.07125 0.084375
1 0.8841898148148148 0.32265625 0.08140046296296291 0.0578125
1 0.0577199074074074 0.425 0.037094907407407396 0.0390625
1 0.5013773148148148 0.32265625 0.04476851851851862 0.034375
2 0.4194386574074073 0.31953125 0.02891203703703695 0.0265625
1 0.0969386574074074 0.340625 0.03042824074074073 0.025
1 0.11908564814814815 0.3578125 0.03502314814814813 0.021875
1 0.058796296296296305 0.3359375 0.039710648148148134 0.021875