1 0.16082175925925926 0.5425 0.15358796296296298 0.10687499999999997
1 0.594212962962963 0.5134375 0.16921296296296298 0.10791666666666658
0 0.905613425925926 0.7754166666666666 0.14027777777777786 0.12624999999999992
0 0.6573206018518519 0.41661458333333334 0.3177083333333332 0.20354166666666665
1 0.20625 0.43666666666666665 0.09641203703703702 0.078125
2 0.6073784722222222 0.5597395833333334 0.0731481481481481 0.12333333333333343
1 0.21391782407407406 0.6314062500000001 0.22893518518518513 0.16333333333333327
1 0.3331886574074074 0.43494791666666666 0.08223379629629628 0.07406249999999996
1 0.10798611111111112 0.42541666666666667 0.0802083333333333 0.06145833333333339
2 0.7111689814814814 0.5697916666666666 0.08559027777777786 0.12260416666666671
1 0.15500578703703702 0.3400520833333333 0.047974537037037024 0.0328125
2 0.9683738425925927 0.5822395833333334 0.027430555555555715 0.06729166666666657
2 0.4473668981481481 0.5240104166666667 0.07274305555555571 0.11239583333333343
1 0.38671875 0.40640625 0.11417824074074065 0.05281249999999993
1 0.14340277777777777 0.31500000000000006 0.03501157407407405 0.019479166666666714
1 0.9109664351851852 0.41942708333333334 0.12418981481481453 0.0706249999999999
1 0.15098379629629627 0.32177083333333334 0.039699074074074046 0.019791666666666697
3 0.06675347222222222 0.6928645833333333 0.07864583333333333 0.10343750000000007
2 0.1657986111111111 0.36583333333333334 0.026388888888888885 0.03916666666666666
4 0.226880787037037 0.36598958333333337 0.10648148148148148 0.09749999999999996
3 0.029962384259259255 0.5797916666666667 0.05992476851851851 0.13218750000000004
3 0.03055555555555555 0.48604166666666665 0.029166666666666664 0.07208333333333332
3 0.06015625 0.4903645833333333 0.02997685185185186 0.09395833333333332
3 0.027430555555555552 0.40125 0.03368055555555556 0.025624999999999964
1 0.06140046296296296 0.39333333333333337 0.04837962962962963 0.04375
2 0.06605902777777777 0.33098958333333334 0.021412037037037025 0.03104166666666668
2 0.09296875 0.32338541666666665 0.01973379629629628 0.027812500000000018
1 0.11805555555555554 0.3227083333333333 0.027662037037037023 0.031458333333333324
2 0.30627893518518523 0.3791145833333333 0.020023148148148096 0.03562500000000002
1 0.2686053240740741 0.36015625 0.03125 0.044166666666666646