0 0.8515625 0.3359375 0.1890625 0.0859375
0 0.1359375 0.290625 0.0578125 0.0375
0 0.3984375 0.2953125 0.0828125 0.0421875
4 0.20625 0.2703125 0.0515625 0.0296875
4 0.9078125 0.5609375 0.184375 0.18125
1 0.0796875 0.321875 0.0359375 0.028125
1 0.0953125 0.3078125 0.0359375 0.028125
1 0.1609375 0.3328125 0.0453125 0.046875
1 0.14375 0.3140625 0.025 0.021875
1 0.2125 0.3390625 0.040625 0.0375
1 0.2515625 0.3359375 0.034375 0.034375
1 0.184375 0.3109375 0.028125 0.021875
1 0.2875 0.3390625 0.0421875 0.03125
1 0.31875 0.346875 0.0484375 0.0359375
1 0.303125 0.396875 0.0953125 0.0671875
1 0.1015625 0.3765625 0.0703125 0.05625
1 0.1796875 0.5359375 0.1671875 0.1171875
1 0.2453125 0.6109375 0.19375 0.159375
1 0.3359375 0.4828125 0.1078125 0.1203125
1 0.4953125 0.446875 0.08125 0.1
1 0.69375 0.33125 0.0390625 0.0125
2 0.565625 0.3359375 0.034375 0.0125
1 0.5578125 0.321875 0.021875 0.0140625
1 0.5296875 0.31875 0.021875 0.025
1 0.5 0.315625 0.0265625 0.021875
1 0.6890625 0.4390625 0.13125 0.078125
1 0.1171875 0.4609375 0.0984375 0.1109375
2 0.0984375 0.3328125 0.0140625 0.0390625
2 0.5828125 0.446875 0.0421875 0.090625
2 0.4609375 0.315625 0.00625 0.015625
2 0.478125 0.31875 0.03125 0.0125
4 0.2453125 0.3078125 0.0375 0.034375