1 0.2421875 0.6046875 0.165625 0.1359375
1 0.178125 0.5375 0.1421875 0.115625
1 0.365625 0.4125 0.1078125 0.0890625
1 0.384375 0.36875 0.075 0.0515625
1 0.309375 0.3421875 0.0609375 0.053125
1 0.7421875 0.4390625 0.140625 0.09375
1 0.5640625 0.4453125 0.128125 0.0796875
1 0.4609375 0.3140625 0.0421875 0.0203125
2 0.1890625 0.33125 0.028125 0.046875
1 0.21875 0.340625 0.0421875 0.0421875
1 0.109375 0.3296875 0.040625 0.034375
1 0.9828125 0.359375 0.034375 0.0578125
0 0.8390625 0.6328125 0.321875 0.2953125
1 0.93125 0.4703125 0.1375 0.0578125
1 0.121875 0.45 0.103125 0.084375
1 0.15625 0.321875 0.0328125 0.0421875
2 0.0453125 0.325 0.03125 0.0328125
2 0.0828125 0.3203125 0.01875 0.028125
1 0.115625 0.3046875 0.0296875 0.0296875
4 0.5125 0.384375 0.103125 0.08125
1 0.5203125 0.321875 0.0546875 0.0265625
2 0.1375 0.3578125 0.0328125 0.05
2 0.2421875 0.3640625 0.0234375 0.05
2 0.259375 0.3515625 0.0203125 0.04375
2 0.5671875 0.5125 0.0796875 0.14375
4 0.1921875 0.2890625 0.06875 0.040625
4 0.184375 0.2546875 0.053125 0.0359375
4 0.346875 0.278125 0.0796875 0.05625
3 0.0296875 0.4984375 0.059375 0.090625
3 0.05625 0.4671875 0.0328125 0.103125
3 0.034375 0.3890625 0.01875 0.0375
3 0.053125 0.3953125 0.0296875 0.0375