2 0.2015625 0.3140625 0.0125 0.025
1 0.3859375 0.4546875 0.1015625 0.09375
1 0.2421875 0.6046875 0.2109375 0.1484375
1 0.3796875 0.3765625 0.0703125 0.04375
1 0.1921875 0.5109375 0.153125 0.065625
1 0.7484375 0.425 0.1171875 0.0859375
1 0.13125 0.409375 0.065625 0.0484375
1 0.7984375 0.515625 0.2015625 0.115625
1 0.9578125 0.3703125 0.084375 0.05625
1 0.19375 0.3421875 0.05625 0.028125
2 0.2484375 0.4109375 0.0484375 0.0640625
1 0.096875 0.3421875 0.0484375 0.0390625
1 0.096875 0.3421875 0.0625 0.0390625
0 0.1640625 0.2953125 0.090625 0.0640625
4 0.25625 0.2984375 0.0765625 0.046875
2 0.928125 0.665625 0.1359375 0.171875
1 0.965625 0.525 0.0578125 0.115625
1 0.3453125 0.4078125 0.09375 0.0609375
1 0.34375 0.3921875 0.0890625 0.03125
1 0.209375 0.3359375 0.0828125 0.0203125
1 0.4734375 0.575 0.15625 0.165625
2 0.6828125 0.4515625 0.05625 0.0765625
1 0.225 0.334375 0.05 0.0171875
1 0.7953125 0.35 0.1171875 0.0375
0 0.4734375 0.30625 0.1109375 0.05
2 0.3 0.43125 0.0359375 0.06875
1 0.5109375 0.4453125 0.1296875 0.090625
1 0.6046875 0.415625 0.090625 0.065625
2 0.5734375 0.428125 0.0375 0.075
1 0.440625 0.3703125 0.065625 0.0546875
3 0.2359375 0.69375 0.053125 0.1015625
3 0.08125 0.6953125 0.059375 0.0828125
3 0.084375 0.6515625 0.0671875 0.0359375
3 0.125 0.603125 0.0421875 0.1421875
3 0.15 0.4578125 0.0265625 0.034375
3 0.184375 0.453125 0.0265625 0.0515625
3 0.1109375 0.503125 0.034375 0.0875
3 0.0203125 0.4734375 0.03125 0.11875
3 0.05 0.4796875 0.0296875 0.109375
3 0.084375 0.4953125 0.0171875 0.0546875
3 0.0859375 0.4140625 0.015625 0.01875
3 0.0421875 0.40625 0.0234375 0.0328125
3 0.146875 0.3640625 0.0109375 0.0296875
1 0.25 0.3734375 0.0578125 0.0484375
1 0.178125 0.3859375 0.0484375 0.0609375
0 0.0796875 0.296875 0.0515625 0.04375
1 0.30625 0.3546875 0.0328125 0.0375
2 0.3203125 0.359375 0.0140625 0.025
2 0.3265625 0.365625 0.0171875 0.021875
2 0.2671875 0.3390625 0.0140625 0.0296875
2 0.284375 0.340625 0.0140625 0.028125
1 0.15 0.3359375 0.0328125 0.028125
2 0.64375 0.5546875 0.0921875 0.1375