1 0.5616145833333334 0.41255208333333326 0.10072916666666672 0.058530092592592634
1 0.8490104166666667 0.5419618055555555 0.15302083333333344 0.09327546296296294
1 0.1371875 0.488275462962963 0.21770833333333334 0.12655092592592593
2 0.14750000000000002 0.5609722222222222 0.08979166666666663 0.12872685185185198
1 0.8045312499999999 0.6244039351851851 0.23229166666666679 0.1578935185185184
1 0.7029687499999999 0.43624421296296295 0.09427083333333322 0.055358796296296295
1 0.36854166666666666 0.5852546296296296 0.184375 0.16534722222222217
1 0.095625 0.34506944444444443 0.12989583333333332 0.05093750000000004
1 0.8916666666666668 0.3736111111111111 0.05885416666666643 0.03947916666666664
1 0.7752604166666666 0.38446180555555554 0.06437500000000007 0.052013888888888894
1 0.4658854166666666 0.45244791666666667 0.12843750000000007 0.07591435185185187
1 0.9076562500000002 0.4260474537037037 0.07833333333333314 0.050555555555555645
3 0.804375 0.3292361111111111 0.054166666666666786 0.03944444444444439
3 0.9605729166666667 0.7091203703703703 0.07885416666666671 0.11460648148148138
3 0.9808333333333333 0.46953703703703703 0.03500000000000014 0.0799074074074074
3 0.9685416666666666 0.4257175925925926 0.03385416666666678 0.039293981481481485
2 0.8525 0.3600462962962963 0.030520833333333285 0.03614583333333332
3 0.9810416666666667 0.5266377314814814 0.03791666666666664 0.0676273148148148
1 0.5912499999999999 0.5993981481481482 0.17354166666666657 0.1668287037037036
2 0.19390625 0.5894270833333334 0.134375 0.14155092592592594
3 0.9571874999999999 0.6653587962962962 0.04479166666666643 0.03937500000000007
4 0.8413541666666667 0.3217013888888889 0.04343749999999993 0.0424884259259259
3 0.0878125 0.672974537037037 0.09854166666666667 0.18969907407407405
2 0.4380729166666667 0.4686400462962963 0.04770833333333328 0.059699074074074154
2 0.625 0.4965740740740741 0.06385416666666668 0.044201388888888894
3 0.6896875 0.6586921296296296 0.08395833333333336 0.13493055555555564
3 0.9977604166666666 0.7064467592592593 0.004479166666666856 0.1971759259259258
3 0.9887760416666665 0.41572337962962963 0.022447916666666855 0.03766203703703699
2 0.8979687500000001 0.4564293981481482 0.05614583333333343 0.0925578703703703
1 0.9471875000000001 0.3982291666666667 0.044166666666666646 0.029999999999999895
1 0.9622916666666667 0.3671064814814815 0.03083333333333336 0.04083333333333332
1 0.80921875 0.3784664351851852 0.019062500000000072 0.05167824074074066
1 0.7530729166666668 0.34447337962962965 0.03760416666666657 0.02526620370370374
1 0.6647916666666667 0.3672453703703703 0.040625 0.04715277777777782
4 0.7141145833333333 0.3925983796296296 0.07937499999999993 0.06618055555555555
1 0.7147395833333332 0.3551215277777778 0.04052083333333343 0.022164351851851904
2 0.8990104166666667 0.3432118055555556 0.03291666666666657 0.025231481481481487
2 0.8639583333333334 0.3445138888888889 0.014687500000000141 0.032905092592592576
1 0.9309375 0.33017361111111115 0.022187499999999714 0.028275462962962905
1 0.89625 0.31351851851851853 0.019999999999999928 0.018888888888888823
2 0.9527604166666667 0.32955439814814813 0.02375000000000007 0.02828703703703699
2 0.9255729166666666 0.3082696759259259 0.041562499999999857 0.014363425925925988
0 0.7597395833333334 0.2922048611111111 0.07468749999999993 0.04271990740740748
4 0.5957291666666666 0.3034837962962963 0.09333333333333335 0.06472222222222221
2 0.5122395833333334 0.32785300925925925 0.015729166666666572 0.02510416666666666
2 0.42781249999999993 0.32644675925925926 0.016874999999999928 0.018865740740740745
3 0.37505208333333334 0.33152199074074074 0.015937499999999983 0.02822916666666666
1 0.3061979166666667 0.34116319444444443 0.06572916666666666 0.02547453703703706
2 0.26234375 0.3392766203703704 0.01552083333333334 0.02197916666666666
1 0.22203124999999999 0.3436631944444445 0.0614583333333333 0.03168981481481481
2 0.18270833333333333 0.3394675925925926 0.01864583333333334 0.02200231481481483