1 0.3794791666666667 0.3939814814814815 0.09604166666666672 0.06122685185185191
1 0.28078125 0.6286747685185186 0.24927083333333327 0.18535879629629637
0 0.5433854166666666 0.2915798611111111 0.10729166666666679 0.06631944444444446
0 0.86484375 0.27945601851851853 0.2703125 0.13981481481481478
1 0.7888541666666666 0.4493055555555555 0.17937499999999992 0.1422453703703704
3 0.2950520833333333 0.7135127314814815 0.08447916666666666 0.09820601851851851
1 0.18947916666666667 0.37517361111111114 0.06604166666666669 0.05543981481481479
3 0.15395833333333334 0.7469328703703704 0.09093749999999998 0.07818287037037024
0 0.87921875 0.5852141203703705 0.24156249999999985 0.2882523148148149
2 0.29614583333333333 0.35399305555555555 0.030729166666666696 0.04010416666666661
3 0.41171875 0.713107638888889 0.09041666666666667 0.07037037037037024
3 0.2158854166666667 0.4188368055555555 0.04916666666666671 0.05949074074074083
1 0.14838541666666666 0.44013310185185184 0.08822916666666666 0.0609375
1 0.20666666666666664 0.3392939814814815 0.03562499999999993 0.020023148148148096
3 0.08765625 0.5277488425925926 0.06520833333333334 0.1130787037037038
3 0.12052083333333333 0.5155671296296296 0.055208333333333304 0.10335648148148131
1 0.24229166666666666 0.29803240740740744 0.07302083333333335 0.04322916666666661
1 0.22145833333333337 0.3614583333333333 0.044479166666666715 0.0359375
3 0.05864583333333333 0.5272569444444445 0.054166666666666675 0.11111111111111108
1 0.26729166666666665 0.3675925925925926 0.06208333333333336 0.04282407407407405
1 0.33473958333333337 0.35726273148148147 0.04645833333333336 0.04224537037037042
3 0.06770833333333333 0.45173611111111106 0.03260416666666668 0.04484953703703702
3 0.20635416666666667 0.4755787037037037 0.04760416666666671 0.059432870370370414
1 0.5589583333333333 0.41944444444444445 0.11750000000000008 0.10254629629629619
2 0.4955729166666666 0.45546875 0.059791666666666646 0.10196759259259255
4 0.4151041666666667 0.31747685185185187 0.15291666666666667 0.0960648148148148
1 0.21541666666666667 0.5527777777777778 0.1546875 0.09924768518518512
3 0.09593750000000001 0.3935185185185185 0.05395833333333333 0.037847222222222324
2 0.13458333333333333 0.3623263888888889 0.05916666666666668 0.06921296296296298
1 0.23479166666666665 0.33825231481481477 0.03104166666666668 0.021412037037037025