1 0.6265625 0.61875 0.271875 0.1515625
1 0.878125 0.5859375 0.2421875 0.1359375
4 0.1859375 0.321875 0.084375 0.0640625
1 0.184375 0.5234375 0.15 0.084375
1 0.3484375 0.371875 0.0796875 0.053125
1 0.196875 0.396875 0.06875 0.0671875
2 0.4125 0.484375 0.0828125 0.09375
1 0.2734375 0.340625 0.0609375 0.0484375
2 0.4328125 0.371875 0.046875 0.0515625
3 0.0609375 0.684375 0.0765625 0.1
0 0.7359375 0.33125 0.171875 0.0796875
1 0.9640625 0.5015625 0.071875 0.0921875
3 0.0375 0.5015625 0.0671875 0.0703125
2 0.3140625 0.428125 0.0515625 0.0671875
3 0.0640625 0.415625 0.0609375 0.071875
3 0.265625 0.6625 0.075 0.1265625
2 0.7109375 0.703125 0.084375 0.15625
1 0.2296875 0.6125 0.221875 0.1515625
3 0.0796875 0.34375 0.021875 0.0390625
2 0.1125 0.3140625 0.025 0.0359375
1 0.23125 0.3828125 0.053125 0.05
2 0.1390625 0.315625 0.0203125 0.0375
0 0.0890625 0.275 0.0328125 0.040625