1 0.8384548611111111 0.34759837962962964 0.07881944444444429 0.06150462962962964
1 0.763425925925926 0.5598148148148148 0.21099537037037025 0.17182870370370368
4 0.10289351851851851 0.5062152777777778 0.20578703703703702 0.2313194444444445
1 0.7949074074074074 0.2370138888888889 0.059664351851851906 0.050428240740740725
2 0.61015625 0.4594155092592592 0.13113425925925917 0.12437499999999986
2 0.05170717592592593 0.6534085648148148 0.10341435185185185 0.14304398148148145
2 0.45428240740740744 0.4925925925925926 0.08396990740740726 0.11621527777777771
1 0.6797164351851851 0.3315914351851852 0.07534722222222215 0.05210648148148147
1 0.6328414351851851 0.37411458333333336 0.11232638888888893 0.08049768518518512
1 0.7407986111111111 0.2850578703703704 0.05457175925925917 0.039456018518518474
1 0.7883391203703705 0.4565335648148148 0.1372106481481481 0.07755787037037046
2 0.831857638888889 0.25157986111111114 0.03246527777777786 0.03304398148148149
1 0.7325810185185185 0.23278935185185184 0.065625 0.04266203703703706
2 0.2749710648148148 0.6735590277777778 0.12077546296296297 0.13991898148148146
3 0.7288483796296296 0.4179224537037037 0.05625 0.08476851851851848
3 0.9356770833333332 0.6116493055555555 0.08761574074074048 0.13030092592592588
3 0.9205729166666667 0.6820543981481482 0.06776620370370381 0.05829861111111114
3 0.6938368055555555 0.667332175925926 0.11232638888888893 0.16484953703703695
3 0.6972222222222222 0.575925925925926 0.059664351851851906 0.09260416666666664
3 0.8725115740740741 0.5246412037037038 0.07644675925925917 0.16614583333333321
3 0.902517361111111 0.43147569444444445 0.04114583333333357 0.09871527777777782
3 0.790625 0.39481481481481484 0.04143518518518512 0.06435185185185181
3 0.9268518518518519 0.4070833333333333 0.03981481481481488 0.10495370370370374
3 0.8877314814814815 0.34567129629629634 0.021354166666666785 0.028275462962962905
3 0.9235532407407409 0.3274421296296296 0.02818287037037024 0.04394675925925924
1 0.8872685185185185 0.3159953703703704 0.057928240740740836 0.04572916666666664
3 0.86015625 0.2888599537037037 0.023553240740740833 0.04547453703703699
1 0.797048611111111 0.3057291666666667 0.056597222222222146 0.05196759259259256
1 0.7207175925925926 0.3000462962962963 0.05324074074074083 0.04569444444444439
2 0.7542245370370371 0.3443171296296296 0.04299768518518512 0.0643634259259259
1 0.48634259259259255 0.4072222222222222 0.10434027777777785 0.07575231481481488