1 0.09484953703703704 0.5264583333333334 0.18969907407407408 0.15916666666666668
1 0.40020254629629637 0.4771354166666667 0.16643518518518513 0.11347222222222228
1 0.6849537037037037 0.5007465277777777 0.12199074074074083 0.09277777777777771
1 0.736574074074074 0.649375 0.19820601851851868 0.12892361111111122
1 0.789236111111111 0.6008506944444445 0.15879629629629619 0.11781250000000014
2 0.08365162037037037 0.6704166666666667 0.16730324074074074 0.1634722222222223
2 0.8920717592592592 0.42309027777777775 0.04224537037037024 0.04555555555555557
1 0.8690972222222222 0.5363194444444445 0.11944444444444428 0.1082638888888889
1 0.8536168981481481 0.44720486111111113 0.06903935185185191 0.05298611111111118
2 0.6244502314814815 0.42293402777777783 0.03946759259259256 0.05479166666666657
2 0.8619212962962962 0.4131423611111112 0.01979166666666643 0.028958333333333287
2 0.6920138888888889 0.43689236111111107 0.0315393518518519 0.05131944444444443
3 0.9346354166666666 0.6049652777777779 0.0778356481481481 0.0798958333333335
1 0.9348090277777779 0.4735069444444445 0.0831018518518519 0.053611111111111144
4 0.29603587962962963 0.37390625 0.33362268518518523 0.2472569444444444
2 0.776417824074074 0.4609895833333333 0.042766203703703806 0.05961805555555557
2 0.5967013888888889 0.47491319444444446 0.05619212962962976 0.08517361111111121
1 0.543431712962963 0.43420138888888893 0.08038194444444446 0.06440972222222215
2 0.8519097222222222 0.4087847222222222 0.014988425925925952 0.025624999999999964
2 0.841087962962963 0.40517361111111116 0.018171296296296192 0.027326388888888786
3 0.702951388888889 0.6909201388888888 0.07262731481481488 0.1077430555555555
2 0.8181712962962961 0.4111979166666666 0.018460648148148094 0.03513888888888879
3 0.9410879629629629 0.5152604166666667 0.03414351851851834 0.07951388888888893
1 0.0490162037037037 0.32458333333333333 0.08940972222222222 0.05545138888888897
3 0.960300925925926 0.48246527777777776 0.015162037037037024 0.030312499999999964
1 0.8691261574074074 0.3876388888888889 0.02887731481481488 0.02156249999999993
1 0.9300347222222222 0.41225694444444444 0.03559027777777786 0.03434027777777775
4 0.8934027777777779 0.3871527777777778 0.03229166666666643 0.02951388888888893
2 0.8831307870370371 0.3898263888888889 0.012905092592592737 0.011493055555555553
2 0.8233506944444444 0.37699652777777776 0.011400462962962977 0.012986111111111143
1 0.761545138888889 0.41885416666666675 0.0387731481481481 0.03604166666666657
1 0.7684027777777778 0.4027256944444444 0.038541666666666606 0.02979166666666657
1 0.7782118055555556 0.3914236111111111 0.028993055555555536 0.024687499999999928
2 0.7425636574074075 0.4453993055555555 0.030150462962962976 0.05593749999999993
4 0.7022569444444444 0.4138715277777778 0.07771990740740745 0.07677083333333332