1 0.2421875 0.6046875 0.171875 0.1421875
1 0.134375 0.36875 0.075 0.05
0 0.684375 0.55 0.540625 0.403125
3 0.384375 0.590625 0.059375 0.0984375
3 0.2953125 0.65 0.059375 0.1453125
3 0.0390625 0.496875 0.071875 0.0875
1 0.1203125 0.4625 0.103125 0.109375
3 0.1296875 0.3859375 0.040625 0.0359375
3 0.053125 0.415625 0.028125 0.0671875
0 0.578125 0.3203125 0.1046875 0.0546875
2 0.1765625 0.346875 0.0171875 0.05
2 0.1453125 0.3296875 0.015625 0.0265625
2 0.1578125 0.31875 0.015625 0.028125
2 0.1921875 0.321875 0.0203125 0.0296875
1 0.084375 0.303125 0.028125 0.0234375
2 0.1078125 0.2921875 0.0125 0.0203125
1 0.1015625 0.2890625 0.009375 0.0140625
1 0.178125 0.5296875 0.14375 0.0984375
4 0.2296875 0.3421875 0.065625 0.078125
2 0.146875 0.3796875 0.025 0.0515625
1 0.4921875 0.31875 0.0234375 0.021875
0 0.2296875 0.2734375 0.0328125 0.0234375
0 0.175 0.2671875 0.0359375 0.0296875