1 0.796875 0.5296875 0.2359375 0.1296875
2 0.525 0.5484375 0.0734375 0.128125
2 0.41875 0.3828125 0.0359375 0.05625
1 0.1859375 0.5328125 0.1421875 0.096875
1 0.2328125 0.6109375 0.190625 0.1484375
2 0.4234375 0.4875 0.05625 0.10625
1 0.1140625 0.4546875 0.096875 0.0953125
3 0.040625 0.5078125 0.065625 0.0734375
3 0.0515625 0.4125 0.0234375 0.065625
4 0.2265625 0.3328125 0.0421875 0.034375
1 0.215625 0.3078125 0.03125 0.015625
2 0.3109375 0.409375 0.03125 0.0734375
2 0.2265625 0.3671875 0.040625 0.05
2 0.8421875 0.653125 0.1375 0.1734375
1 0.3546875 0.3859375 0.0609375 0.0578125
1 0.290625 0.371875 0.0515625 0.0484375
1 0.303125 0.3375 0.05625 0.0390625
1 0.4953125 0.41875 0.09375 0.0703125
2 0.440625 0.4375 0.0296875 0.0609375
3 0.2671875 0.6703125 0.04375 0.1421875
2 0.8546875 0.3515625 0.0203125 0.0203125
1 0.5203125 0.3203125 0.0328125 0.025
1 0.584375 0.328125 0.028125 0.025
4 0.6234375 0.328125 0.0421875 0.034375
2 0.740625 0.346875 0.0203125 0.0234375
1 0.14375 0.3546875 0.04375 0.05
1 0.115625 0.3265625 0.028125 0.0265625
1 0.0859375 0.315625 0.03125 0.0359375
1 0.1703125 0.3203125 0.03125 0.028125
1 0.1765625 0.30625 0.028125 0.021875
1 0.1359375 0.3125 0.0265625 0.021875
1 0.1140625 0.2984375 0.0234375 0.0203125
4 0.1359375 0.2765625 0.0453125 0.04375
3 0.06875 0.3859375 0.01875 0.03125
3 0.090625 0.390625 0.0203125 0.0234375