1 0.7166435185185185 0.5379976851851852 0.11796296296296305 0.11163194444444428
1 0.5773321759259259 0.45783564814814814 0.11770833333333339 0.07725694444444446
0 0.18665509259259258 0.33620370370370367 0.10369212962962963 0.08267361111111109
1 0.19890625 0.37053819444444447 0.06290509259259261 0.05839120370370372
1 0.45504629629629634 0.6115972222222222 0.152824074074074 0.1792939814814815
4 0.7514004629629629 0.38295717592592593 0.22096064814814814 0.10055555555555555
1 0.22289930555555557 0.6134722222222222 0.22303240740740743 0.16939814814814813
0 0.46728587962962964 0.3309490740740741 0.08628472222222214 0.05196759259259256
1 0.3372685185185185 0.3677951388888889 0.0612384259259259 0.04423611111111114
3 0.2463020833333333 0.5140335648148148 0.04104166666666664 0.058657407407407366
1 0.9072974537037037 0.43987268518518513 0.11912037037037031 0.057037037037036956
1 0.40817129629629634 0.3977893518518519 0.07067129629629623 0.052604166666666605
2 0.26695023148148145 0.36440972222222223 0.03157407407407407 0.04560185185185191
0 0.5992013888888889 0.35439814814814813 0.10825231481481482 0.06576388888888891
3 0.21441550925925928 0.7036342592592593 0.07103009259259263 0.10104166666666678
1 0.17041666666666666 0.523605324074074 0.14756944444444448 0.1024537037037037
3 0.5902951388888888 0.6071064814814815 0.07276620370370371 0.12457175925925927
1 0.8230381944444444 0.7357928240740741 0.2406944444444445 0.23447916666666657
1 0.7934027777777778 0.6214872685185184 0.18807870370370364 0.08923611111111107
3 0.061973379629629635 0.39134259259259263 0.026840277777777775 0.03907407407407408
2 0.3219328703703704 0.4333217592592593 0.048958333333333305 0.07318287037037034
3 0.05048032407407408 0.4656944444444445 0.04920138888888888 0.10599537037037052
2 0.42351273148148144 0.4369965277777778 0.04732638888888889 0.06371527777777786
1 0.1322511574074074 0.40019675925925924 0.06910879629629632 0.05251157407407412
3 0.19917824074074073 0.4393344907407407 0.05530092592592593 0.08605324074074083
1 0.7559953703703703 0.50125 0.1678472222222222 0.09896990740740748
3 0.018489583333333334 0.45832754629629624 0.036701388888888895 0.10525462962962955
3 0.07859953703703704 0.46814236111111107 0.03824074074074073 0.10222222222222221
2 0.48212962962962963 0.7538888888888889 0.1368171296296296 0.12680555555555556
3 0.053553240740740735 0.644693287037037 0.10710648148148147 0.255011574074074
4 0.18796875 0.26437499999999997 0.04559027777777778 0.04018518518518519
4 0.11465277777777778 0.24361689814814813 0.03616898148148149 0.033379629629629634
0 0.3408564814814815 0.3054803240740741 0.05024305555555557 0.03577546296296301
4 0.26049189814814816 0.28664930555555557 0.058078703703703737 0.0393634259259259
2 0.12354166666666666 0.3097974537037037 0.019004629629629656 0.03548611111111111
2 0.07828703703703703 0.29929976851851847 0.01744212962962961 0.03539351851851844
1 0.10333912037037037 0.29375 0.02052083333333332 0.029328703703703683
1 0.9551215277777778 0.6310706018518518 0.082534722222222 0.17825231481481474