1 0.11875 0.3109375 0.0265625 0.0203125
2 0.1859375 0.328125 0.0125 0.034375
1 0.2109375 0.35 0.046875 0.0453125
1 0.2421875 0.6078125 0.19375 0.1484375
2 0.4046875 0.4734375 0.0703125 0.0890625
2 0.809375 0.5359375 0.1046875 0.1328125
1 0.18125 0.5234375 0.1375 0.090625
4 0.70625 0.3890625 0.36875 0.1625
1 0.2390625 0.3703125 0.0625 0.0625
1 0.1234375 0.403125 0.075 0.0515625
2 0.296875 0.3546875 0.028125 0.040625
2 0.1265625 0.328125 0.021875 0.028125
2 0.334375 0.371875 0.0359375 0.0484375
2 0.5765625 0.553125 0.0828125 0.1390625
1 0.9328125 0.3625 0.1125 0.053125
1 0.4234375 0.3765625 0.071875 0.04375
2 0.3765625 0.4359375 0.059375 0.0640625
2 0.896875 0.6078125 0.1375 0.1640625
3 0.0265625 0.4234375 0.0375 0.065625
2 0.778125 0.5 0.0765625 0.096875
1 0.190625 0.4484375 0.1171875 0.0671875
2 0.0984375 0.3234375 0.0203125 0.028125
1 0.990625 0.3625 0.01875 0.05
1 0.159375 0.3109375 0.0359375 0.025
3 0.0671875 0.43125 0.0234375 0.0359375
3 0.0796875 0.64375 0.0765625 0.0390625
3 0.0671875 0.5765625 0.0859375 0.125
3 0.0953125 0.515625 0.0546875 0.075
3 0.0484375 0.4796875 0.0265625 0.1046875
3 0.0734375 0.48125 0.03125 0.0625
3 0.075 0.696875 0.05625 0.0640625
3 0.046875 0.396875 0.015625 0.025
1 0.084375 0.3859375 0.053125 0.0390625
4 0.234375 0.2703125 0.059375 0.04375
1 0.5515625 0.4390625 0.10625 0.0484375
1 0.5796875 0.4890625 0.1734375 0.0921875