1 0.4109375 0.4125 0.0734375 0.0796875
1 0.9234375 0.4796875 0.1515625 0.096875
1 0.2453125 0.6046875 0.196875 0.146875
4 0.684375 0.3109375 0.1875 0.0765625
1 0.196875 0.5109375 0.1234375 0.0671875
1 0.31875 0.378125 0.08125 0.05625
3 0.1875 0.440625 0.05 0.071875
1 0.1 0.3546875 0.0953125 0.0359375
2 0.225 0.3625 0.0328125 0.04375
1 0.9328125 0.540625 0.10625 0.1015625
1 0.2578125 0.3484375 0.053125 0.0390625
2 0.0828125 0.403125 0.0484375 0.0453125
2 0.1203125 0.4359375 0.0578125 0.0828125
1 0.83125 0.35 0.0609375 0.034375
2 0.35625 0.3546875 0.01875 0.0453125
2 0.1953125 0.3359375 0.015625 0.0359375
1 0.209375 0.321875 0.0296875 0.03125
4 0.209375 0.3015625 0.0484375 0.0265625
1 0.1625 0.303125 0.03125 0.01875
3 0.0828125 0.7 0.0734375 0.0671875
3 0.0765625 0.6578125 0.0484375 0.065625
3 0.2546875 0.6890625 0.0671875 0.10625
0 0.659375 0.565625 0.4984375 0.3640625
1 0.4875 0.3171875 0.034375 0.0203125