0 0.1611284722222222 0.6383680555555555 0.3222569444444444 0.3513888888888889
1 0.5085590277777777 0.40425347222222224 0.107951388888889 0.08049768518518512
0 0.43043402777777773 0.3017650462962963 0.1328125 0.07517361111111107
4 0.6846527777777778 0.24317129629629627 0.07152777777777786 0.05729166666666661
1 0.8571180555555555 0.24537037037037038 0.034895833333333216 0.024710648148148183
4 0.8191319444444446 0.23350694444444448 0.03343750000000014 0.029340277777777857
4 0.6820833333333333 0.3236689814814815 0.08465277777777765 0.08587962962962958
1 0.7612673611111112 0.3433738425925926 0.07052083333333332 0.08223379629629628
1 0.5835069444444445 0.649710648148148 0.23076388888888885 0.12719907407407405
1 0.8755208333333334 0.40081018518518513 0.10715277777777779 0.11481481481481488
1 0.23583333333333334 0.3472222222222222 0.04440972222222221 0.031307870370370416
1 0.8915104166666665 0.24331597222222223 0.03500000000000014 0.029398148148148097
1 0.8813020833333333 0.3162905092592593 0.0733680555555555 0.06984953703703703
1 0.8587673611111111 0.2765335648148148 0.052465277777777784 0.04253472222222214
1 0.8005034722222222 0.26385995370370374 0.041458333333333285 0.039004629629629584
1 0.7942013888888889 0.2664351851851852 0.00472222222222225 0.0017361111111110715
1 0.24480902777777777 0.47022569444444445 0.16944444444444445 0.10775462962962976
2 0.37730902777777775 0.4091145833333333 0.0438194444444445 0.075
2 0.48201388888888885 0.4747106481481481 0.06006944444444447 0.10370370370370381
1 0.8121701388888889 0.4765335648148149 0.1622916666666665 0.13715277777777785
1 0.7611284722222222 0.5603877314814815 0.19774305555555555 0.18686342592592595
1 0.33128472222222227 0.3374421296296296 0.05986111111111114 0.024074074074074046
3 0.7883854166666667 0.6686631944444444 0.03989583333333328 0.03894675925925917
3 0.9554861111111113 0.42048611111111106 0.06631944444444429 0.10393518518518512
3 0.9328993055555556 0.3479456018518518 0.031111111111111 0.06516203703703702
3 0.8342534722222222 0.3258391203703704 0.029409722222222358 0.058854166666666693