4 0.4140625 0.4109375 0.1125 0.0859375
1 0.75 0.4546875 0.1484375 0.078125
1 0.234375 0.6109375 0.2359375 0.1484375
1 0.1296875 0.4109375 0.0734375 0.053125
1 0.6015625 0.48125 0.1796875 0.0875
2 0.2453125 0.3921875 0.0390625 0.04375
1 0.140625 0.3625 0.071875 0.0375
2 0.2984375 0.403125 0.040625 0.053125
1 0.26875 0.35625 0.0703125 0.0375
2 0.653125 0.525 0.0609375 0.115625
0 0.91875 0.721875 0.15 0.11875
1 0.309375 0.3421875 0.0609375 0.03125
1 0.228125 0.340625 0.05 0.0296875
1 0.8984375 0.3578125 0.040625 0.0421875
3 0.0734375 0.703125 0.0765625 0.08125
2 0.54375 0.5265625 0.0578125 0.0984375
1 0.184375 0.5234375 0.146875 0.084375
2 0.865625 0.54375 0.1078125 0.1046875
2 0.1078125 0.3203125 0.01875 0.0265625
2 0.96328125 0.50078125 0.0734375 0.1328125
1 0.6015625 0.33125 0.0546875 0.0234375
3 0.0578125 0.4796875 0.0328125 0.1109375
0 0.134375 0.28125 0.0671875 0.0390625
1 0.1265625 0.3140625 0.0390625 0.028125
3 0.0796875 0.6421875 0.046875 0.03125
3 0.1890625 0.4453125 0.0375 0.0703125
1 0.1703125 0.3328125 0.0453125 0.025
3 0.43125 0.6875 0.0859375 0.1859375
1 0.2609375 0.325 0.04375 0.01875
2 0.3328125 0.3734375 0.0296875 0.0453125
2 0.715625 0.34375 0.0234375 0.034375
1 0.5171875 0.4015625 0.0703125 0.08125
1 0.378125 0.353125 0.0515625 0.028125
1 0.184375 0.30625 0.025 0.0171875
1 0.2 0.3171875 0.0296875 0.0234375
2 0.43125 0.309375 0.01875 0.0171875
1 0.0640625 0.35 0.0296875 0.0375
2 0.3640625 0.5421875 0.0640625 0.1375
2 0.340625 0.6859375 0.059375 0.190625
1 0.9328125 0.3578125 0.059375 0.046875
4 0.8203125 0.346875 0.1109375 0.040625