1 0.5984027777777777 0.3815104166666667 0.10361111111111114 0.08791666666666664
1 0.7660069444444445 0.3609895833333333 0.07593750000000003 0.06114583333333332
1 0.34967013888888887 0.3871875 0.15968750000000007 0.12281250000000003
1 0.7100868055555556 0.6202083333333334 0.26336805555555554 0.21229166666666668
1 0.8607986111111112 0.4364583333333334 0.0890625 0.07604166666666679
2 0.7472743055555555 0.41442708333333333 0.0609375 0.07416666666666671
3 0.43592013888888886 0.6548437500000001 0.11114583333333332 0.15229166666666671
1 0.7781944444444445 0.5424479166666667 0.16621527777777773 0.12947916666666667
1 0.3369270833333333 0.28833333333333333 0.09440972222222221 0.05614583333333334
2 0.6547395833333333 0.4283854166666667 0.06767361111111114 0.08552083333333335
0 0.11430555555555555 0.47088541666666667 0.2286111111111111 0.43322916666666667
3 0.9221701388888889 0.5453125 0.084652777777778 0.08197916666666671
3 0.9226909722222223 0.3583333333333333 0.03517361111111121 0.055312499999999966
2 0.8636111111111111 0.33812499999999995 0.031631944444444574 0.04572916666666664
2 0.8078993055555556 0.34729166666666667 0.05350694444444457 0.04718750000000007
2 0.8138194444444444 0.3718229166666666 0.03951388888888907 0.047812500000000036