1 0.275 0.365625 0.06875 0.0625
1 0.671875 0.4421875 0.1375 0.0875
1 0.2328125 0.5953125 0.1703125 0.115625
1 0.5265625 0.4 0.1015625 0.065625
0 0.3859375 0.3421875 0.128125 0.0953125
1 0.1796875 0.525 0.146875 0.0921875
1 0.20625 0.440625 0.11875 0.078125
2 0.265625 0.3765625 0.0234375 0.0484375
1 0.1921875 0.3421875 0.053125 0.040625
1 0.546875 0.6296875 0.1484375 0.19375
2 0.359375 0.384375 0.04375 0.0578125
1 0.0984375 0.39375 0.0375 0.0546875
1 0.1359375 0.365625 0.071875 0.040625
3 0.05 0.4203125 0.0671875 0.08125
2 0.4390625 0.403125 0.0296875 0.0703125
3 0.1390625 0.3984375 0.01875 0.0609375
3 0.0359375 0.5015625 0.071875 0.078125
3 0.2578125 0.6734375 0.0453125 0.1375
3 0.0703125 0.6875 0.0515625 0.103125
2 0.1203125 0.3203125 0.015625 0.0296875
2 0.146875 0.3296875 0.0109375 0.03125
1 0.1234375 0.3015625 0.021875 0.0171875
2 0.14375 0.30625 0.009375 0.009375
2 0.0984375 0.3109375 0.015625 0.028125
4 0.228125 0.2671875 0.065625 0.0484375