4 0.5947048611111111 0.3603645833333333 0.131111111111111 0.1114583333333334
1 0.2753993055555556 0.478125 0.16530092592592593 0.11062499999999993
1 0.8133449074074074 0.5159895833333333 0.26708333333333345 0.19989583333333344
1 0.8725347222222222 0.2971354166666667 0.08504629629629648 0.06947916666666672
1 0.42636574074074074 0.47119791666666666 0.19738425925925931 0.12677083333333333
2 0.7553472222222222 0.30494791666666665 0.04827546296296301 0.053020833333333336
1 0.8518344907407407 0.25223958333333335 0.07943287037037053 0.05354166666666664
2 0.7056770833333333 0.32708333333333334 0.05195601851851848 0.06260416666666666
1 0.7253240740740741 0.27479166666666666 0.07787037037037034 0.05343750000000007
2 0.38484375000000004 0.5249479166666667 0.08543981481481477 0.1286458333333332
0 0.16757523148148148 0.7763020833333333 0.1755208333333333 0.15177083333333333
1 0.6818923611111111 0.26984375 0.06803240740740737 0.04499999999999993
1 0.7615277777777778 0.2504166666666666 0.056909722222222216 0.041145833333333395
1 0.109375 0.41624999999999995 0.04974537037037034 0.0515625
3 0.9717042824074074 0.5700520833333333 0.05659143518518519 0.09812499999999993
2 0.4925115740740741 0.5020833333333334 0.07817129629629634 0.11104166666666657
1 0.8436805555555555 0.4190625 0.16410879629629632 0.11677083333333335
2 0.18169560185185185 0.5910416666666667 0.13056712962962963 0.12854166666666664
2 0.874837962962963 0.20364583333333336 0.025196759259259238 0.03125
2 0.07846643518518519 0.5696875 0.09748842592592592 0.14812499999999992
1 0.39413194444444444 0.3243229166666667 0.059664351851851816 0.035104166666666714
3 0.9579456018518518 0.3486979166666667 0.05675925925925931 0.11739583333333332
0 0.8399884259259259 0.17145833333333332 0.07474537037037052 0.05322916666666666
1 0.8551215277777778 0.20182291666666666 0.04578703703703724 0.03729166666666668
3 0.971574074074074 0.5125 0.05378472222222221 0.04093750000000007
3 0.8220023148148148 0.34442708333333333 0.052881944444444426 0.07822916666666666
1 0.8160243055555556 0.2303125 0.050289351851851904 0.03447916666666666
3 0.6368287037037037 0.6344270833333334 0.12572916666666673 0.20447916666666668
1 0.7257696759259259 0.24260416666666665 0.04835648148148142 0.028125
2 0.6660069444444444 0.3061979166666667 0.03890046296296283 0.05239583333333338
2 0.28500000000000003 0.3621875 0.030347222222222213 0.03937500000000007
1 0.4919965277777778 0.37427083333333333 0.08818287037037038 0.09614583333333337
1 0.6175636574074075 0.29609375 0.05681712962962955 0.039583333333333304
1 0.7966203703703704 0.20729166666666665 0.029328703703703597 0.02218749999999998
1 0.7841261574074074 0.22145833333333337 0.034479166666666575 0.030312499999999964
2 0.5561053240740741 0.26489583333333333 0.023078703703703594 0.02177083333333334
1 0.9238368055555555 0.22312500000000002 0.03843749999999986 0.04458333333333329
2 0.6714583333333334 0.4776041666666667 0.09298611111111121 0.15093750000000003
2 0.7257465277777777 0.6128125000000001 0.10072916666666672 0.20281249999999992
1 0.07532407407407407 0.42401041666666667 0.06895833333333332 0.06062499999999993
4 0.1830324074074074 0.38859375 0.1190509259259259 0.06552083333333333