1 0.37890625 0.41704282407407406 0.0984375 0.07020833333333343
1 0.2421875 0.620630787037037 0.2078125 0.16714120370370367
1 0.471875 0.5594155092592593 0.1640625 0.18524305555555554
1 0.42734375 0.3702314814814815 0.08125 0.05745370370370377
3 0.421875 0.703125 0.0953125 0.16234953703703708
1 0.2984375 0.3471412037037037 0.0390625 0.02557870370370372
1 0.26953125 0.36006944444444444 0.04375 0.047523148148148134
1 0.14921875 0.3813831018518518 0.0515625 0.052326388888888874
2 0.62578125 0.41182291666666665 0.05 0.0741782407407408
1 0.1609375 0.3491782407407408 0.0453125 0.033483796296296296
1 0.234375 0.34887152777777775 0.0421875 0.04124999999999997
1 0.3109375 0.38679976851851855 0.06875 0.04789351851851853
1 0.11953125 0.4326041666666667 0.090625 0.0685300925925926
3 0.37421875 0.5725810185185185 0.06875 0.15414351851851862
1 0.18828125 0.5472106481481481 0.1625 0.11490740740740737
3 0.3203125 0.7085358796296296 0.084375 0.15124999999999994
3 0.078125 0.7332175925925926 0.08125 0.1558912037037036
3 0.18046875 0.4692013888888889 0.046875 0.06006944444444447
2 0.246875 0.4322800925925926 0.04375 0.07564814814814813
1 0.0671875 0.4255671296296296 0.0765625 0.06207175925925927
1 0.1375 0.32608796296296294 0.0296875 0.022314814814814808
3 0.10390625 0.5179918981481482 0.0390625 0.1099537037037038
3 0.03515625 0.5244791666666667 0.04375 0.13658564814814814
3 0.0671875 0.3786921296296296 0.0265625 0.042581018518518476
4 0.1796875 0.289525462962963 0.0546875 0.05081018518518512
4 0.2703125 0.2975578703703704 0.0625 0.05092592592592595
4 0.11171875 0.30303240740740744 0.0515625 0.03513888888888887
0 0.928125 0.31671875 0.13125 0.1456944444444444
1 0.8140625 0.3152835648148148 0.06875 0.04476851851851853
1 0.71015625 0.31213541666666667 0.053125 0.039849537037037044