4 0.37471064814814814 0.30052083333333335 0.1067708333333333 0.05857638888888887
0 0.500462962962963 0.2969444444444444 0.14074074074074083 0.0905555555555555
1 0.8475983796296298 0.48626736111111113 0.21597222222222215 0.140625
1 0.31409143518518523 0.45824652777777775 0.10225694444444447 0.10531249999999996
1 0.5438078703703704 0.3905902777777778 0.09450231481481489 0.06454861111111114
0 0.27873263888888894 0.39022569444444444 0.16759259259259257 0.14111111111111105
2 0.7261863425925925 0.39592013888888894 0.07158564814814809 0.07809027777777774
3 0.27771990740740743 0.7217708333333334 0.07685185185185191 0.0938194444444445
2 0.15807291666666667 0.38352430555555556 0.03425925925925925 0.03979166666666663
3 0.2162615740740741 0.6668402777777778 0.09241898148148149 0.1347569444444444
1 0.18761574074074075 0.3367361111111111 0.04021990740740744 0.03211805555555554
2 0.6146412037037037 0.4453125 0.09438657407407405 0.1035763888888889
1 0.2682291666666667 0.6344097222222222 0.23466435185185192 0.18163194444444458
3 0.07100694444444446 0.5238541666666666 0.07604166666666667 0.11409722222222225
1 0.39239004629629626 0.3978645833333333 0.08506944444444446 0.06277777777777782
2 0.11730324074074075 0.3805208333333333 0.02627314814814814 0.034930555555555555
3 0.3455729166666667 0.35824652777777777 0.029571759259259256 0.039687499999999966
1 0.6003472222222223 0.3127083333333333 0.0622106481481481 0.03572916666666668
2 0.40384837962962966 0.41168402777777774 0.05711805555555553 0.06684027777777786
3 0.20023148148148148 0.4240277777777778 0.029976851851851817 0.05062499999999996
3 0.1269386574074074 0.7251215277777778 0.08055555555555553 0.10951388888888883
1 0.20815972222222223 0.5536458333333333 0.15538194444444448 0.10649305555555558
3 0.10407986111111112 0.5090451388888889 0.04369212962962963 0.08371527777777779
2 0.06391782407407406 0.3746701388888889 0.024826388888888884 0.0380208333333333
2 0.08159722222222224 0.36645833333333333 0.022974537037037022 0.030173611111111144
4 0.1697048611111111 0.2964756944444445 0.0338541666666667 0.028854166666666715
4 0.11727430555555556 0.29529513888888886 0.03744212962962963 0.041423611111111126
0 0.2535011574074074 0.30008680555555556 0.04178240740740744 0.03215277777777779
0 0.3106770833333333 0.3027256944444444 0.04670138888888893 0.03850694444444445
1 0.8288773148148149 0.29746527777777776 0.07199074074074048 0.046875
2 0.46782407407407406 0.4290277777777778 0.044965277777777854 0.07593750000000003
1 0.4491608796296296 0.3684548611111111 0.0630787037037038 0.05916666666666668
2 0.9869212962962962 0.6236111111111111 0.02615740740740762 0.17291666666666677