3 0.029340277777777778 0.47177083333333336 0.03447916666666666 0.07572916666666671
1 0.04501736111111111 0.4339409722222222 0.07138888888888888 0.05
1 0.44022569444444437 0.5352604166666667 0.17934027777777786 0.12892361111111103
1 0.18447916666666667 0.5534375 0.1740277777777778 0.10069444444444446
1 0.2444097222222222 0.6325347222222222 0.19420138888888888 0.16517361111111128
2 0.3044791666666667 0.45940972222222226 0.05184027777777782 0.0839236111111111
1 0.29182291666666665 0.39644097222222224 0.07465277777777786 0.0563194444444445
1 0.1794791666666667 0.42704861111111114 0.07954861111111108 0.06579861111111107
1 0.6437326388888889 0.44328124999999996 0.1332638888888889 0.09354166666666668
1 0.61921875 0.3868229166666667 0.13927083333333332 0.0827430555555555
1 0.24456597222222226 0.37953125 0.055625000000000036 0.04340277777777777
2 0.5185243055555555 0.420295138888889 0.05805555555555557 0.08249999999999993
2 0.34953124999999996 0.43498263888888894 0.04527777777777775 0.06972222222222228
2 0.3995138888888889 0.43465277777777783 0.051874999999999984 0.08548611111111111
2 0.6719618055555555 0.5082465277777778 0.08559027777777786 0.12684027777777782
1 0.19102430555555555 0.3643229166666667 0.04951388888888886 0.04951388888888886
1 0.10710069444444444 0.48644097222222216 0.09871527777777778 0.08496527777777771
1 0.07697916666666667 0.3660763888888889 0.04184027777777777 0.05559027777777779
3 0.26371527777777776 0.7125347222222222 0.058506944444444466 0.17309027777777786
3 0.032109375 0.5600173611111111 0.06421875 0.08277777777777776
4 0.9219791666666666 0.36135416666666664 0.14527777777777756 0.28277777777777774
1 0.42015624999999995 0.38421875 0.11020833333333328 0.11020833333333338