1 0.184375 0.528125 0.1515625 0.0953125
1 0.2375 0.6109375 0.19375 0.14375
1 0.1234375 0.4125 0.084375 0.059375
0 0.7765625 0.5890625 0.446875 0.384375
1 0.1453125 0.3234375 0.0390625 0.028125
4 0.584375 0.328125 0.090625 0.03125
1 0.3234375 0.375 0.053125 0.046875
1 0.1140625 0.3453125 0.0515625 0.0265625
2 0.396875 0.4078125 0.040625 0.0609375
3 0.0578125 0.415625 0.053125 0.0796875
3 0.0328125 0.50625 0.065625 0.0765625
2 0.4734375 0.39375 0.053125 0.0578125
2 0.19375 0.4171875 0.0359375 0.071875
3 0.0640625 0.7015625 0.065625 0.1375
1 0.2515625 0.35 0.0484375 0.040625
1 0.18125 0.3515625 0.0453125 0.04375
1 0.7328125 0.3453125 0.0546875 0.025
4 0.940625 0.3 0.1171875 0.1609375