4 0.4015625 0.3234375 0.1453125 0.1265625
1 0.403125 0.4171875 0.1171875 0.0796875
1 0.240625 0.615625 0.19375 0.15625
1 0.1859375 0.5390625 0.159375 0.121875
4 0.975 0.3625 0.0390625 0.0796875
4 0.26875 0.296875 0.0890625 0.0796875
3 0.271875 0.659375 0.096875 0.146875
4 0.671875 0.46875 0.2890625 0.215625
3 0.0515625 0.4140625 0.040625 0.0671875
2 0.325 0.446875 0.053125 0.0953125
1 0.7671875 0.3453125 0.0703125 0.0265625
1 0.5140625 0.403125 0.0828125 0.059375
2 0.2453125 0.4109375 0.046875 0.0828125
1 0.2890625 0.3703125 0.059375 0.053125
1 0.396875 0.3640625 0.08125 0.028125
3 0.0625 0.6734375 0.1125 0.1140625
3 0.0328125 0.496875 0.05625 0.0859375
1 0.0609375 0.3828125 0.0828125 0.0625
1 0.1609375 0.3015625 0.0359375 0.028125
1 0.0921875 0.3140625 0.03125 0.034375
2 0.196875 0.353125 0.0203125 0.0421875
2 0.2296875 0.3578125 0.0171875 0.0453125
2 0.11875 0.3125 0.0125 0.03125
2 0.7984375 0.484375 0.03125 0.1046875
2 0.70625 0.3390625 0.0203125 0.015625