0 0.4234375 0.43125 0.2390625 0.2015625
1 0.2015625 0.3671875 0.0578125 0.05
1 0.125 0.4109375 0.0796875 0.0515625
1 0.7640625 0.4953125 0.1546875 0.0921875
2 0.596875 0.4828125 0.05625 0.0890625
3 0.0359375 0.5046875 0.065625 0.0671875
1 0.190625 0.5234375 0.1640625 0.0875
1 0.7921875 0.4546875 0.165625 0.0671875
1 0.5671875 0.4125 0.0703125 0.0609375
2 0.91875 0.58125 0.0890625 0.1515625
4 0.1453125 0.2578125 0.04375 0.0421875
4 0.23125 0.2796875 0.04375 0.025
1 0.16875 0.321875 0.034375 0.025
1 0.2296875 0.6046875 0.20625 0.15
1 0.10625 0.3140625 0.034375 0.034375
2 0.134375 0.3140625 0.0171875 0.0234375
2 0.484375 0.590625 0.0640625 0.1421875
2 0.2625 0.4859375 0.05 0.0828125
1 0.9828125 0.528125 0.034375 0.1265625
2 0.2015625 0.31875 0.0203125 0.0234375
1 0.8828125 0.3671875 0.0984375 0.046875
2 0.96015625 0.6859375 0.0796875 0.190625
2 0.709375 0.5296875 0.0796875 0.115625
1 0.6875 0.346875 0.065625 0.0359375
3 0.134375 0.371875 0.0328125 0.0296875