1 0.8796875 0.6375 0.240625 0.1453125
1 0.4609375 0.4625 0.1 0.1
1 0.640625 0.5140625 0.175 0.1015625
1 0.321875 0.475 0.1015625 0.1109375
1 0.2375 0.60625 0.1921875 0.146875
1 0.6109375 0.4078125 0.1125 0.0609375
1 0.828125 0.478125 0.1984375 0.0578125
1 0.8203125 0.4265625 0.196875 0.0671875
1 0.125 0.4125 0.096875 0.059375
0 0.2640625 0.3703125 0.1625 0.1234375
1 0.1796875 0.525 0.1515625 0.0890625
1 0.81875 0.503125 0.2 0.10625
1 0.925 0.353125 0.10625 0.0453125
2 0.1109375 0.325 0.0203125 0.03125
2 0.1796875 0.340625 0.0234375 0.0390625
2 0.2171875 0.4359375 0.0453125 0.06875
3 0.040625 0.503125 0.06875 0.071875
2 0.1359375 0.303125 0.021875 0.0234375
2 0.59375 0.546875 0.0828125 0.1296875
2 0.3828125 0.4265625 0.0359375 0.075
2 0.6578125 0.4421875 0.0484375 0.04375
1 0.384375 0.4015625 0.0953125 0.0640625
1 0.371875 0.3625 0.06875 0.0390625
2 0.9265625 0.721875 0.140625 0.115625
3 0.078125 0.690625 0.05625 0.084375
3 0.059375 0.4515625 0.034375 0.1046875
3 0.1109375 0.4453125 0.04375 0.0921875
1 0.096875 0.3140625 0.046875 0.0328125
1 0.1703125 0.325 0.0390625 0.040625
1 0.48125 0.3875 0.0765625 0.0515625
1 0.4359375 0.3703125 0.028125 0.0546875
2 0.5171875 0.4421875 0.0359375 0.0828125
2 0.584375 0.446875 0.0546875 0.0765625
1 0.565625 0.3265625 0.0390625 0.0203125