1 0.21824074074074074 0.3939930555555556 0.07064814814814815 0.0676273148148148
2 0.9373292824074074 0.45918981481481486 0.1253414351851852 0.1469444444444445
1 0.26569444444444446 0.622355324074074 0.21262731481481484 0.17327546296296284
1 0.20381944444444447 0.5410590277777778 0.1577430555555555 0.11114583333333332
2 0.6999305555555555 0.3838831018518518 0.07050925925925924 0.06293981481481481
2 0.6754224537037038 0.42818865740740736 0.09207175925925917 0.1061805555555555
2 0.5698321759259259 0.40314814814814814 0.06444444444444457 0.06886574074074084
1 0.13024305555555554 0.4345486111111111 0.08296296296296295 0.062025462962963115
1 0.41956597222222225 0.34912615740740743 0.08696759259259253 0.09187499999999993
2 0.1400810185185185 0.3440567129629629 0.02114583333333333 0.029178240740740692
3 0.2281365740740741 0.463900462962963 0.05047453703703706 0.07126157407407412
2 0.2534837962962963 0.3686921296296296 0.043761574074074085 0.055312499999999966
1 0.33852430555555557 0.36037037037037034 0.05883101851851844 0.037372685185185175
3 0.18921296296296294 0.470613425925926 0.06131944444444448 0.06870370370370367
3 0.42009837962962965 0.5783564814814814 0.08182870370370363 0.12905092592592596
0 0.8496296296296297 0.260318287037037 0.20567129629629619 0.09646990740740743
2 0.34207175925925926 0.40087384259259257 0.08163194444444448 0.06975694444444454
2 0.1541898148148148 0.3448900462962963 0.02431712962962962 0.030902777777777855
3 0.42699652777777775 0.7055381944444444 0.06795138888888896 0.13457175925925924
3 0.28196180555555556 0.7224479166666666 0.06951388888888888 0.13465277777777782
3 0.15465277777777778 0.7830381944444444 0.08135416666666666 0.06038194444444454
3 0.11968749999999999 0.7120833333333334 0.09386574074074075 0.11407407407407408
3 0.03726851851851852 0.5183969907407407 0.047685185185185185 0.13508101851851856
3 0.06693287037037036 0.5160763888888888 0.04878472222222223 0.11953703703703696
3 0.10121527777777777 0.5111689814814815 0.05471064814814817 0.10892361111111111
3 0.16460648148148146 0.48519097222222224 0.026342592592592595 0.04660879629629626
3 0.27034722222222224 0.46249421296296295 0.05585648148148152 0.0949421296296297
1 0.07421875 0.41867476851851854 0.06710648148148146 0.053402777777777646
3 0.052968749999999995 0.4409027777777778 0.021608796296296306 0.04480324074074069
2 0.1697511574074074 0.3683391203703704 0.019953703703703685 0.041597222222222285
2 0.3629456018518519 0.4451736111111112 0.04284722222222222 0.07710648148148139
2 0.48280671296296296 0.6877777777777778 0.0873495370370371 0.15741898148148153
2 0.600289351851852 0.5596238425925926 0.08895833333333343 0.15906249999999994
2 0.5570196759259259 0.4460648148148148 0.05585648148148152 0.0949421296296297
4 0.476099537037037 0.27655671296296297 0.10980324074074073 0.07277777777777779
2 0.41585069444444445 0.382181712962963 0.043900462962962905 0.05999999999999996
0 0.5647048611111112 0.28291666666666665 0.07997685185185191 0.06655092592592596
4 0.2821412037037037 0.27957175925925926 0.076712962962963 0.061701388888888875
4 0.13742476851851854 0.2808159722222222 0.04793981481481482 0.03836805555555554
1 0.1969965277777778 0.33719328703703705 0.032175925925925955 0.03287037037037042
1 0.2524652777777778 0.3343171296296296 0.0396643518518518 0.022337962962962976
1 0.08663773148148149 0.36247685185185186 0.041921296296296304 0.04585648148148156
0 0.0881712962962963 0.33501157407407406 0.07524305555555558 0.06474537037037038