1 0.2515625 0.4546875 0.1296875 0.0828125
1 0.66875 0.7203125 0.2453125 0.121875
1 0.228125 0.5890625 0.1703125 0.1046875
1 0.18125 0.521875 0.153125 0.0890625
1 0.7359375 0.45 0.121875 0.0875
2 0.540625 0.4265625 0.046875 0.0625
1 0.965625 0.5265625 0.06875 0.11875
1 0.1578125 0.3796875 0.075 0.05
0 0.5109375 0.3625 0.1921875 0.128125
2 0.671875 0.465625 0.0578125 0.1015625
1 0.2390625 0.3640625 0.0703125 0.0484375
2 0.153125 0.3359375 0.0296875 0.0375
3 0.2484375 0.6765625 0.065625 0.1234375
2 0.3671875 0.3984375 0.0796875 0.096875
2 0.121875 0.303125 0.0359375 0.0453125
1 0.98671875 0.36171875 0.0265625 0.0671875
2 0.4625 0.4265625 0.034375 0.071875
3 0.071875 0.690625 0.08125 0.0875
3 0.0375 0.50625 0.0578125 0.0734375
3 0.0484375 0.415625 0.0203125 0.0640625
3 0.0640625 0.4296875 0.021875 0.0640625
3 0.0796875 0.43125 0.0140625 0.0484375
3 0.1390625 0.40625 0.0171875 0.0640625
2 0.203125 0.3234375 0.0265625 0.0203125
1 0.1671875 0.3125 0.021875 0.0234375
2 0.08125 0.34375 0.0234375 0.034375
1 0.08125 0.309375 0.03125 0.0265625