1 0.7875 0.4609375 0.16875 0.078125
1 0.6125 0.4109375 0.121875 0.065625
2 0.5796875 0.4640625 0.0671875 0.090625
1 0.24375 0.5890625 0.1828125 0.1171875
1 0.184375 0.525 0.14375 0.0953125
1 0.7703125 0.565625 0.178125 0.1734375
1 0.21875 0.36875 0.059375 0.0515625
1 0.3109375 0.3859375 0.0703125 0.0546875
1 0.125 0.4578125 0.115625 0.0796875
1 0.271875 0.3328125 0.053125 0.0296875
1 0.959375 0.696875 0.08125 0.1671875
0 0.5921875 0.3125 0.15 0.065625
1 0.1328125 0.325 0.0390625 0.0265625
2 0.390625 0.396875 0.0203125 0.053125
2 0.1625 0.3625 0.034375 0.0421875
3 0.0453125 0.415625 0.0203125 0.08125
2 0.1953125 0.33125 0.01875 0.028125
2 0.1625 0.3265625 0.021875 0.0171875
2 0.171875 0.3109375 0.015625 0.025
3 0.040625 0.5046875 0.075 0.08125
4 0.715625 0.3390625 0.078125 0.040625
3 0.2625 0.6609375 0.0609375 0.128125
3 0.0765625 0.684375 0.0578125 0.090625
3 0.0703125 0.421875 0.021875 0.0484375
1 0.0625 0.375 0.071875 0.0328125
2 0.221875 0.4390625 0.034375 0.075
2 0.378125 0.375 0.01875 0.046875
2 0.8765625 0.35625 0.0203125 0.025
1 0.0578125 0.334375 0.034375 0.0296875
2 0.10625 0.3265625 0.0109375 0.0296875
2 0.1515625 0.3109375 0.0109375 0.0265625
1 0.1453125 0.3 0.028125 0.0203125
1 0.0984375 0.3046875 0.01875 0.0234375