0 0.834375 0.4703125 0.3296875 0.2890625
1 0.4203125 0.4109375 0.078125 0.0671875
1 0.2421875 0.6078125 0.1921875 0.15
1 0.1796875 0.528125 0.146875 0.1
1 0.1265625 0.4109375 0.0734375 0.0578125
1 0.271875 0.3734375 0.0578125 0.0484375
2 0.3375 0.3703125 0.03125 0.046875
2 0.3015625 0.3578125 0.0234375 0.0359375
1 0.1234375 0.3421875 0.0421875 0.0421875
1 0.4953125 0.3921875 0.078125 0.05625
4 0.6078125 0.325 0.1734375 0.05
3 0.0375 0.5046875 0.06875 0.078125
3 0.0796875 0.44375 0.0328125 0.09375
1 0.6375 0.4328125 0.0859375 0.078125
1 0.6984375 0.6890625 0.2984375 0.1859375
1 0.2 0.3328125 0.0328125 0.034375
2 0.1796875 0.340625 0.0171875 0.0359375
1 0.171875 0.3125 0.0296875 0.0234375
1 0.290625 0.33125 0.0359375 0.0234375
1 0.0640625 0.3375 0.025 0.0296875
2 0.08125 0.3125 0.0140625 0.0265625
1 0.0796875 0.378125 0.053125 0.021875
3 0.6703125 0.5828125 0.0703125 0.05625
0 0.24375 0.2703125 0.05625 0.04375