0 0.6401215277777779 0.4782349537037037 0.22628472222222235 0.20994212962962955
0 0.6876909722222222 0.3790219907407407 0.15621527777777774 0.07677083333333332
1 0.8657812500000001 0.4954108796296296 0.08100694444444442 0.06350694444444435
4 0.33815972222222224 0.3397800925925926 0.2569097222222222 0.11320601851851855
1 0.8068923611111112 0.40006365740740735 0.041284722222222216 0.03179398148148138
1 0.9152256944444443 0.41741319444444447 0.046215277777777786 0.04297453703703713
3 0.7237673611111111 0.7617997685185185 0.05986111111111114 0.09518518518518508
1 0.7930034722222222 0.6027025462962963 0.1741319444444443 0.11047453703703702
1 0.7403645833333333 0.6836631944444445 0.2431597222222221 0.19677083333333342
3 0.9395312499999999 0.5907465277777778 0.057048611111110856 0.1090856481481481
3 0.8731944444444444 0.7953587962962964 0.08916666666666657 0.0795370370370371
2 0.8109895833333333 0.46206597222222223 0.03576388888888893 0.0642824074074074
2 0.85484375 0.3892534722222222 0.014618055555555643 0.025729166666666713
3 0.8837673611111111 0.7419386574074074 0.06677083333333336 0.05496527777777782
3 0.8711805555555555 0.569212962962963 0.024479166666666784 0.04809027777777786
3 0.8208506944444445 0.5462673611111111 0.03368055555555571 0.040763888888889
3 0.8083506944444444 0.5104224537037038 0.023958333333333214 0.024652777777777857
3 0.9030902777777777 0.5763425925925926 0.035104166666666714 0.10482638888888882
3 0.9253819444444445 0.4883333333333334 0.017534722222222143 0.016516203703703703
3 0.8511631944444445 0.519681712962963 0.027326388888889143 0.03575231481481485
1 0.563142361111111 0.35222800925925923 0.031874999999999966 0.029745370370370415
1 0.9457638888888888 0.45106481481481475 0.041597222222222285 0.04585648148148138
0 0.24571180555555555 0.5582349537037037 0.4914236111111111 0.4852199074074074
1 0.8883159722222222 0.3964641203703704 0.034895833333333216 0.025219907407407406
1 0.9337847222222223 0.3917824074074074 0.01913194444444457 0.018159722222222195
1 0.18862847222222223 0.31090856481481477 0.05538194444444446 0.034085648148148094
1 0.5936979166666667 0.34990162037037037 0.02704861111111114 0.023252314814814844