0 0.35625 0.359375 0.1875 0.1546875
1 0.240625 0.60625 0.19375 0.146875
1 0.7828125 0.50625 0.2109375 0.1125
4 0.6625 0.3765625 0.140625 0.1609375
1 0.4921875 0.3921875 0.090625 0.0390625
2 0.61875 0.4359375 0.053125 0.0734375
1 0.85 0.48125 0.296875 0.11875
1 0.1875 0.5265625 0.1453125 0.0953125
1 0.5296875 0.45625 0.14375 0.0921875
1 0.93125 0.6171875 0.1328125 0.1609375
2 0.6203125 0.528125 0.071875 0.103125
3 0.053125 0.45 0.028125 0.090625
3 0.0484375 0.3921875 0.034375 0.0328125
4 0.096875 0.2703125 0.040625 0.0390625
1 0.2359375 0.3328125 0.065625 0.0359375
2 0.1328125 0.3328125 0.03125 0.0421875
1 0.165625 0.328125 0.0328125 0.034375
3 0.1203125 0.4453125 0.025 0.090625
2 0.4609375 0.4234375 0.0453125 0.0578125
2 0.5234375 0.534375 0.0703125 0.1171875
2 0.9484375 0.7296875 0.103125 0.103125
2 0.415625 0.515625 0.0421875 0.1109375
1 0.1265625 0.409375 0.0796875 0.059375
3 0.0390625 0.50625 0.065625 0.0734375
1 0.0921875 0.3375 0.015625 0.0359375
4 0.1703125 0.2875 0.0546875 0.040625
4 0.096875 0.3078125 0.0390625 0.0390625
1 0.13125 0.303125 0.03125 0.0203125
3 0.078125 0.68125 0.065625 0.0921875
3 0.4421875 0.7609375 0.0796875 0.0421875