1 0.8046875 0.509375 0.21875 0.1078125
1 0.3578125 0.4203125 0.0796875 0.06875
1 0.865625 0.671875 0.26875 0.1921875
1 0.421875 0.4984375 0.1578125 0.0984375
1 0.240625 0.6078125 0.196875 0.15
1 0.184375 0.5203125 0.14375 0.0828125
1 0.1265625 0.35 0.04375 0.040625
2 0.6203125 0.446875 0.040625 0.084375
2 0.575 0.4640625 0.0421875 0.090625
1 0.296875 0.4625 0.0921875 0.096875
1 0.4140625 0.3765625 0.06875 0.0359375
2 0.1390625 0.440625 0.04375 0.08125
2 0.2390625 0.3859375 0.025 0.053125
1 0.1171875 0.321875 0.0375 0.021875
2 0.2875 0.3796875 0.0390625 0.0546875
2 0.2890625 0.3484375 0.0375 0.0296875
1 0.2265625 0.334375 0.03125 0.015625
1 0.2828125 0.3296875 0.0375 0.01875
1 0.1265625 0.40625 0.0859375 0.046875
1 0.190625 0.31875 0.0359375 0.0140625
1 0.934375 0.3609375 0.075 0.059375
1 0.2359375 0.321875 0.03125 0.01875
1 0.2078125 0.3671875 0.03125 0.05625
2 0.15625 0.334375 0.015625 0.03125
1 0.3546875 0.353125 0.0828125 0.0421875
3 0.0859375 0.6671875 0.0609375 0.08125
1 0.1859375 0.3546875 0.021875 0.0375
2 0.2046875 0.3328125 0.015625 0.01875
1 0.1890625 0.3265625 0.0359375 0.0203125
2 0.25625 0.365625 0.0265625 0.0421875
2 0.525 0.43125 0.0375 0.065625
3 0.44375 0.75 0.065625 0.04375
3 0.0390625 0.50625 0.05625 0.0671875
3 0.053125 0.453125 0.028125 0.084375
3 0.05625 0.4015625 0.034375 0.0375
2 0.2421875 0.334375 0.009375 0.0265625
2 0.265625 0.3375 0.0125 0.025
1 0.0828125 0.3140625 0.0265625 0.0265625
1 0.0671875 0.3390625 0.0203125 0.0234375
1 0.1578125 0.3 0.0234375 0.0203125
2 0.165625 0.3140625 0.009375 0.021875
1 0.1734375 0.3046875 0.028125 0.0109375
1 0.1109375 0.2953125 0.0234375 0.0125
2 0.128125 0.2953125 0.0109375 0.0125
2 0.1671875 0.378125 0.015625 0.053125
1 0.853125 0.35 0.0453125 0.0296875