1 0.1375 0.340625 0.0484375 0.034375
1 0.7421875 0.578125 0.26875 0.1390625
1 0.4078125 0.48125 0.1453125 0.0984375
1 0.93125 0.7375 0.1359375 0.0859375
1 0.29375 0.371875 0.0703125 0.046875
1 0.2328125 0.584375 0.1734375 0.09375
1 0.290625 0.33125 0.0515625 0.028125
1 0.1796875 0.5234375 0.1421875 0.0890625
3 0.0578125 0.4171875 0.0390625 0.0859375
1 0.4640625 0.390625 0.0828125 0.0578125
2 0.2359375 0.390625 0.0453125 0.059375
1 0.615625 0.4140625 0.1421875 0.0765625
4 0.75 0.3234375 0.084375 0.05625
2 0.1046875 0.3 0.0125 0.0265625
2 0.178125 0.3390625 0.021875 0.0359375
3 0.271875 0.6265625 0.0953125 0.078125
2 0.134375 0.3484375 0.01875 0.04375
4 0.525 0.3078125 0.1203125 0.0625
4 0.2890625 0.2859375 0.0484375 0.0328125
4 0.2328125 0.2984375 0.0734375 0.0734375
2 0.6328125 0.6953125 0.09375 0.171875
3 0.06875 0.6828125 0.0796875 0.08125
3 0.0390625 0.50625 0.065625 0.0609375
3 0.146875 0.45 0.028125 0.05625
1 0.103125 0.3984375 0.0421875 0.05625
1 0.1625 0.30625 0.0328125 0.0234375
1 0.1484375 0.3171875 0.0375 0.0265625
1 0.11875 0.2921875 0.0203125 0.0234375
1 0.140625 0.2953125 0.0171875 0.0171875
2 0.084375 0.2984375 0.009375 0.0203125
2 0.34375 0.409375 0.0265625 0.0671875