1 0.7461574074074073 0.5685069444444444 0.23674768518518513 0.13798611111111114
1 0.8379456018518517 0.7159548611111111 0.2789930555555557 0.19357638888888892
1 0.669525462962963 0.4636111111111111 0.1430787037037037 0.0859375
1 0.2173784722222222 0.6052256944444444 0.2122106481481481 0.1530555555555555
1 0.1684085648148148 0.5165798611111111 0.1465740740740741 0.0985069444444445
1 0.8842939814814816 0.39177083333333335 0.07928240740740762 0.04079861111111107
2 0.14077546296296295 0.3674305555555556 0.021747685185185172 0.04888888888888889
2 0.23166666666666663 0.4132291666666667 0.03186342592592588 0.07409722222222222
3 0.1655787037037037 0.6384722222222222 0.10130787037037034 0.09906249999999997
1 0.9538425925925926 0.41911458333333335 0.06999999999999992 0.04371527777777775
1 0.10659143518518518 0.43937499999999996 0.11224537037037034 0.09930555555555554
2 0.5743460648148149 0.4833854166666667 0.06982638888888885 0.0905555555555555
4 0.3747627314814815 0.3593402777777778 0.16069444444444442 0.15347222222222223
2 0.4679861111111111 0.45835069444444443 0.05217592592592588 0.07454861111111111
1 0.4262094907407407 0.57546875 0.1600578703703704 0.18468750000000006
1 0.5628009259259259 0.4244965277777778 0.11940972222222221 0.07760416666666678
1 0.048726851851851855 0.36069444444444443 0.08576388888888889 0.04875000000000007
4 0.27061342592592597 0.3124652777777778 0.0508912037037037 0.08388888888888886
3 0.024583333333333336 0.48897569444444444 0.04916666666666667 0.07795138888888893
3 0.04283564814814815 0.40121527777777777 0.022256944444444447 0.06607638888888889
3 0.02815972222222222 0.36883680555555554 0.01494212962962963 0.030000000000000072
1 0.46607060185185184 0.3910763888888889 0.0325925925925926 0.04600694444444446
2 0.16732060185185185 0.34222222222222226 0.020046296296296305 0.044166666666666646
2 0.14078125 0.34085069444444444 0.014432870370370398 0.012812499999999982
2 0.1498611111111111 0.3246354166666666 0.022523148148148132 0.022361111111111144
2 0.22377314814814814 0.3630208333333333 0.029560185185185172 0.04906249999999997
2 0.2502141203703704 0.3940972222222222 0.023634259259259237 0.05986111111111114
2 0.3050115740740741 0.4179861111111111 0.038113425925925884 0.07423611111111103
2 0.1731886574074074 0.30248263888888893 0.03373842592592591 0.03197916666666671
2 0.14340856481481482 0.3049479166666667 0.011724537037037042 0.026805555555555572
2 0.11894097222222225 0.28642361111111114 0.00846064814814813 0.02204861111111107
2 0.09524305555555555 0.3210763888888889 0.01664351851851851 0.03472222222222223
1 0.09350115740740741 0.3007118055555556 0.03359953703703704 0.027291666666666714
1 0.7185358796296296 0.3661979166666667 0.0382407407407408 0.025833333333333285