1 0.59984375 0.41205439814814815 0.11468750000000014 0.08049768518518512
1 0.6616145833333333 0.31958912037037035 0.06270833333333332 0.05043981481481481
1 0.8131770833333333 0.5666840277777778 0.2241666666666667 0.1765740740740739
1 0.5467708333333333 0.3890162037037037 0.11291666666666664 0.07736111111111113
1 0.8491666666666667 0.4740277777777777 0.17312499999999992 0.11372685185185176
1 0.09302083333333333 0.43484953703703705 0.133125 0.07594907407407411
1 0.7759895833333333 0.33683449074074073 0.060416666666666785 0.06291666666666665
1 0.7553645833333333 0.2968576388888889 0.047499999999999966 0.03314814814814815
0 0.3186979166666667 0.6223668981481482 0.5869791666666667 0.48848379629629635
0 0.8179166666666667 0.2863888888888889 0.11083333333333342 0.09296296296296296
2 0.6668229166666666 0.4211400462962963 0.050104166666666575 0.07221064814814823
1 0.59171875 0.3604571759259259 0.06833333333333336 0.04111111111111114
1 0.8735937499999998 0.3602025462962962 0.10093749999999986 0.08508101851851854
2 0.8408854166666668 0.3146701388888889 0.04197916666666686 0.044039351851851816
2 0.7083854166666667 0.3183738425925926 0.033333333333333395 0.031481481481481485
2 0.7199479166666667 0.3863946759259259 0.0515625 0.07065972222222214
3 0.9487500000000001 0.3748148148148148 0.06958333333333329 0.1301388888888889
2 0.7352604166666666 0.3115451388888889 0.025416666666666643 0.02986111111111107
2 0.7155208333333334 0.4371180555555555 0.07104166666666671 0.08173611111111115
1 0.8952083333333334 0.2510416666666667 0.05260416666666643 0.03943287037037031
3 0.973984375 0.6211111111111112 0.05203124999999993 0.09436342592592588
3 0.9670833333333334 0.42109953703703706 0.06583333333333315 0.10840277777777771
3 0.9108854166666667 0.4276331018518519 0.07958333333333342 0.11615740740740747
2 0.7594791666666667 0.37028935185185186 0.055208333333333394 0.0784953703703704
2 0.6667708333333333 0.37350694444444443 0.051041666666666784 0.06284722222222223