1 0.3078125 0.4640625 0.103125 0.0796875
1 0.1828125 0.5328125 0.125 0.0953125
1 0.2359375 0.609375 0.1546875 0.1484375
4 0.9171875 0.46875 0.165625 0.128125
1 0.921875 0.3734375 0.0828125 0.0328125
0 0.95 0.3359375 0.1 0.0671875
2 0.4859375 0.58125 0.0625 0.1375
2 0.56875 0.4890625 0.046875 0.1015625
2 0.6921875 0.4875 0.0546875 0.0984375
2 0.4171875 0.440625 0.040625 0.0578125
2 0.2421875 0.403125 0.021875 0.04375
2 0.3484375 0.3953125 0.0390625 0.059375
3 0.053125 0.4171875 0.025 0.0765625
3 0.075 0.3828125 0.0546875 0.0515625
4 0.0921875 0.3265625 0.0390625 0.04375
1 0.1515625 0.3390625 0.0203125 0.034375
1 0.2203125 0.34375 0.0359375 0.040625
1 0.253125 0.340625 0.0296875 0.0296875
1 0.3046875 0.34375 0.05 0.0359375
1 0.3578125 0.353125 0.0640625 0.03125
1 0.615625 0.3328125 0.0546875 0.03125
1 0.8078125 0.3453125 0.0578125 0.03125
3 0.034375 0.5078125 0.05 0.0734375
3 0.0609375 0.7171875 0.040625 0.1296875
3 0.25625 0.69375 0.04375 0.1625
0 0.325 0.2859375 0.0734375 0.046875
4 0.2390625 0.275 0.0546875 0.04375