1 0.340625 0.4390625 0.084375 0.090625
1 0.9171875 0.5640625 0.165625 0.14375
1 0.2296875 0.609375 0.2015625 0.1453125
1 0.1796875 0.525 0.14375 0.09375
1 0.3515625 0.3921875 0.096875 0.0375
0 0.4125 0.3484375 0.1203125 0.0921875
3 0.053125 0.415625 0.021875 0.06875
1 0.2921875 0.3421875 0.0515625 0.0328125
0 0.1890625 0.321875 0.06875 0.0609375
1 0.55 0.44375 0.1171875 0.0890625
1 0.63125 0.4140625 0.0953125 0.059375
2 0.2390625 0.4 0.0578125 0.090625
2 0.1109375 0.321875 0.0140625 0.03125
2 0.98203125 0.37109375 0.0359375 0.0390625
2 0.528125 0.534375 0.0546875 0.1203125
2 0.70625 0.6703125 0.1140625 0.1984375
2 0.171875 0.3546875 0.01875 0.046875
1 0.1375 0.31875 0.0171875 0.03125
2 0.1515625 0.328125 0.0109375 0.028125
1 0.1234375 0.303125 0.025 0.0203125
4 0.11875 0.26875 0.0421875 0.0390625
4 0.1640625 0.2734375 0.0546875 0.0421875
3 0.0390625 0.390625 0.0109375 0.025
3 0.040625 0.50625 0.059375 0.0578125
3 0.0734375 0.684375 0.0546875 0.090625
3 0.2625 0.671875 0.0421875 0.1296875
1 0.0609375 0.378125 0.0765625 0.05
1 0.059375 0.334375 0.034375 0.028125
4 0.50625 0.4015625 0.115625 0.08125
2 0.7046875 0.34375 0.0171875 0.0265625