1 0.13344907407407408 0.6532407407407408 0.2048611111111111 0.1793171296296297
1 0.7975983796296297 0.5699074074074074 0.23038194444444446 0.1941203703703703
1 0.23891782407407408 0.5299421296296296 0.20659722222222224 0.14190972222222237
1 0.8307002314814815 0.4733391203703704 0.16886574074074084 0.13454861111111108
2 0.7309027777777778 0.41263310185185187 0.05509259259259256 0.09684027777777775
1 0.6670717592592592 0.37484375000000003 0.09160879629629637 0.07138888888888895
2 0.6527199074074075 0.4298263888888889 0.07667824074074084 0.08967592592592588
2 0.6300347222222222 0.3440914351851852 0.06001157407407405 0.061087962962962906
1 0.5453125 0.39542824074074073 0.10711805555555554 0.1108680555555555
1 0.6611111111111111 0.31925925925925924 0.057928240740740836 0.04697916666666666
3 0.8566550925925925 0.3734375 0.08668981481481489 0.1071412037037037
1 0.5277488425925926 0.5743981481481482 0.2085069444444443 0.19347222222222235
3 0.9310763888888889 0.3600347222222222 0.08292824074074083 0.1320023148148149
1 0.4856481481481481 0.4490682870370371 0.1510416666666668 0.11685185185185176
1 0.7015914351851852 0.33762731481481484 0.06469907407407405 0.06122685185185191
2 0.7875868055555555 0.3206655092592593 0.047222222222222145 0.052905092592592594
4 0.7309027777777779 0.3072800925925926 0.10949074074074083 0.09064814814814817
0 0.8013888888888889 0.25083912037037037 0.08917824074074084 0.09004629629629628
1 0.41313657407407406 0.4297511574074074 0.14021990740740745 0.11965277777777779
2 0.845023148148148 0.2700810185185185 0.023263888888888928 0.03814814814814813
2 0.8181712962962961 0.2825520833333333 0.03420138888888857 0.03847222222222228
3 0.9644386574074074 0.605630787037037 0.07112268518518512 0.1042476851851852
3 0.9584490740740741 0.41167245370370364 0.0831018518518519 0.11035879629629619
1 0.2532986111111111 0.41252893518518513 0.07199074074074074 0.047395833333333214
1 0.38495370370370374 0.3641435185185185 0.06724537037037041 0.04569444444444439
1 0.33501157407407406 0.3852951388888889 0.05596064814814809 0.03599537037037033
4 0.585011574074074 0.28734953703703703 0.06284722222222214 0.05336805555555557
4 0.8442418981481481 0.2068460648148148 0.05219907407407405 0.060856481481481504
2 0.8901041666666668 0.2651736111111111 0.031018518518518334 0.036817129629629616
2 0.7954861111111111 0.281099537037037 0.0296875 0.043020833333333286