1 0.8389872685185186 0.4295486111111111 0.2553009259259259 0.16187500000000005
1 0.5839409722222222 0.3634837962962963 0.11223379629629626 0.09407407407407416
0 0.5971064814814815 0.26513310185185185 0.14800925925925928 0.0852662037037037
1 0.5219097222222222 0.3882349537037037 0.10568287037037045 0.07339120370370375
1 0.2528935185185185 0.6328819444444445 0.21052083333333335 0.19512731481481466
3 0.10166087962962962 0.7776620370370371 0.10509259259259256 0.138923611111111
1 0.11024305555555555 0.4618055555555555 0.08534722222222224 0.07062500000000008
2 0.7793634259259259 0.5025520833333333 0.10192129629629623 0.135613425925926
1 0.3400636574074074 0.3865219907407408 0.09152777777777779 0.06630787037037038
1 0.2856886574074074 0.47404513888888894 0.10474537037037042 0.115486111111111
1 0.47786458333333337 0.3580613425925926 0.07737268518518511 0.059224537037037096
4 0.16515046296296296 0.33834490740740736 0.06951388888888888 0.055636574074074116
3 0.25450231481481483 0.7350405092592592 0.09590277777777771 0.15086805555555555
1 0.18142939814814815 0.55671875 0.17032407407407407 0.11624999999999996
2 0.6688194444444445 0.37718749999999995 0.054328703703703594 0.08439814814814817
2 0.44726273148148155 0.4215393518518519 0.05124999999999993 0.087337962962963
2 0.3557060185185185 0.4371122685185185 0.04481481481481477 0.07446759259259253
2 0.651875 0.46717592592592594 0.08328703703703706 0.14231481481481492
2 0.8182812500000001 0.3519386574074074 0.08518518518518511 0.059687499999999984
1 0.21021412037037038 0.40514467592592596 0.06967592592592595 0.06657407407407412
2 0.1777372685185185 0.48980902777777774 0.047800925925925955 0.06527777777777785
2 0.04259837962962963 0.5493344907407407 0.048449074074074075 0.10902777777777786
2 0.13381365740740742 0.5041203703703705 0.03663194444444447 0.04900462962962955
1 0.7931770833333334 0.2550752314814815 0.07098379629629648 0.0494791666666667
2 0.8822280092592593 0.2505787037037037 0.049131944444444284 0.04974537037037034
2 0.7328819444444445 0.2680150462962963 0.036562500000000143 0.04431712962962964
1 0.24893518518518518 0.37318865740740736 0.05386574074074071 0.05314814814814817
1 0.42413194444444446 0.34953703703703703 0.07744212962962962 0.0639120370370371
1 0.3678472222222222 0.35521412037037037 0.058553240740740795 0.05342592592592599
2 0.2818865740740741 0.361869212962963 0.025671296296296296 0.046793981481481416
2 0.2905960648148148 0.35354745370370366 0.02401620370370363 0.040451388888888926
1 0.20939236111111112 0.3552372685185185 0.04423611111111114 0.03540509259259261
1 0.10159722222222223 0.4131423611111112 0.05218750000000001 0.0452430555555555
1 0.05888888888888889 0.45079861111111114 0.0679513888888889 0.05554398148148145
1 0.08336805555555556 0.3790972222222222 0.0411111111111111 0.035219907407407366
0 0.08311921296296296 0.3432060185185185 0.0665509259259259 0.06638888888888887
0 0.2365798611111111 0.31147569444444445 0.04901620370370363 0.04193287037037034
0 0.18821180555555556 0.3096585648148148 0.03793981481481481 0.031909722222222214
4 0.14597800925925924 0.3152835648148148 0.03791666666666664 0.030347222222222213
0 0.0569849537037037 0.3158738425925926 0.056759259259259266 0.03770833333333332