1 0.790625 0.56875 0.240625 0.1421875
1 0.74375 0.4671875 0.121875 0.084375
0 0.7578125 0.3390625 0.175 0.075
1 0.453125 0.3796875 0.0734375 0.05625
1 0.2390625 0.603125 0.2 0.128125
1 0.1796875 0.5234375 0.1453125 0.090625
1 0.1296875 0.3578125 0.0578125 0.05
1 0.575 0.4734375 0.1453125 0.0921875
2 0.203125 0.3546875 0.025 0.0421875
2 0.284375 0.403125 0.0421875 0.0609375
1 0.1578125 0.334375 0.03125 0.0328125
2 0.95 0.378125 0.0453125 0.0390625
2 0.2328125 0.39375 0.034375 0.05625
1 0.1859375 0.3203125 0.0390625 0.03125
2 0.396875 0.4765625 0.0609375 0.0984375
1 0.303125 0.3484375 0.053125 0.0359375
3 0.046875 0.4140625 0.015625 0.065625
1 0.2140625 0.315625 0.0203125 0.03125
1 0.0875 0.3078125 0.0328125 0.0234375
1 0.10625 0.29375 0.025 0.0171875
1 0.096875 0.2828125 0.0203125 0.0140625
2 0.1328125 0.3078125 0.0109375 0.0265625
2 0.1609375 0.30625 0.009375 0.015625
1 0.0578125 0.378125 0.071875 0.0546875
3 0.0625 0.3984375 0.01875 0.0609375
3 0.0390625 0.509375 0.0546875 0.0546875
3 0.0703125 0.6921875 0.0484375 0.0828125
3 0.265625 0.6734375 0.034375 0.1359375
4 0.503125 0.309375 0.0796875 0.05