1 0.921875 0.36875 0.0859375 0.0453125
1 0.2296875 0.5921875 0.2 0.1140625
1 0.9390625 0.60625 0.11875 0.171875
1 0.11875 0.4484375 0.1125 0.0875
2 0.3609375 0.5203125 0.071875 0.1140625
1 0.184375 0.525 0.146875 0.0921875
1 0.2140625 0.3171875 0.0375 0.028125
2 0.2109375 0.4015625 0.04375 0.059375
4 0.4703125 0.446875 0.14375 0.1109375
1 0.2921875 0.36875 0.05625 0.04375
2 0.43125 0.5078125 0.05625 0.075
2 0.5203125 0.534375 0.0671875 0.109375
3 0.046875 0.4171875 0.0390625 0.0703125
1 0.1578125 0.35625 0.065625 0.040625
1 0.165625 0.31875 0.046875 0.040625
1 0.253125 0.3265625 0.0359375 0.01875
2 0.1015625 0.3421875 0.021875 0.0421875
3 0.2640625 0.671875 0.0609375 0.128125
2 0.7265625 0.609375 0.084375 0.1609375
2 0.259375 0.43125 0.0375 0.0828125
2 0.33125 0.396875 0.028125 0.0625
3 0.0359375 0.5046875 0.0609375 0.0703125
4 0.559375 0.34375 0.2296875 0.171875
4 0.3359375 0.3234375 0.103125 0.1125
1 0.23125 0.346875 0.05625 0.0375
2 0.1203125 0.3375 0.0171875 0.0359375