4 0.6181944444444445 0.4081018518518519 0.18480324074074073 0.14037037037037034
0 0.2711516203703704 0.34189236111111115 0.15207175925925923 0.11513888888888886
1 0.27609953703703705 0.6232291666666667 0.2360069444444445 0.16105324074074084
2 0.7221527777777779 0.6324305555555556 0.0786342592592593 0.11459490740740748
1 0.5571875000000001 0.460138888888889 0.11373842592592602 0.10079861111111121
1 0.7549247685185184 0.5391782407407407 0.24003472222222227 0.123599537037037
2 0.43578703703703703 0.49542824074074077 0.07476851851851851 0.1020717592592593
2 0.949615162037037 0.5063483796296296 0.10076967592592609 0.13062500000000005
1 0.4949421296296296 0.41214120370370366 0.10986111111111115 0.06172453703703713
3 0.15295717592592592 0.4576620370370371 0.05711805555555553 0.09413194444444457
1 0.14876157407407406 0.4264293981481481 0.08164351851851852 0.05995370370370381
2 0.29185185185185186 0.38785300925925925 0.05599537037037035 0.048831018518518475
1 0.22105324074074076 0.538443287037037 0.15077546296296296 0.09326388888888885
2 0.3328587962962963 0.42037615740740736 0.04120370370370372 0.06277777777777782
1 0.07583333333333334 0.33005208333333336 0.05314814814814817 0.05349537037037031
1 0.1274421296296296 0.33045138888888886 0.04293981481481479 0.03936342592592599
1 0.17289351851851853 0.3324594907407407 0.050289351851851814 0.031608796296296225
3 0.07284143518518518 0.530162037037037 0.0677662037037037 0.06297453703703706
1 0.9762442129629629 0.34989583333333335 0.047511574074074046 0.05045138888888889
2 0.7441666666666666 0.42358217592592595 0.07843750000000008 0.08491898148148139
3 0.1253125 0.7165740740740741 0.07724537037037038 0.09115740740740748
1 0.3428009259259259 0.35074074074074074 0.03484953703703706 0.03461805555555557
1 0.7860358796296296 0.32557291666666666 0.05350694444444457 0.033194444444444395
2 0.38556134259259256 0.39966435185185184 0.09065972222222225 0.08032407407407405
3 0.509837962962963 0.742644675925926 0.10012731481481474 0.08195601851851855
1 0.9064930555555556 0.3403125 0.08265046296296283 0.05059027777777771
4 0.15059027777777778 0.29901620370370374 0.06261574074074075 0.05512731481481481
4 0.46012152777777776 0.33892939814814815 0.10096064814814802 0.09601851851851854