1 0.2647800925925926 0.47981481481481475 0.17696759259259257 0.09612268518518512
1 0.4134722222222222 0.5372337962962963 0.17320601851851852 0.11146990740740748
1 0.7537962962962963 0.4037384259259259 0.07078703703703706 0.03844907407407412
1 0.5938541666666667 0.430324074074074 0.09533564814814817 0.05858796296296305
0 0.3562037037037037 0.3394097222222222 0.1284259259259259 0.06521990740740743
1 0.7328240740740741 0.6518055555555555 0.23195601851851855 0.15699074074074063
3 0.6484143518518518 0.7267708333333334 0.079548611111111 0.10747685185185177
3 0.7826157407407408 0.49952546296296296 0.04552083333333314 0.05875000000000004
2 0.6730787037037038 0.4428587962962963 0.04248842592592581 0.06012731481481488
4 0.47348379629629633 0.3447916666666667 0.11877314814814817 0.059976851851851795
1 0.8417361111111111 0.45442129629629624 0.058391203703703806 0.06574074074074084
1 0.802337962962963 0.3783912037037037 0.05322916666666657 0.03118055555555559
1 0.8223842592592593 0.35762731481481486 0.03401620370370395 0.022256944444444392
0 0.12083912037037037 0.666695601851852 0.24167824074074074 0.2615162037037038
3 0.8825115740740742 0.5336689814814815 0.04471064814814838 0.09762731481481488
1 0.8458101851851852 0.38567129629629626 0.04762731481481488 0.04174768518518519
3 0.744548611111111 0.745011574074074 0.060150462962963044 0.09542824074074083
3 0.8800231481481482 0.7608796296296296 0.08072916666666644 0.07484953703703709
1 0.3588310185185185 0.42737268518518523 0.14313657407407412 0.07699074074074072
3 0.8283333333333335 0.4159953703703704 0.03172453703703724 0.03613425925925924
1 0.7846064814814815 0.5717708333333333 0.15196759259259274 0.0946412037037037
3 0.28385416666666663 0.5812962962962963 0.07174768518518518 0.1334837962962963
3 0.9229513888888888 0.5392013888888889 0.054641203703703664 0.10755787037037035
3 0.03076388888888889 0.48155092592592597 0.06152777777777778 0.08320601851851847
1 0.016446759259259258 0.37344907407407407 0.032893518518518516 0.06408564814814817
3 0.8862847222222221 0.7345949074074074 0.08129629629629634 0.11069444444444443
3 0.9305208333333332 0.4643865740740741 0.027870370370370524 0.04991898148148142
3 0.8213078703703705 0.5080902777777778 0.030624999999999857 0.04385416666666657
1 0.23872685185185186 0.3638078703703703 0.09560185185185181 0.036805555555555536
4 0.6481134259259259 0.36141203703703706 0.12540509259259255 0.09306712962962962
3 0.8885416666666666 0.4054513888888889 0.03925925925925924 0.031909722222222214
0 0.713298611111111 0.31980324074074074 0.06619212962962955 0.039733796296296295
0 0.8091666666666667 0.3160763888888889 0.08953703703703689 0.039560185185185226
2 0.8993981481481482 0.38100694444444444 0.02207175925925924 0.030891203703703775