1 0.10905671296296297 0.28015625 0.07708333333333331 0.06125000000000007
1 0.5002604166666667 0.4177604166666667 0.12314814814814809 0.12666666666666657
1 0.2029803240740741 0.44776041666666666 0.1765625 0.1380208333333334
1 0.24930555555555553 0.28177083333333336 0.07054398148148149 0.053020833333333336
1 0.8796296296296295 0.6865625000000001 0.24074074074074084 0.28645833333333337
1 0.23550347222222223 0.5223437499999999 0.20885416666666662 0.1682291666666668
1 0.11927083333333335 0.365625 0.12766203703703702 0.12229166666666665
1 0.36325231481481485 0.3979166666666667 0.13923611111111117 0.14020833333333335
3 0.0884837962962963 0.31677083333333333 0.04184027777777777 0.07760416666666661
0 0.6333043981481481 0.3940104166666667 0.1306712962962962 0.11937499999999997
2 0.2685185185185185 0.31416666666666665 0.05381944444444446 0.06437499999999999
3 0.06605902777777779 0.4091145833333334 0.08275462962962962 0.08812500000000015
1 0.18234953703703705 0.22906250000000003 0.03732638888888888 0.03989583333333328
2 0.29754050925925923 0.27307291666666667 0.05335648148148149 0.051875000000000074
2 0.664988425925926 0.6151041666666667 0.15405092592592595 0.20354166666666665
3 0.06053240740740741 0.365625 0.07100694444444444 0.06552083333333333
2 0.13686342592592593 0.22739583333333332 0.045196759259259256 0.04197916666666668
1 0.22152777777777777 0.22958333333333333 0.04832175925925926 0.0421875
3 0.17630208333333336 0.63671875 0.07390046296296297 0.05947916666666675
3 0.2603298611111111 0.6005729166666667 0.08078703703703702 0.16125000000000006
1 0.4658564814814815 0.33468749999999997 0.08674768518518512 0.06968750000000004
3 0.11736111111111111 0.29291666666666666 0.02627314814814814 0.03604166666666666
1 0.24835069444444446 0.2559895833333333 0.04311342592592595 0.027812500000000018
1 0.5059027777777778 0.2740625 0.03379629629629619 0.028749999999999963
2 0.7992766203703704 0.3500520833333333 0.029050925925925952 0.026874999999999982
2 0.8868055555555555 0.36614583333333334 0.029224537037037025 0.03156249999999998
2 0.9878038194444445 0.4130729166666667 0.024392361111111073 0.03979166666666671