1 0.8946874999999999 0.40131944444444445 0.08843749999999986 0.05688657407407405
1 0.2959375 0.7152314814814815 0.29774305555555564 0.127164351851852
2 0.2509722222222222 0.5123726851851852 0.09222222222222225 0.10689814814814813
1 0.5237847222222223 0.4259490740740741 0.13572916666666668 0.0666087962962962
0 0.8297222222222222 0.31114583333333334 0.10104166666666678 0.09446759259259263
1 0.8388888888888889 0.5173958333333333 0.14451388888888878 0.0885416666666666
1 0.7958333333333334 0.6036805555555556 0.21902777777777765 0.1484490740740741
4 0.32690972222222225 0.35707175925925927 0.32989583333333333 0.2179976851851851
2 0.6653819444444444 0.37644675925925924 0.05989583333333322 0.04730324074074073
3 0.7955208333333333 0.7021527777777778 0.0891319444444445 0.07251157407407405
2 0.5150347222222222 0.5104166666666667 0.06996527777777786 0.13328703703703706
1 0.7574305555555556 0.37263888888888885 0.08815972222222221 0.05063657407407405
1 0.7504861111111112 0.4273958333333333 0.10177083333333314 0.07572916666666671
2 0.6439236111111111 0.4563194444444445 0.04906250000000014 0.08471064814814824
3 0.9747309027777777 0.49443287037037037 0.05053819444444443 0.07862268518518523
1 0.5851041666666668 0.3989236111111111 0.10222222222222221 0.05074074074074071
1 0.6667013888888889 0.3357986111111111 0.05878472222222229 0.022303240740740728
1 0.8002777777777779 0.3520023148148148 0.04357638888888893 0.03156249999999998
1 0.7101736111111111 0.329224537037037 0.041319444444444464 0.01592592592592599
3 0.6412152777777778 0.7470601851851851 0.04631944444444436 0.05813657407407398
3 0.9568402777777777 0.39304398148148145 0.031145833333333428 0.033032407407407406
3 0.9586111111111112 0.6790625 0.07076388888888871 0.11611111111111114
1 0.7510763888888888 0.3351736111111111 0.05211805555555564 0.012881944444444394
1 0.0854513888888889 0.6917824074074075 0.11253472222222223 0.17733796296296306
2 0.8925694444444445 0.31849537037037035 0.020416666666666573 0.03763888888888882
1 0.08927083333333334 0.3557060185185185 0.02979166666666666 0.03770833333333332
1 0.05829861111111111 0.3621875 0.036527777777777784 0.048692129629629655
1 0.12229166666666666 0.36015046296296294 0.06559027777777779 0.03484953703703706
2 0.4030555555555556 0.487800925925926 0.07430555555555554 0.12550925925925932
1 0.967013888888889 0.4461111111111111 0.025833333333333285 0.08922453703703699
2 0.7755208333333334 0.3224884259259259 0.012986111111111143 0.011030092592592577
1 0.7643055555555556 0.3163194444444445 0.028749999999999963 0.014270833333333321
4 0.6972916666666666 0.28555555555555556 0.041874999999999926 0.0284259259259259
1 0.5608333333333333 0.31001157407407404 0.05430555555555561 0.026956018518518476
2 0.9282291666666665 0.31197916666666664 0.04840277777777757 0.03472222222222223
1 0.9097916666666667 0.2839814814814815 0.06218749999999993 0.028576388888888894