1 0.25 0.609375 0.1765625 0.1234375
1 0.18125 0.521875 0.153125 0.0875
2 0.1203125 0.3390625 0.028125 0.046875
2 0.175 0.35625 0.0234375 0.04375
1 0.2515625 0.340625 0.059375 0.028125
3 0.0453125 0.4140625 0.0328125 0.071875
1 0.1484375 0.33125 0.046875 0.034375
3 0.253125 0.6875 0.0375 0.1765625
3 0.0359375 0.5046875 0.0609375 0.0640625
3 0.0671875 0.7109375 0.0578125 0.1421875
2 0.3140625 0.403125 0.0328125 0.0671875
2 0.325 0.3515625 0.03125 0.046875
1 0.9109375 0.3796875 0.1078125 0.05
1 0.68125 0.3421875 0.0515625 0.034375
0 0.3140625 0.29375 0.0515625 0.0328125
0 0.371875 0.2984375 0.05625 0.03125
0 0.196875 0.3015625 0.05 0.0375
4 0.1515625 0.2765625 0.0453125 0.0328125
1 0.9890625 0.375 0.021875 0.0640625
1 0.1140625 0.453125 0.0921875 0.1