1 0.2453125 0.6078125 0.184375 0.140625
1 0.1828125 0.525 0.1453125 0.0875
1 0.259375 0.4390625 0.096875 0.0609375
1 0.2109375 0.3859375 0.021875 0.0328125
1 0.190625 0.3359375 0.0359375 0.0328125
1 0.21875 0.3296875 0.03125 0.0296875
1 0.2671875 0.3328125 0.0390625 0.0328125
4 0.6859375 0.4265625 0.1203125 0.1
1 0.6703125 0.3328125 0.0671875 0.0171875
1 0.528125 0.328125 0.034375 0.021875
0 0.3453125 0.2875 0.075 0.04375
4 0.253125 0.2796875 0.053125 0.059375
3 0.06875 0.7140625 0.0671875 0.125
3 0.25625 0.6953125 0.04375 0.1609375
3 0.0375 0.50625 0.0640625 0.0671875
3 0.0515625 0.425 0.0328125 0.0765625
2 0.9703125 0.6328125 0.0578125 0.1171875
2 0.3921875 0.5015625 0.059375 0.1
2 0.4453125 0.4390625 0.0390625 0.0765625
2 0.4796875 0.4203125 0.0375 0.0703125
2 0.3390625 0.4109375 0.0328125 0.05625
2 0.28125 0.3703125 0.0203125 0.05
1 0.303125 0.340625 0.05 0.0359375
1 0.0859375 0.325 0.0375 0.0328125
1 0.9140625 0.38125 0.071875 0.028125
1 0.721875 0.3453125 0.0421875 0.0234375
1 0.9890625 0.371875 0.021875 0.046875