1 0.8795081018518518 0.6457465277777779 0.18886574074074075 0.1583912037037038
1 0.8217650462962963 0.7468460648148149 0.25812500000000005 0.178125
1 0.5868113425925926 0.440943287037037 0.11959490740740737 0.08559027777777786
1 0.35039351851851847 0.42201967592592593 0.14221064814814816 0.11140046296296298
1 0.20645254629629634 0.5551215277777778 0.22274305555555562 0.1955439814814815
1 0.5862557870370371 0.5652777777777778 0.1904745370370371 0.16001157407407404
1 0.7717245370370371 0.8255497685185185 0.3131828703703704 0.19265046296296298
1 0.17168402777777778 0.46154513888888893 0.17250000000000001 0.1328125
1 0.6796875 0.5530960648148148 0.16657407407407412 0.14351851851851852
1 0.4103761574074074 0.37731481481481477 0.09247685185185191 0.06585648148148149
1 0.5073148148148148 0.405150462962963 0.06701388888888893 0.04930555555555553
2 0.32958912037037036 0.35868055555555556 0.03553240740740744 0.04033564814814809
0 0.29474537037037035 0.2940393518518518 0.17163194444444443 0.15619212962962958
1 0.5112789351851852 0.45613425925925927 0.10884259259259252 0.09143518518518512
1 0.1542476851851852 0.33732638888888894 0.07892361111111112 0.0825231481481481
2 0.1799710648148148 0.2874421296296297 0.03902777777777775 0.05295138888888893
2 0.815445601851852 0.6433738425925926 0.1194675925925928 0.13396990740740727
1 0.8697569444444444 0.47332175925925934 0.09537037037037024 0.05815972222222214
3 0.04167824074074074 0.399537037037037 0.08335648148148148 0.09693287037037042
2 0.3185590277777778 0.46698495370370374 0.07355324074074074 0.1119791666666666
1 0.1471238425925926 0.2346064814814815 0.03851851851851853 0.03576388888888893
2 0.1896990740740741 0.2494791666666667 0.027534722222222197 0.033796296296296366
1 0.1570659722222222 0.2686053240740741 0.04684027777777775 0.05324074074074074
3 0.0645138888888889 0.35668402777777775 0.04643518518518519 0.09224537037037042
3 0.0995601851851852 0.3353009259259259 0.041423611111111126 0.08113425925925925
2 0.44667245370370373 0.41932870370370373 0.056909722222222216 0.07702546296296298
2 0.44953125000000005 0.4812210648148148 0.06371527777777786 0.09600694444444446
2 0.4652951388888889 0.5826967592592592 0.09502314814814809 0.1517939814814815
1 0.7171296296296296 0.5036458333333333 0.12621527777777786 0.09832175925925916
1 0.5441377314814815 0.35020254629629627 0.041597222222222285 0.034317129629629586
3 0.12053240740740741 0.3665798611111111 0.0528240740740741 0.09716435185185182
2 0.36890625 0.3515335648148148 0.0358564814814815 0.051273148148148096
2 0.4238483796296297 0.34496527777777775 0.024224537037036954 0.027430555555555534
1 0.22009837962962964 0.2529513888888889 0.02744212962962962 0.03067129629629628
1 0.1729513888888889 0.23399884259259257 0.025787037037037042 0.02748842592592595
1 0.1639699074074074 0.22037037037037038 0.019166666666666644 0.014756944444444465
1 0.11103587962962962 0.2911458333333333 0.055659722222222194 0.03483796296296297
1 0.36638310185185186 0.3311053240740741 0.04343749999999993 0.04375
1 0.3911516203703704 0.33984375 0.04458333333333338 0.029745370370370415