1 0.590625 0.6390625 0.2359375 0.1546875
3 0.0390625 0.5046875 0.04375 0.084375
3 0.0484375 0.4234375 0.028125 0.0859375
1 0.06875 0.3828125 0.071875 0.0453125
1 0.2359375 0.4171875 0.0859375 0.0625
1 0.1875 0.5125 0.1484375 0.05625
1 0.25 0.6078125 0.1765625 0.146875
1 0.8734375 0.55 0.1984375 0.1078125
1 0.80625 0.45 0.165625 0.0671875
1 0.9453125 0.38125 0.1046875 0.0296875
1 0.3625 0.3984375 0.075 0.0546875
1 0.2828125 0.3609375 0.0515625 0.04375
1 0.1515625 0.3375 0.0453125 0.034375
1 0.2453125 0.3359375 0.0390625 0.0375
1 0.3203125 0.35 0.0421875 0.0296875
2 0.5234375 0.4859375 0.04375 0.0875
4 0.559375 0.4125 0.13125 0.103125
2 0.4015625 0.4796875 0.0515625 0.090625
2 0.45 0.4546875 0.0453125 0.0796875
2 0.7265625 0.4875 0.040625 0.090625
3 0.2609375 0.6859375 0.0421875 0.1890625
2 0.9875 0.7 0.0234375 0.115625
1 0.11875 0.446875 0.103125 0.059375
1 0.115625 0.328125 0.040625 0.034375