1 0.615625 0.41875 0.1109375 0.0671875
1 0.2390625 0.6078125 0.1921875 0.1453125
1 0.4515625 0.4125 0.09375 0.065625
1 0.1828125 0.5234375 0.1421875 0.0890625
4 0.20625 0.290625 0.0609375 0.0515625
4 0.253125 0.3765625 0.0953125 0.1140625
1 0.1390625 0.3359375 0.046875 0.0359375
4 0.9421875 0.525 0.103125 0.13125
2 0.5375 0.44375 0.05 0.078125
1 0.1828125 0.325 0.040625 0.021875
1 0.090625 0.309375 0.028125 0.03125
3 0.1421875 0.4359375 0.0421875 0.09375
1 0.1890625 0.35 0.05 0.0375
1 0.1234375 0.3125 0.0375 0.03125
2 0.2890625 0.4375 0.0375 0.078125
3 0.059375 0.4078125 0.0359375 0.0484375
3 0.0703125 0.6890625 0.0984375 0.0875
3 0.0375 0.4953125 0.06875 0.0984375
1 0.125 0.409375 0.0921875 0.06875
2 0.3625 0.453125 0.0453125 0.0859375
2 0.3453125 0.4046875 0.03125 0.059375
2 0.4203125 0.4359375 0.0421875 0.0828125
2 0.4015625 0.38125 0.0265625 0.0546875
1 0.3359375 0.375 0.0890625 0.0609375
4 0.365625 0.321875 0.11875 0.09375