1 0.23880208333333336 0.5430266203703704 0.2384837962962963 0.19702546296296292
1 0.20315393518518515 0.4451331018518518 0.17199074074074075 0.13092592592592603
1 0.4280960648148149 0.3397974537037037 0.07245370370370381 0.05833333333333339
2 0.22196180555555553 0.19377893518518516 0.06302083333333339 0.05670138888888889
1 0.47013888888888894 0.3783796296296296 0.10254629629629619 0.06949074074074071
1 0.3404513888888889 0.31415509259259256 0.06938657407407404 0.05987268518518522
0 0.7627604166666666 0.5313888888888889 0.4744791666666668 0.43641203703703707
4 0.22309027777777776 0.2664236111111111 0.10121527777777777 0.11790509259259263
2 0.15949074074074074 0.2151851851851852 0.043634259259259255 0.03937499999999998
1 0.17268518518518522 0.3183796296296296 0.09820601851851851 0.07883101851851855
2 0.3751736111111111 0.3237847222222222 0.035995370370370414 0.04400462962962966
2 0.3067708333333333 0.31156249999999996 0.04276620370370372 0.058113425925925985
3 0.10245949074074075 0.29911458333333335 0.06857638888888888 0.08017361111111114
2 0.2783275462962963 0.2816724537037037 0.035648148148148096 0.034629629629629656
3 0.06811342592592592 0.38399305555555563 0.08917824074074074 0.08813657407407405
2 0.21414930555555553 0.2991608796296296 0.0471643518518519 0.05033564814814815
3 0.07531828703703705 0.5574363425925926 0.0472800925925926 0.053460648148148236
1 0.19577546296296297 0.2248263888888889 0.04386574074074075 0.045624999999999985