0 0.8350925925925926 0.3983449074074074 0.1058217592592591 0.07966435185185183
4 0.2797106481481481 0.4287847222222222 0.3384722222222222 0.28646990740740746
4 0.5612210648148148 0.3667824074074074 0.18822916666666673 0.1601967592592592
2 0.7923090277777778 0.49008680555555556 0.05253472222222229 0.06715277777777776
1 0.7927430555555557 0.6190625 0.1658449074074074 0.12517361111111108
1 0.8961747685185184 0.44314236111111105 0.05372685185185162 0.0421990740740739
3 0.9321701388888888 0.5458159722222222 0.07006944444444443 0.09109953703703688
0 0.09541087962962963 0.2599710648148148 0.12211805555555555 0.1254398148148148
2 0.6889236111111112 0.4518518518518519 0.047847222222222284 0.06701388888888893
3 0.9434085648148148 0.6313425925925926 0.0810300925925926 0.09298611111111121
2 0.7780208333333334 0.4521469907407408 0.03991898148148145 0.05896990740740744
3 0.8767650462962961 0.8036631944444445 0.11726851851851876 0.11436342592592581
2 0.7333969907407407 0.4570775462962963 0.047800925925925955 0.06388888888888893
1 0.8498032407407408 0.4605266203703703 0.06650462962962962 0.06131944444444457
1 0.6970891203703703 0.692042824074074 0.23129629629629633 0.22082175925925931
3 0.6893865740740741 0.7371469907407407 0.08956018518518523 0.1416550925925925
2 0.6055150462962964 0.436875 0.03994212962962962 0.060532407407407264
1 0.9249479166666668 0.5057407407407407 0.03674768518518512 0.05575231481481495
2 0.9454398148148148 0.4414756944444445 0.020821759259258953 0.034976851851851974
2 0.9275752314814815 0.433912037037037 0.022407407407407477 0.03658564814814813
1 0.906574074074074 0.42703703703703705 0.028402777777778 0.019583333333333286
1 0.9224884259259258 0.40796875000000005 0.026909722222222144 0.024224537037036954
0 0.7247453703703703 0.35521412037037037 0.056944444444444464 0.04854166666666675
1 0.4344560185185185 0.32394675925925925 0.05048611111111114 0.03429398148148151
2 0.4002199074074074 0.31355324074074076 0.027025462962962977 0.032037037037037044
1 0.25224537037037037 0.2779050925925926 0.03628472222222223 0.024502314814814775
1 0.2807349537037037 0.3068865740740741 0.06468749999999997 0.04408564814814815
2 0.16312500000000002 0.2791724537037037 0.0237384259259259 0.021006944444444463