1 0.8238715277777778 0.54890625 0.17199074074074047 0.1408333333333333
1 0.9038483796296297 0.44567708333333333 0.09652777777777785 0.08125
1 0.7513599537037037 0.62109375 0.2336226851851853 0.2057291666666666
2 0.32641782407407405 0.37609375 0.09907407407407405 0.10791666666666674
2 0.595920138888889 0.3784895833333334 0.05555555555555571 0.06916666666666664
2 0.8376157407407409 0.39135416666666667 0.034664351851851904 0.05218750000000005
2 0.6609375 0.4 0.05891203703703703 0.07562499999999997
3 0.8839699074074074 0.3953125 0.03761574074074083 0.04770833333333328
1 0.9372106481481481 0.3314583333333333 0.06203703703703702 0.07583333333333328
4 0.6060474537037037 0.2924479166666667 0.059375 0.04604166666666672
1 0.3108796296296296 0.27375 0.09855324074074075 0.05177083333333332
3 0.9633969907407408 0.4580729166666666 0.07320601851851834 0.10635416666666657
1 0.878125 0.3432291666666667 0.09363425925925917 0.08729166666666668
4 0.4418402777777778 0.2571875 0.16649305555555555 0.11864583333333334
4 0.731741898148148 0.28171875 0.09826388888888893 0.08604166666666675
3 0.6975405092592593 0.5213020833333333 0.07829861111111107 0.13614583333333333
3 0.9638020833333332 0.55421875 0.07239583333333358 0.08635416666666665
1 0.772511574074074 0.3675 0.07604166666666679 0.07520833333333332
0 0.5927662037037036 0.27218749999999997 0.08003472222222215 0.056770833333333395