1 0.8984375 0.540625 0.2015625 0.125
2 0.6171875 0.534375 0.08125 0.121875
1 0.8296875 0.453125 0.203125 0.0703125
1 0.2375 0.60625 0.203125 0.1515625
1 0.1859375 0.5171875 0.1296875 0.075
2 0.6109375 0.44375 0.0625 0.071875
4 0.315625 0.3296875 0.1203125 0.0859375
2 0.4265625 0.3921875 0.0515625 0.05625
2 0.51875 0.409375 0.06875 0.0609375
1 0.4046875 0.471875 0.103125 0.1125
2 0.2046875 0.3578125 0.03125 0.04375
1 0.3125 0.40625 0.0859375 0.065625
1 0.121875 0.4078125 0.08125 0.0515625
1 0.11875 0.321875 0.0453125 0.03125
1 0.18125 0.3078125 0.0328125 0.0203125
3 0.0734375 0.7 0.0796875 0.1296875
3 0.1046875 0.58125 0.04375 0.1421875
3 0.0421875 0.4796875 0.025 0.1
3 0.0640625 0.5234375 0.0296875 0.134375
2 0.2484375 0.38125 0.0265625 0.05
2 0.1296875 0.3484375 0.0203125 0.0390625
2 0.1515625 0.35625 0.0234375 0.04375
2 0.4921875 0.4390625 0.04375 0.071875
1 0.178125 0.4515625 0.1375 0.0703125
1 0.203125 0.3375 0.0453125 0.028125
1 0.0875 0.296875 0.028125 0.021875
2 0.1453125 0.3125 0.0140625 0.025
2 0.3578125 0.378125 0.028125 0.053125
4 0.390625 0.2859375 0.10625 0.0671875
4 0.134375 0.2640625 0.0328125 0.025
1 0.925 0.3765625 0.0875 0.040625
1 0.9265625 0.35625 0.0921875 0.046875
1 0.825 0.3484375 0.0703125 0.04375
1 0.5078125 0.328125 0.046875 0.025
1 0.08125 0.3890625 0.046875 0.0359375
1 0.0640625 0.3484375 0.046875 0.0390625