1 0.8863599537037036 0.3509895833333333 0.053796296296296474 0.04885416666666664
1 0.7782581018518518 0.6403645833333333 0.2149768518518517 0.18135416666666657
1 0.8619733796296295 0.49609375 0.19525462962962975 0.11447916666666665
1 0.8239641203703704 0.5645833333333333 0.1691087962962964 0.1408333333333333
2 0.4213078703703704 0.5166666666666667 0.09208333333333343 0.10447916666666668
1 0.8446412037037037 0.3271354166666667 0.03791666666666664 0.030625000000000034
1 0.7115972222222222 0.40802083333333333 0.07737268518518511 0.059791666666666646
1 0.6222974537037038 0.43875000000000003 0.10101851851851862 0.07541666666666665
2 0.15141203703703704 0.5267708333333333 0.087650462962963 0.12135416666666661
3 0.9637065972222223 0.5303645833333334 0.0725868055555555 0.08479166666666664
2 0.824837962962963 0.36015625 0.030127314814814808 0.03166666666666664
2 0.5150173611111111 0.46749999999999997 0.05118055555555543 0.08302083333333332
2 0.5057986111111111 0.4247395833333334 0.04299768518518512 0.057499999999999926
2 0.3055381944444444 0.551875 0.08865740740740743 0.08395833333333336
3 0.9320717592592593 0.4336458333333333 0.07153935185185176 0.0875
1 0.35307870370370364 0.6526041666666667 0.2078819444444445 0.22927083333333337
1 0.6939467592592592 0.375625 0.05050925925925931 0.03770833333333332
1 0.5811631944444444 0.40166666666666667 0.09145833333333328 0.062291666666666676
1 0.7711400462962963 0.370625 0.05685185185185197 0.04437499999999996
0 0.6634375 0.31817708333333333 0.06468750000000015 0.04645833333333336
3 0.7437615740740741 0.6825520833333334 0.12111111111111121 0.16729166666666656
3 0.948744212962963 0.6934375 0.10251157407407412 0.13083333333333336
2 0.7825752314814814 0.4049479166666667 0.03376157407407412 0.06624999999999996
2 0.7152546296296296 0.44416666666666665 0.03865740740740744 0.08062500000000003
2 0.5568981481481481 0.5022916666666667 0.05626157407407408 0.10989583333333322
1 0.8190335648148148 0.33713541666666663 0.04271990740740748 0.03874999999999993
2 0.786255787037037 0.33729166666666666 0.022314814814814808 0.031145833333333338
2 0.4750810185185186 0.35322916666666665 0.019027777777777644 0.020000000000000018
1 0.3769675925925926 0.36854166666666666 0.056643518518518565 0.030312499999999964