4 0.5359375 0.296875 0.146875 0.0828125
1 0.234375 0.60625 0.2125 0.1515625
1 0.5640625 0.4140625 0.1109375 0.0734375
1 0.2046875 0.3703125 0.0671875 0.05625
2 0.325 0.4171875 0.040625 0.0640625
1 0.13125 0.409375 0.071875 0.0578125
2 0.3671875 0.3828125 0.05 0.0421875
1 0.48125 0.3828125 0.084375 0.0546875
2 0.24375 0.409375 0.0421875 0.0734375
1 0.315625 0.371875 0.0703125 0.040625
3 0.0390625 0.5046875 0.0671875 0.06875
2 0.3921875 0.446875 0.0421875 0.084375
2 0.4484375 0.4046875 0.0390625 0.046875
1 0.0859375 0.3359375 0.0625 0.0328125
1 0.596875 0.6984375 0.284375 0.1640625
1 0.2984375 0.3390625 0.05 0.021875
1 0.184375 0.5265625 0.1421875 0.0921875
1 0.1515625 0.3125 0.0640625 0.025
1 0.1640625 0.3359375 0.059375 0.03125
3 0.0734375 0.4296875 0.0296875 0.0765625
3 0.05 0.4421875 0.03125 0.0734375
0 0.80546875 0.50703125 0.3890625 0.3109375
0 0.4421875 0.3140625 0.0640625 0.0359375
2 0.2109375 0.3234375 0.040625 0.0296875
3 0.11875 0.4515625 0.028125 0.0734375
2 0.2609375 0.3875 0.01875 0.046875