1 0.41196180555555556 0.4107465277777778 0.10876157407407412 0.07340277777777775
1 0.20607060185185183 0.3162152777777778 0.04643518518518519 0.04725694444444439
2 0.21082175925925925 0.38144097222222223 0.05251157407407412 0.0709027777777778
1 0.37264467592592593 0.3604340277777778 0.05718750000000004 0.044618055555555536
2 0.17780092592592595 0.330625 0.04358796296296297 0.05180555555555557
2 0.31842013888888887 0.4559375 0.062268518518518515 0.10406250000000003
2 0.3244212962962963 0.3943229166666667 0.043773148148148165 0.05493055555555557
1 0.7480092592592593 0.70140625 0.24715277777777764 0.22604166666666678
1 0.26415509259259257 0.3274131944444444 0.06656250000000004 0.04503472222222218
1 0.1582002314814815 0.48954861111111114 0.17532407407407408 0.11843749999999993
3 0.0507638888888889 0.35944444444444446 0.04479166666666665 0.07211805555555557
1 0.1777372685185185 0.5828472222222223 0.24327546296296293 0.1869097222222223
2 0.2664756944444444 0.38078125 0.05195601851851848 0.061527777777777806
1 0.5167708333333334 0.3472569444444445 0.04541666666666657 0.030069444444444392
1 0.4849421296296296 0.40850694444444446 0.09129629629629629 0.06795138888888878
1 0.8995833333333334 0.47001736111111114 0.10112268518518519 0.049687499999999926
3 0.19306134259259258 0.6414930555555556 0.0810300925925926 0.131388888888889
0 0.20673611111111115 0.2653298611111111 0.06233796296296301 0.05263888888888886
3 0.026200810185185185 0.4378125 0.05240162037037037 0.08579861111111117
2 0.4539351851851852 0.5880729166666667 0.10576388888888885 0.1543055555555556
2 0.5151793981481482 0.5195138888888889 0.06364583333333336 0.10100694444444436
2 0.3755439814814815 0.4569097222222222 0.058680555555555534 0.09611111111111122
3 0.08214699074074075 0.37180555555555556 0.04010416666666665 0.07190972222222217
4 0.6541203703703704 0.38234375 0.09405092592592598 0.061840277777777786
1 0.8403587962962963 0.4384027777777778 0.06012731481481488 0.04163194444444436
3 0.7694560185185185 0.4188020833333333 0.030254629629629548 0.03718749999999993
2 0.1230787037037037 0.30234375 0.032650462962962964 0.05131944444444443
1 0.1464699074074074 0.30416666666666664 0.047534722222222214 0.03951388888888889
4 0.11497106481481482 0.24088541666666666 0.048090277777777767 0.04888888888888889
1 0.3037094907407408 0.36050347222222223 0.03991898148148145 0.06878472222222225
1 0.32233796296296297 0.3237326388888889 0.038425925925925954 0.01729166666666666
1 0.28714120370370366 0.3096354166666667 0.03226851851851844 0.018576388888888927
1 0.17074652777777777 0.27782986111111113 0.033379629629629634 0.03732638888888893
1 0.1521875 0.26055555555555554 0.01701388888888893 0.024131944444444463
1 0.060526620370370376 0.31366319444444446 0.0760300925925926 0.04701388888888891
3 0.027560763888888888 0.6314756944444444 0.055121527777777776 0.08878472222222218
1 0.42771990740740745 0.31666666666666665 0.018298611111111106 0.019513888888888876
1 0.45524305555555555 0.32807291666666666 0.026296296296296262 0.022986111111111106
1 0.4028587962962963 0.3132118055555556 0.027673611111111107 0.019930555555555608
0 0.2733275462962963 0.26515625 0.04413194444444448 0.03468750000000007