1 0.1687037037037037 0.5220833333333333 0.2071875 0.14031249999999992
2 0.6526562499999999 0.44140625 0.0631712962962963 0.09479166666666661
1 0.23335069444444442 0.43890625000000005 0.14744212962962963 0.08635416666666665
0 0.16941550925925924 0.3205729166666667 0.23186342592592596 0.09822916666666667
1 0.4426273148148148 0.4382291666666666 0.13809027777777771 0.08885416666666668
0 0.5696296296296296 0.265 0.10032407407407398 0.050416666666666644
1 0.8802199074074075 0.3965625 0.09909722222222221 0.09562499999999999
0 0.410150462962963 0.2896875 0.1441898148148148 0.06895833333333332
3 0.8885648148148148 0.32416666666666666 0.020659722222222142 0.04822916666666668
1 0.8277546296296296 0.31104166666666666 0.07384259259259238 0.05958333333333332
4 0.8470775462962964 0.23244791666666664 0.09719907407407398 0.05020833333333332
2 0.7580439814814814 0.33989583333333334 0.031608796296296225 0.050520833333333307
1 0.8077777777777777 0.47791666666666666 0.14912037037037038 0.10208333333333339
1 0.6715451388888889 0.3159895833333333 0.07214120370370374 0.040729166666666664
1 0.3359722222222222 0.3945833333333334 0.12083333333333339 0.07833333333333332
1 0.7574942129629629 0.3086979166666667 0.04562500000000007 0.045208333333333336
1 0.7633622685185186 0.5706770833333333 0.19960648148148152 0.1710416666666667
2 0.6135532407407408 0.3440625 0.05021990740740741 0.03302083333333332
2 0.5376099537037037 0.3709895833333333 0.04729166666666664 0.059375
2 0.6978993055555556 0.34234375000000006 0.04098379629629641 0.051145833333333356
1 0.042054398148148146 0.37203125000000004 0.08410879629629629 0.05093750000000004
2 0.6704976851851852 0.3519791666666666 0.03939814814814824 0.04791666666666661
1 0.8397337962962963 0.27510416666666665 0.037650462962962906 0.022812500000000034
3 0.7231886574074073 0.6178645833333334 0.08057870370370371 0.12562499999999996
1 0.6077777777777778 0.38583333333333336 0.12390046296296298 0.07072916666666665
1 0.546412037037037 0.34229166666666666 0.05021990740740741 0.03302083333333332
3 0.9618171296296296 0.4496875 0.047349537037036885 0.0671875
3 0.9484490740740741 0.356875 0.020787037037036882 0.06541666666666668
2 0.8896701388888889 0.28036458333333336 0.015902777777777998 0.038541666666666606
2 0.8147743055555555 0.27130208333333333 0.01737268518518533 0.026145833333333358
2 0.799045138888889 0.28640625000000003 0.017442129629629478 0.035520833333333356
2 0.7247685185185185 0.2991666666666667 0.01592592592592599 0.0416666666666667
2 0.49534722222222227 0.3839583333333333 0.03157407407407398 0.0458333333333333
1 0.6568287037037037 0.2997916666666667 0.040879629629629655 0.03708333333333336
3 0.9658217592592593 0.3307291666666667 0.011157407407407404 0.030416666666666713
1 0.9244733796296296 0.32567708333333334 0.04413194444444457 0.054479166666666676