1 0.5219791666666667 0.4296527777777778 0.1011805555555556 0.10261574074074069
1 0.14069444444444446 0.4162152777777777 0.09961805555555552 0.10252314814814803
1 0.22475694444444444 0.36893518518518514 0.08003472222222223 0.08266203703703709
2 0.5719965277777778 0.4799537037037037 0.05892361111111111 0.09855324074074083
2 0.27991319444444446 0.39386574074074077 0.050555555555555555 0.08559027777777786
2 0.32416666666666666 0.3849768518518519 0.04381944444444441 0.07428240740740737
2 0.37397569444444445 0.39534143518518516 0.0422569444444445 0.07418981481481479
2 0.28010416666666665 0.34528935185185183 0.030069444444444392 0.04541666666666675
2 0.8560416666666665 0.5085532407407408 0.09149305555555572 0.13009259259259273
3 0.1916145833333333 0.627824074074074 0.05305555555555559 0.14184027777777786
3 0.07404513888888889 0.3794328703703704 0.02791666666666668 0.0671064814814815
3 0.06234375000000001 0.4686400462962963 0.06555555555555555 0.07245370370370363
4 0.375 0.2950173611111111 0.12496527777777774 0.11181712962962961
1 0.09581597222222223 0.3405439814814815 0.07253472222222221 0.054166666666666606
3 0.05876736111111112 0.35292245370370373 0.01694444444444443 0.030613425925925954
1 0.6680381944444445 0.631707175925926 0.26420138888888883 0.22915509259259254
1 0.2630034722222222 0.5773784722222223 0.19593749999999996 0.16589120370370375
1 0.21177083333333332 0.4997337962962963 0.14059027777777774 0.11274305555555557
1 0.40741319444444446 0.37221064814814814 0.07920138888888886 0.0639120370370371
1 0.4844444444444445 0.3605960648148148 0.07885416666666671 0.056099537037037094
1 0.9307465277777778 0.33884837962962966 0.09631944444444436 0.06336805555555554
0 0.46734375000000006 0.27544560185185185 0.06486111111111122 0.05682870370370372
4 0.1909375 0.27772569444444445 0.07805555555555554 0.07319444444444442
4 0.2197916666666667 0.25721643518518517 0.060243055555555536 0.058113425925925985
1 0.2143923611111111 0.32960069444444445 0.05628472222222225 0.03917824074074074
1 0.2578993055555555 0.28629050925925925 0.04513888888888893 0.03384259259259252
0 0.26805555555555555 0.2504398148148148 0.04513888888888893 0.03384259259259261
0 0.5303993055555556 0.28424189814814815 0.06961805555555553 0.058668981481481454
1 0.25914930555555554 0.31441550925925926 0.05125000000000002 0.03108796296296301
4 0.8265104166666667 0.3199594907407407 0.12208333333333314 0.08203703703703695
4 0.6438020833333333 0.2978877314814815 0.07048611111111107 0.04313657407407412