1 0.2390625 0.60625 0.1984375 0.1453125
1 0.815625 0.5953125 0.271875 0.15625
0 0.2921875 0.3796875 0.184375 0.1296875
1 0.5421875 0.4921875 0.1171875 0.1125
1 0.6015625 0.4171875 0.0984375 0.0625
2 0.6546875 0.496875 0.0703125 0.1
1 0.184375 0.5328125 0.1546875 0.096875
1 0.13125 0.409375 0.0734375 0.059375
4 0.1671875 0.290625 0.0375 0.0265625
2 0.8109375 0.4875 0.1046875 0.0703125
1 0.9625 0.5765625 0.0640625 0.1171875
1 0.815625 0.4421875 0.1453125 0.0671875
1 0.965625 0.7234375 0.0578125 0.115625
2 0.9421875 0.5109375 0.1046875 0.0796875
1 0.9734375 0.3640625 0.053125 0.0609375
1 0.3796875 0.5171875 0.1109375 0.125
2 0.15 0.3375 0.01875 0.0359375
2 0.1578125 0.3125 0.025 0.0265625
2 0.175 0.321875 0.015625 0.0375
1 0.4625 0.434375 0.1125 0.0765625
1 0.096875 0.309375 0.021875 0.025
3 0.1046875 0.4375 0.025 0.0765625
2 0.1171875 0.3296875 0.015625 0.040625
3 0.040625 0.5046875 0.0671875 0.06875
1 0.9328125 0.365625 0.13125 0.0625
1 0.4828125 0.3828125 0.06875 0.0390625
2 0.38125 0.3921875 0.0265625 0.0578125
2 0.2671875 0.465625 0.0484375 0.0828125
3 0.484375 0.7421875 0.096875 0.078125
3 0.0828125 0.6828125 0.0546875 0.08125
3 0.0515625 0.45625 0.0265625 0.0796875
3 0.05 0.390625 0.028125 0.0234375
2 0.115625 0.3046875 0.009375 0.0140625
1 0.0703125 0.2875 0.01875 0.015625
2 0.071875 0.296875 0.0078125 0.0140625
1 0.0875 0.28125 0.021875 0.0140625
1 0.096875 0.29375 0.0234375 0.0078125
1 0.115625 0.290625 0.0125 0.0140625
1 0.1375 0.296875 0.0140625 0.0140625
1 0.0859375 0.378125 0.040625 0.0265625
2 0.3984375 0.43125 0.0265625 0.040625
2 0.79375 0.3484375 0.0234375 0.0296875
1 0.709375 0.3484375 0.0421875 0.0265625
4 0.603125 0.33125 0.0484375 0.0296875