1 0.3906828703703703 0.3869502314814815 0.11226851851851852 0.0862268518518519
4 0.3688946759259259 0.31953125 0.10746527777777777 0.08275462962962958
1 0.19401041666666666 0.5572627314814815 0.25266203703703705 0.21660879629629637
0 0.8101273148148149 0.8222511574074074 0.2739583333333332 0.2867476851851851
4 0.22077546296296297 0.25763888888888886 0.08084490740740743 0.07922453703703702
1 0.12008101851851852 0.2689814814814815 0.07378472222222224 0.05688657407407405
2 0.20217013888888888 0.3157986111111111 0.047395833333333304 0.05960648148148149
3 0.19247685185185184 0.3871527777777778 0.06041666666666665 0.07459490740740744
1 0.15384837962962963 0.33023726851851853 0.08055555555555553 0.07141203703703702
0 0.6445023148148148 0.6830729166666667 0.6344907407407406 0.5129050925925925
2 0.25969328703703703 0.3278935185185185 0.04728009259259256 0.05648148148148149
3 0.13816550925925924 0.3729456018518518 0.06400462962962963 0.08732638888888893
2 0.16811342592592593 0.262355324074074 0.03101851851851851 0.038136574074074045
3 0.08619791666666667 0.38006365740740744 0.058391203703703695 0.10405092592592595
1 0.17086226851851852 0.46310763888888895 0.16869212962962968 0.13715277777777785
3 0.058854166666666666 0.3780381944444445 0.07604166666666667 0.11782407407407405
3 0.07971643518518519 0.301244212962963 0.034375 0.044618055555555536
2 0.8881944444444445 0.6815393518518519 0.08177083333333321 0.10422453703703702
1 0.835474537037037 0.4974537037037036 0.08171296296296297 0.060590277777777854
1 0.4060474537037037 0.289380787037037 0.08674768518518512 0.0703125
4 0.23197337962962963 0.20911458333333335 0.05 0.045775462962962976
1 0.5332465277777778 0.3661747685185185 0.04201388888888893 0.04050925925925926
1 0.4839409722222222 0.34372106481481485 0.0387731481481481 0.03715277777777777
3 0.04227430555555555 0.5952256944444445 0.0845486111111111 0.18732638888888892
3 0.4618923611111111 0.7063657407407407 0.14091435185185192 0.22858796296296297
3 0.3157696759259259 0.7597800925925926 0.0546875 0.04612268518518512
2 0.14343171296296295 0.23075810185185186 0.03443287037037037 0.04618055555555554