1 0.18110532407407406 0.6722511574074075 0.2789351851851852 0.1926388888888889
1 0.1752314814814815 0.8088888888888889 0.19375 0.17013888888888892
1 0.5576388888888889 0.40011574074074074 0.115625 0.08520833333333329
1 0.8307002314814815 0.4552488425925926 0.16712962962962977 0.12620370370370376
1 0.7942708333333333 0.5471412037037038 0.23368055555555553 0.19386574074074084
4 0.6828993055555556 0.3026331018518518 0.10405092592592595 0.11011574074074079
1 0.7480324074074074 0.28983796296296294 0.06765046296296298 0.055173611111111145
3 0.9247685185185185 0.3169212962962963 0.05590277777777786 0.07539351851851847
2 0.44320023148148147 0.57890625 0.1258101851851851 0.1493287037037037
2 0.605931712962963 0.3543923611111111 0.05052083333333339 0.05660879629629632
2 0.791695601851852 0.26673032407407404 0.02517361111111107 0.04704861111111107
1 0.772800925925926 0.26268518518518513 0.03414351851851851 0.03618055555555557
2 0.6550925925925926 0.3953703703703703 0.06556712962962977 0.08327546296296298
1 0.502662037037037 0.39189814814814816 0.0931712962962962 0.0694212962962963
1 0.16006944444444446 0.4416898148148148 0.09866898148148148 0.04915509259259245
1 0.06996527777777778 0.4761689814814815 0.10729166666666667 0.07108796296296305
3 0.7836805555555555 0.5986111111111111 0.14363425925925916 0.1666435185185186
3 0.9520833333333332 0.5687037037037037 0.09583333333333358 0.13990740740740754
3 0.9573350694444445 0.3906018518518518 0.08532986111111107 0.10221064814814813
1 0.9103009259259259 0.28479166666666667 0.09994212962962976 0.08353009259259263
4 0.7169560185185185 0.2310300925925926 0.08246527777777786 0.0755902777777778
4 0.7780381944444444 0.21429976851851854 0.08101851851851834 0.07870370370370372
2 0.8093171296296295 0.2785763888888889 0.02806712962962976 0.04082175925925924
2 0.8203703703703702 0.26069444444444445 0.024884259259259522 0.03923611111111107
1 0.8655671296296298 0.1946412037037037 0.03240740740740762 0.031481481481481485
2 0.2888599537037037 0.39734375 0.022916666666666606 0.02828703703703699
2 0.49754050925925924 0.31688078703703704 0.01799768518518512 0.02200231481481474
1 0.46296296296296297 0.3322453703703704 0.05150462962962958 0.0409953703703704