0 0.40340277777777783 0.31689236111111113 0.18142361111111108 0.1119907407407407
1 0.3621354166666667 0.49652777777777785 0.16416666666666666 0.11017361111111121
1 0.11866319444444444 0.6471064814814815 0.16041666666666665 0.16633101851851856
0 0.7384895833333334 0.31036458333333333 0.17309027777777786 0.13528935185185187
2 0.34375 0.5929571759259259 0.10510416666666664 0.15145833333333342
1 0.80703125 0.5509143518518519 0.2427777777777777 0.19253472222222215
1 0.5409548611111111 0.3687962962962963 0.08673611111111104 0.05437500000000002
1 0.7226215277777778 0.37548611111111113 0.09607638888888878 0.08886574074074076
2 0.5910763888888889 0.38837962962962963 0.046250000000000034 0.05689814814814813
2 0.6455381944444445 0.3649016203703704 0.05222222222222221 0.05074074074074071
2 0.43328125 0.40869791666666666 0.05916666666666668 0.06645833333333329
3 0.8826041666666666 0.5451041666666667 0.095451388888889 0.14506944444444442
4 0.5556770833333333 0.2778935185185185 0.10270833333333336 0.062418981481481506
3 0.9562326388888888 0.39000578703703703 0.07510416666666657 0.1088541666666667
3 0.9651736111111111 0.6108796296296296 0.06965277777777779 0.16701388888888893
1 0.8331944444444443 0.453587962962963 0.15763888888888894 0.10383101851851854
3 0.8388194444444445 0.6505092592592593 0.100138888888889 0.14513888888888893
1 0.06524305555555557 0.4477662037037037 0.09354166666666668 0.06696759259259259
2 0.8775694444444444 0.25592592592592595 0.031562499999999716 0.04262731481481481
2 0.8406597222222221 0.2697627314814815 0.035902777777777575 0.03488425925925931
1 0.6538368055555555 0.3405439814814815 0.053298611111111074 0.03982638888888897
3 0.8558159722222222 0.3821122685185185 0.03482638888888871 0.045798611111111144
1 0.5957118055555556 0.33436921296296296 0.05194444444444457 0.044490740740740706
3 0.7927256944444444 0.33457754629629627 0.02993055555555557 0.04104166666666664
0 0.6315104166666666 0.26035300925925925 0.05819444444444457 0.04458333333333329
4 0.7762326388888889 0.20973958333333337 0.04236111111111107 0.0396643518518518
4 0.8292361111111113 0.1886284722222222 0.05826388888888871 0.04614583333333333
4 0.8705208333333333 0.16769097222222223 0.04222222222222207 0.036539351851851844
2 0.49059027777777775 0.4141030092592592 0.05510416666666664 0.08045138888888878