1 0.3344965277777778 0.53640625 0.1992592592592592 0.11534722222222218
4 0.5252083333333333 0.33291666666666664 0.1916666666666666 0.1448611111111111
1 0.8868865740740741 0.42489583333333336 0.10533564814814796 0.08982638888888897
2 0.6669444444444445 0.37430555555555556 0.04884259259259256 0.055763888888888856
1 0.8820891203703702 0.3046701388888889 0.05194444444444457 0.05270833333333336
2 0.7515162037037036 0.39899305555555553 0.04901620370370381 0.07920138888888886
1 0.8202662037037036 0.5029513888888889 0.1522453703703704 0.09555555555555557
0 0.08387152777777777 0.45758680555555553 0.16274305555555557 0.2473263888888889
1 0.7721585648148148 0.33758680555555554 0.0691203703703703 0.05152777777777775
1 0.8242997685185184 0.30907986111111113 0.047187499999999716 0.04322916666666661
1 0.8794733796296296 0.26800347222222226 0.04234953703703681 0.022812500000000034
2 0.8228298611111111 0.32161458333333337 0.03468750000000007 0.04295138888888887
3 0.9483217592592592 0.38524305555555555 0.037986111111111144 0.06645833333333329
2 0.7644733796296297 0.3549479166666667 0.044085648148148235 0.04628472222222228
3 0.7470775462962963 0.6436631944444444 0.07126157407407412 0.1296875
2 0.2830729166666667 0.6617881944444445 0.1183796296296297 0.16354166666666678
3 0.968107638888889 0.4730555555555556 0.063784722222222 0.0718055555555555
1 0.7606944444444445 0.5831944444444445 0.19160879629629618 0.1370486111111111
2 0.9257581018518518 0.2927604166666667 0.025277777777777642 0.03805555555555555
2 0.27370370370370367 0.34631944444444446 0.029918981481481487 0.031909722222222214
1 0.41184027777777776 0.32371527777777775 0.0674768518518519 0.04055555555555559
0 0.7668807870370371 0.2580034722222222 0.03775462962962965 0.035208333333333286
0 0.8262037037037036 0.24965277777777778 0.033020833333333145 0.028854166666666715