2 0.1453125 0.3484375 0.0140625 0.0421875
2 0.153125 0.3453125 0.0234375 0.0328125
1 0.2359375 0.6109375 0.1953125 0.1421875
1 0.26875 0.3859375 0.0640625 0.065625
2 0.49375 0.3953125 0.0890625 0.0484375
1 0.4984375 0.4 0.1046875 0.0515625
1 0.184375 0.521875 0.1421875 0.090625
0 0.853125 0.325 0.29375 0.13125
0 0.7171875 0.5984375 0.565625 0.365625
1 0.19375 0.371875 0.0625 0.0609375
4 0.3125 0.334375 0.0640625 0.065625
2 0.3765625 0.4609375 0.05 0.1171875
3 0.08125 0.7203125 0.046875 0.1203125
3 0.078125 0.640625 0.0375 0.0421875
3 0.1359375 0.703125 0.05625 0.15625
3 0.35 0.703125 0.078125 0.15625
1 0.4734375 0.375 0.071875 0.0421875
1 0.3625 0.375 0.053125 0.0421875
1 0.39375 0.359375 0.053125 0.04375
1 0.1296875 0.4109375 0.08125 0.046875
1 0.2625 0.328125 0.0390625 0.0296875
2 0.134375 0.4359375 0.0390625 0.078125
1 0.0859375 0.346875 0.028125 0.0359375
1 0.065625 0.3453125 0.034375 0.0390625
1 0.15 0.3359375 0.059375 0.0421875
3 0.03125 0.5046875 0.0625 0.06875
3 0.0484375 0.45625 0.034375 0.0859375
3 0.078125 0.421875 0.028125 0.078125
3 0.05 0.3984375 0.025 0.0265625