2 0.53125 0.528125 0.0640625 0.1203125
3 0.0671875 0.421875 0.0578125 0.075
3 0.615625 0.521875 0.0640625 0.0984375
3 0.2546875 0.6765625 0.065625 0.134375
3 0.0671875 0.421875 0.0578125 0.075
3 0.615625 0.521875 0.0640625 0.0984375
3 0.2546875 0.6765625 0.065625 0.134375
3 0.0359375 0.4859375 0.0703125 0.0859375
2 0.334375 0.3859375 0.0265625 0.040625
3 0.0671875 0.421875 0.0578125 0.075
2 0.615625 0.521875 0.0640625 0.0984375
3 0.2546875 0.6765625 0.065625 0.134375
3 0.0328125 0.4921875 0.0640625 0.1
3 0.0671875 0.421875 0.0578125 0.075
3 0.2546875 0.6765625 0.065625 0.134375
2 0.6921875 0.50625 0.053125 0.0953125
3 0.0671875 0.421875 0.0578125 0.075
3 0.2546875 0.6765625 0.065625 0.134375
3 0.0671875 0.421875 0.0578125 0.075
3 0.2546875 0.6765625 0.065625 0.134375
3 0.0671875 0.421875 0.0578125 0.075
3 0.2546875 0.6765625 0.065625 0.134375
3 0.0671875 0.421875 0.0578125 0.075
0 0.3 0.334375 0.065625 0.0703125
1 0.23125 0.6046875 0.2078125 0.159375
1 0.2453125 0.38125 0.075 0.0484375
1 0.1875 0.5203125 0.153125 0.0859375
1 0.30625 0.4390625 0.1046875 0.0796875
0 0.1 0.2765625 0.0375 0.0328125
3 0.0671875 0.421875 0.0578125 0.075
1 0.80625 0.3546875 0.0796875 0.0296875
3 0.2546875 0.6765625 0.065625 0.134375
1 0.2203125 0.3515625 0.04375 0.0390625
3 0.0703125 0.71875 0.040625 0.1234375
2 0.728125 0.559375 0.0484375 0.128125
2 0.43125 0.4421875 0.0375 0.0875
0 0.48125 0.359375 0.1859375 0.121875
2 0.678125 0.3390625 0.0203125 0.01875
0 0.1921875 0.2734375 0.034375 0.028125
2 0.15625 0.3609375 0.025 0.0453125
1 0.09375 0.3328125 0.040625 0.034375
1 0.0875 0.3015625 0.0234375 0.021875
1 0.1890625 0.3078125 0.034375 0.0171875
1 0.2015625 0.3265625 0.040625 0.0171875
1 0.15625 0.3125 0.034375 0.0265625
2 0.15 0.334375 0.0109375 0.01875
2 0.165625 0.3390625 0.0140625 0.0265625
2 0.1390625 0.3296875 0.0125 0.0265625
2 0.1609375 0.3234375 0.0125 0.0140625
2 0.1546875 0.315625 0.0109375 0.0140625
2 0.1328125 0.3265625 0.009375 0.0296875
2 0.1359375 0.31875 0.00625 0.015625
2 0.13125 0.3078125 0.009375 0.021875
2 0.11875 0.30625 0.0078125 0.0171875
1 0.1375 0.2921875 0.01875 0.0109375
1 0.1234375 0.2890625 0.0203125 0.0109375
1 0.075 0.2890625 0.0203125 0.0125