1 0.634375 0.4875 0.13125 0.1203125
4 0.8453125 0.41875 0.1859375 0.1640625
1 0.234375 0.609375 0.190625 0.1484375
1 0.321875 0.3796875 0.065625 0.046875
1 0.221875 0.3546875 0.0640625 0.0359375
2 0.2953125 0.415625 0.034375 0.0609375
0 0.340625 0.33125 0.0984375 0.0640625
2 0.2671875 0.38125 0.0328125 0.05625
1 0.1609375 0.36875 0.0546875 0.040625
1 0.4203125 0.3 0.075 0.034375
1 0.2890625 0.3484375 0.0421875 0.0234375
1 0.18125 0.5234375 0.1484375 0.0859375
4 0.5640625 0.309375 0.1671875 0.0734375
1 0.1203125 0.4515625 0.1046875 0.0828125
3 0.0296875 0.41875 0.0328125 0.0578125
3 0.0375 0.4953125 0.0515625 0.09375
2 0.415625 0.3828125 0.03125 0.0546875
1 0.1046875 0.375 0.071875 0.05
2 0.246875 0.3671875 0.021875 0.05
1 0.06875 0.33125 0.046875 0.0296875
1 0.725 0.4828125 0.0796875 0.109375
1 0.3921875 0.703125 0.20625 0.15625
1 0.4296875 0.3734375 0.0625 0.0421875
2 0.215625 0.31875 0.0125 0.025
2 0.1734375 0.328125 0.0171875 0.028125
2 0.125 0.3359375 0.0125 0.0265625
1 0.084375 0.3171875 0.0296875 0.021875
0 0.25625 0.2828125 0.0421875 0.0328125
4 0.096875 0.275 0.0375 0.0296875
4 0.1515625 0.2984375 0.03125 0.0296875
1 0.1359375 0.328125 0.0296875 0.028125
2 0.1078125 0.3265625 0.0109375 0.03125
2 0.1828125 0.3078125 0.0109375 0.021875
2 0.2015625 0.3125 0.0125 0.025
1 0.7234375 0.3484375 0.06875 0.0359375
1 0.221875 0.284375 0.021875 0.015625
0 0.14375 0.2609375 0.01875 0.0171875
0 0.121875 0.2546875 0.028125 0.0203125
3 0.1640625 0.4296875 0.03125 0.075
1 0.2734375 0.3296875 0.0265625 0.0171875
1 0.109375 0.3046875 0.025 0.0109375
1 0.125 0.29375 0.0203125 0.0171875
2 0.115625 0.3203125 0.0078125 0.028125
2 0.15625 0.328125 0.0140625 0.028125
1 0.9234375 0.365625 0.046875 0.0265625
1 0.0734375 0.2921875 0.0203125 0.0171875