1 0.2390625 0.6046875 0.196875 0.1484375
1 0.125 0.4109375 0.0859375 0.0578125
1 0.7015625 0.4921875 0.16875 0.0921875
2 0.8734375 0.4984375 0.0671875 0.10625
1 0.1859375 0.5140625 0.15 0.0671875
0 0.2953125 0.3734375 0.1828125 0.1875
1 0.8203125 0.4390625 0.1921875 0.0703125
1 0.828125 0.70625 0.34375 0.15
1 0.5640625 0.4734375 0.0703125 0.1078125
1 0.46875 0.5046875 0.146875 0.13125
2 0.190625 0.3078125 0.034375 0.025
2 0.9421875 0.51875 0.084375 0.071875
2 0.1640625 0.33125 0.0390625 0.04375
1 0.9359375 0.3625 0.1015625 0.059375
2 0.184375 0.3125 0.028125 0.028125
1 0.6140625 0.4125 0.0875 0.05625
1 0.5921875 0.33125 0.075 0.0265625
2 0.9515625 0.5640625 0.096875 0.0671875
2 0.11875 0.3078125 0.0125 0.025
1 0.7859375 0.5703125 0.078125 0.109375
2 0.8 0.5125 0.059375 0.078125
3 0.3765625 0.696875 0.0484375 0.0828125
3 0.4015625 0.7484375 0.0515625 0.0640625
3 0.059375 0.6875 0.0734375 0.08125
3 0.1 0.6359375 0.0453125 0.1515625
3 0.0390625 0.509375 0.0578125 0.0625
3 0.046875 0.4296875 0.025 0.0375
3 0.0515625 0.3890625 0.0265625 0.015625
2 0.1375 0.3578125 0.0203125 0.0359375
2 0.1796875 0.365625 0.015625 0.046875
3 0.1140625 0.3640625 0.01875 0.0203125
2 0.1609375 0.353125 0.0140625 0.0421875
2 0.1046875 0.3171875 0.0125 0.028125
2 0.0640625 0.31875 0.0140625 0.0125
1 0.5015625 0.41875 0.0890625 0.040625
1 0.4765625 0.3828125 0.071875 0.0359375
2 0.4234375 0.3890625 0.0265625 0.04375
1 0.4078125 0.446875 0.078125 0.0828125
1 0.4078125 0.365625 0.0546875 0.0453125
2 0.5390625 0.390625 0.021875 0.021875