0 0.853125 0.2539930555555555 0.2828125 0.14126157407407405
1 0.23203125 0.6015625 0.2296875 0.17638888888888893
1 0.8921875 0.461255787037037 0.1875 0.16701388888888893
1 0.57890625 0.33836805555555555 0.071875 0.047511574074074046
3 0.22734375 0.6878472222222222 0.0796875 0.09809027777777786
2 0.28828125 0.37005208333333334 0.046875 0.061284722222222233
2 0.38203125 0.3521701388888889 0.0546875 0.05717592592592595
3 0.08359375 0.7117766203703704 0.084375 0.08125
0 0.43203125 0.26565393518518515 0.1265625 0.0640625
0 0.590625 0.4953125 0.421875 0.3359375
3 0.1828125 0.4489583333333334 0.0375 0.06684027777777786
3 0.084375 0.66953125 0.065625 0.08298611111111107
1 0.1921875 0.31232638888888886 0.040625 0.024884259259259255
2 0.2171875 0.394068287037037 0.0359375 0.06984953703703703
1 0.18828125 0.5188657407407408 0.1515625 0.0987268518518519
3 0.05390625 0.4913194444444445 0.05625 0.11354166666666679
1 0.10625 0.4093171296296297 0.1265625 0.0734375
1 0.2875 0.31385995370370373 0.0515625 0.035069444444444466
2 0.20390625 0.3388020833333333 0.0234375 0.045486111111111074
2 0.14765625 0.3484375 0.034375 0.04473379629629628
2 0.18203125 0.3443287037037037 0.0265625 0.05040509259259256
2 0.88046875 0.5480613425925925 0.0859375 0.14699074074074084
2 0.328125 0.33663194444444444 0.021875 0.05787037037037042
2 0.23046875 0.3360532407407407 0.0359375 0.05109953703703703
2 0.0921875 0.3556712962962963 0.0171875 0.0387731481481481