1 0.1796875 0.453125 0.13125 0.0671875
1 0.1796875 0.525 0.1390625 0.09375
1 0.453125 0.440625 0.125 0.0859375
1 0.2390625 0.6109375 0.19375 0.15
1 0.4125 0.3828125 0.0796875 0.0484375
2 0.9046875 0.575 0.0984375 0.15
1 0.6828125 0.5265625 0.175 0.16875
1 0.9328125 0.3625 0.1171875 0.05625
2 0.5640625 0.4328125 0.053125 0.0828125
1 0.1171875 0.40625 0.071875 0.053125
2 0.29375 0.415625 0.0359375 0.0703125
2 0.140625 0.353125 0.0375 0.0390625
3 0.0875 0.509375 0.0515625 0.1125
2 0.0890625 0.29375 0.009375 0.01875
2 0.046875 0.3171875 0.05 0.0265625
1 0.1203125 0.3046875 0.034375 0.0328125
4 0.15 0.28125 0.05 0.034375
1 0.1953125 0.3140625 0.0359375 0.0296875
3 0.0796875 0.6484375 0.0453125 0.0453125
3 0.071875 0.696875 0.0359375 0.059375
3 0.203125 0.44375 0.0171875 0.05625
3 0.040625 0.49375 0.028125 0.0984375
3 0.06875 0.4296875 0.021875 0.065625
1 0.246875 0.3640625 0.059375 0.0453125
2 0.2203125 0.334375 0.015625 0.0234375
1 0.0640625 0.3515625 0.0265625 0.034375
2 0.1546875 0.321875 0.0171875 0.03125
2 0.171875 0.3234375 0.0140625 0.03125
1 0.0953125 0.284375 0.0171875 0.0140625
3 0.1546875 0.4578125 0.0234375 0.04375
1 0.5015625 0.3203125 0.028125 0.021875