2 0.4625 0.4640625 0.065625 0.096875
1 0.2421875 0.609375 0.19375 0.1484375
0 0.75 0.5125 0.4953125 0.28125
1 0.1796875 0.528125 0.146875 0.1
1 0.2046875 0.434375 0.0859375 0.0765625
1 0.3234375 0.375 0.0734375 0.059375
1 0.1984375 0.31875 0.046875 0.04375
1 0.2921875 0.3328125 0.053125 0.0234375
2 0.4671875 0.4203125 0.0515625 0.0359375
1 0.2375 0.340625 0.0484375 0.0453125
1 0.65625 0.334375 0.0703125 0.0296875
1 0.1234375 0.4109375 0.071875 0.0578125
3 0.0390625 0.5046875 0.06875 0.0703125
2 0.253125 0.375 0.0328125 0.059375
2 0.1109375 0.30625 0.0171875 0.0390625
2 0.1015625 0.3328125 0.025 0.034375
3 0.06875 0.6875 0.0765625 0.0859375
3 0.0515625 0.45 0.046875 0.103125
1 0.153125 0.3375 0.040625 0.0390625
1 0.44375 0.3796875 0.084375 0.0578125