1 0.8078125 0.6859375 0.384375 0.1890625
1 0.4765625 0.4296875 0.1078125 0.075
2 0.8265625 0.521875 0.0703125 0.1125
0 0.1765625 0.34375 0.1078125 0.09375
1 0.2453125 0.3375 0.0484375 0.04375
1 0.2875 0.378125 0.053125 0.05625
1 0.21875 0.5796875 0.2328125 0.1765625
1 0.11875 0.4578125 0.1015625 0.1078125
2 0.3796875 0.434375 0.034375 0.08125
0 0.2375 0.28125 0.0359375 0.021875
3 0.2109375 0.7125 0.0984375 0.13125
1 0.184375 0.5359375 0.1578125 0.1140625
2 0.709375 0.46875 0.0546875 0.096875
2 0.18125 0.3796875 0.0234375 0.0609375
3 0.040625 0.5015625 0.0734375 0.0890625
3 0.0453125 0.4171875 0.034375 0.0765625
4 0.8734375 0.309375 0.253125 0.1765625
2 0.3421875 0.365625 0.04375 0.04375