1 0.4075520833333333 0.66796875 0.23287037037037042 0.128125
3 0.22230902777777778 0.6234375 0.13813657407407404 0.14375
1 0.2014178240740741 0.48125 0.18628472222222223 0.1359375
1 0.24510995370370373 0.5640625 0.20943287037037042 0.1703125
1 0.14169560185185187 0.3875 0.11597222222222223 0.1359375
3 0.06255787037037037 0.4234375 0.07390046296296297 0.096875
3 0.09033564814814816 0.35078125 0.04820601851851851 0.078125
3 0.06357060185185186 0.32421875 0.028530092592592603 0.053125
2 0.2544849537037037 0.353125 0.054456018518518515 0.078125
2 0.47635995370370365 0.45859375 0.08362268518518512 0.10625
1 0.3677083333333333 0.37265625 0.09890046296296298 0.096875
2 0.4105613425925926 0.36953125 0.03663194444444447 0.0609375
2 0.4284143518518519 0.36640625 0.030555555555555714 0.065625
0 0.237962962962963 0.3078125 0.13576388888888893 0.121875
1 0.31941550925925927 0.31328125 0.058333333333333307 0.05625
2 0.1183738425925926 0.2640625 0.0390625 0.0421875
2 0.16614583333333335 0.24609375 0.02436342592592595 0.025
1 0.402806712962963 0.32890625 0.05277777777777768 0.0328125
4 0.844675925925926 0.3421875 0.3106481481481481 0.1625
1 0.5926793981481482 0.47734375 0.15069444444444446 0.1453125
1 0.6735532407407407 0.44609375 0.109375 0.084375
1 0.5817708333333333 0.33046875 0.0606481481481481 0.034375
0 0.2767939814814815 0.23828125 0.046875 0.0421875
1 0.5429108796296296 0.31484375 0.03576388888888893 0.0375
4 0.4895543981481481 0.30859375 0.056597222222222146 0.0515625
1 0.17737268518518517 0.275 0.034490740740740745 0.0453125
2 0.9744502314814815 0.6359375 0.05109953703703703 0.15