1 0.25 0.35 0.0421875 0.0359375
1 0.3140625 0.4765625 0.1078125 0.1140625
1 0.240625 0.6046875 0.1953125 0.146875
1 0.1859375 0.528125 0.1515625 0.0984375
1 0.8875 0.3578125 0.1328125 0.0515625
1 0.3140625 0.3671875 0.071875 0.0421875
0 0.55625 0.4171875 0.34375 0.2546875
1 0.246875 0.403125 0.0875 0.059375
2 0.5140625 0.5421875 0.065625 0.11875
1 0.7578125 0.4640625 0.1 0.121875
2 0.0953125 0.3375 0.015625 0.03125
1 0.1609375 0.334375 0.0375 0.0453125
2 0.6890625 0.63125 0.11875 0.1640625
1 0.128125 0.40625 0.0765625 0.05625
2 0.353125 0.38125 0.0296875 0.0578125
1 0.9890625 0.3640625 0.021875 0.06875
2 0.2 0.3328125 0.025 0.0328125
2 0.853125 0.5625 0.084375 0.15
1 0.984375 0.525 0.0296875 0.078125
2 0.253125 0.3609375 0.01875 0.0265625
2 0.1203125 0.3359375 0.0171875 0.0296875
1 0.2 0.3078125 0.03125 0.0203125
1 0.159375 0.3015625 0.03125 0.01875
1 0.1265625 0.2921875 0.0203125 0.0140625
2 0.09375 0.2984375 0.00625 0.021875
2 0.0734375 0.3125 0.03125 0.021875
3 0.1234375 0.459375 0.01875 0.0859375
3 0.0375 0.5125 0.05 0.053125
3 0.0515625 0.45625 0.0296875 0.08125
1 0.065625 0.43125 0.0234375 0.065625