2 0.13125 0.3265625 0.0140625 0.028125
1 0.54375 0.4078125 0.1015625 0.084375
1 0.2359375 0.6109375 0.1859375 0.1453125
1 0.1578125 0.346875 0.0484375 0.0546875
0 0.94375 0.7078125 0.1078125 0.140625
2 0.2796875 0.3921875 0.040625 0.053125
1 0.1796875 0.5265625 0.1390625 0.09375
1 0.1203125 0.40625 0.071875 0.0546875
2 0.1109375 0.303125 0.03125 0.034375
2 0.5109375 0.4265625 0.0359375 0.08125
1 0.4390625 0.38125 0.0859375 0.05
2 0.3046875 0.4234375 0.05625 0.071875
4 0.8078125 0.5203125 0.3828125 0.31875
1 0.2640625 0.353125 0.0578125 0.0375
1 0.1828125 0.446875 0.109375 0.0703125
1 0.9328125 0.3328125 0.1296875 0.05625
4 0.80625 0.3 0.3 0.146875
1 0.3296875 0.3515625 0.071875 0.0453125
2 0.125 0.309375 0.01875 0.0203125
3 0.0765625 0.6890625 0.0546875 0.053125
3 0.075 0.653125 0.059375 0.0484375
2 0.2390625 0.3328125 0.025 0.03125
4 0.1890625 0.2921875 0.06875 0.04375
3 0.0609375 0.51875 0.0359375 0.1390625
3 0.0421875 0.4671875 0.01875 0.084375
3 0.06875 0.4390625 0.015625 0.028125
2 0.1984375 0.3359375 0.0203125 0.03125
2 0.203125 0.3640625 0.0265625 0.04375
3 0.340625 0.6875 0.140625 0.0890625
2 0.1109375 0.328125 0.0171875 0.0375
2 0.08125 0.31875 0.01875 0.0328125