1 0.23125 0.60625 0.2171875 0.1453125
1 0.1296875 0.409375 0.0765625 0.053125
2 0.434375 0.484375 0.0578125 0.071875
2 0.60625 0.4546875 0.0578125 0.0859375
1 0.2703125 0.3734375 0.0734375 0.040625
2 0.6953125 0.471875 0.0609375 0.0796875
1 0.1765625 0.378125 0.0703125 0.0453125
1 0.96796875 0.3796875 0.0640625 0.0375
2 0.3734375 0.39375 0.040625 0.0578125
1 0.90625 0.3546875 0.1015625 0.0375
2 0.15 0.3390625 0.015625 0.03125
1 0.1578125 0.3203125 0.034375 0.028125
0 0.921875 0.6984375 0.14375 0.1625
1 0.1828125 0.528125 0.1515625 0.090625
0 0.203125 0.29375 0.0765625 0.053125
3 0.0578125 0.484375 0.0390625 0.10625
3 0.29375 0.6703125 0.0546875 0.1125
2 0.24375 0.3375 0.01875 0.028125
2 0.221875 0.353125 0.0203125 0.0359375
3 0.071875 0.7171875 0.0765625 0.0890625
4 0.1 0.30625 0.059375 0.0578125
1 0.6 0.334375 0.09375 0.0265625
1 0.4 0.359375 0.0546875 0.040625
1 0.3078125 0.3484375 0.0453125 0.028125
2 0.196875 0.34375 0.0203125 0.034375
3 0.215625 0.4640625 0.040625 0.0390625
1 0.7140625 0.4390625 0.1375 0.071875
1 0.1546875 0.31875 0.0296875 0.021875
3 0.3296875 0.74375 0.0890625 0.071875
3 0.040625 0.3984375 0.015625 0.025
3 0.0578125 0.3953125 0.01875 0.028125
3 0.0875 0.40625 0.01875 0.0359375
1 0.06875 0.3484375 0.025 0.0375
1 0.14375 0.3015625 0.021875 0.01875
2 0.225 0.3296875 0.0125 0.028125
1 0.275 0.328125 0.028125 0.025
2 0.3578125 0.340625 0.0140625 0.0203125
1 0.3390625 0.3734375 0.0359375 0.046875
1 0.5 0.425 0.0875 0.06875
1 0.5015625 0.375 0.0484375 0.0328125
2 0.9140625 0.4984375 0.078125 0.0984375
1 0.9203125 0.5859375 0.1578125 0.1375
2 0.95 0.6265625 0.0640625 0.05625
1 0.8234375 0.35 0.0578125 0.0390625
2 0.7609375 0.3484375 0.01875 0.015625
1 0.55 0.325 0.0328125 0.0265625
2 0.4796875 0.31875 0.0140625 0.015625
2 0.503125 0.31875 0.01875 0.01875