1 0.32598958333333333 0.4594039351851852 0.13104166666666667 0.09525462962962958
1 0.8348958333333334 0.45954861111111106 0.1476041666666667 0.0865162037037038
1 0.5305729166666666 0.43035300925925923 0.11239583333333325 0.07274305555555553
1 0.8055208333333332 0.6151041666666666 0.2171875 0.17170138888888892
1 0.8527604166666667 0.5287905092592593 0.16020833333333329 0.11192129629629637
1 0.44020833333333337 0.5010416666666666 0.15406249999999985 0.11325231481481488
2 0.7455729166666667 0.34713541666666664 0.03572916666666668 0.04496527777777777
4 0.6704687500000001 0.3544849537037037 0.07114583333333328 0.061863425925925954
1 0.08145833333333334 0.590625 0.07572916666666667 0.10723379629629637
2 0.813125 0.3784722222222222 0.060000000000000143 0.05833333333333339
1 0.61546875 0.39453125 0.09468749999999986 0.0642939814814815
1 0.099375 0.40347222222222223 0.13395833333333335 0.06886574074074066
2 0.89375 0.32534722222222223 0.027291666666666714 0.03530092592592595
3 0.82125 0.2899305555555555 0.06374999999999993 0.06782407407407405
2 0.42796874999999995 0.3525173611111111 0.023333333333333428 0.022685185185185208
4 0.7968229166666667 0.3443576388888889 0.0732291666666665 0.06973379629629628
2 0.8680729166666665 0.31426504629629626 0.02239583333333357 0.03200231481481488
2 0.9116145833333335 0.30107060185185186 0.017499999999999717 0.02870370370370372
1 0.8836458333333332 0.30237268518518523 0.020104166666666857 0.021006944444444463
1 0.9304166666666667 0.37268518518518523 0.059791666666666646 0.03182870370370363
1 0.8966666666666667 0.4041666666666667 0.08874999999999993 0.06875
2 0.8840625 0.4138310185185185 0.025312499999999717 0.028993055555555536
3 0.9707552083333333 0.4881655092592593 0.05848958333333343 0.10856481481481488
3 0.973984375 0.6642071759259259 0.05203124999999993 0.07986111111111108
3 0.8208333333333332 0.7746527777777779 0.07093750000000014 0.035358796296296194