1 0.6377604166666667 0.5394965277777778 0.22163194444444442 0.1580439814814815
1 0.4515625 0.405613425925926 0.11670138888888885 0.09328703703703703
2 0.5972974537037037 0.4408854166666667 0.10581018518518519 0.09444444444444447
1 0.15210069444444443 0.3557002314814815 0.12042824074074074 0.11371527777777768
2 0.929045138888889 0.6037905092592593 0.11468750000000014 0.13067129629629637
1 0.38927083333333334 0.309375 0.07505787037037041 0.05740740740740744
1 0.19835069444444445 0.4384548611111111 0.16758101851851853 0.12482638888888893
1 0.24596643518518518 0.2505497685185185 0.05437500000000002 0.04415509259259256
2 0.22442129629629629 0.28888888888888886 0.03737268518518526 0.04976851851851851
1 0.19743055555555555 0.2226273148148148 0.05451388888888893 0.04884259259259256
3 0.15578703703703703 0.6120949074074075 0.09965277777777777 0.09733796296296297
1 0.2905960648148148 0.27861689814814816 0.0751504629629629 0.06053240740740744
2 0.2697337962962963 0.2872106481481481 0.03387731481481478 0.03715277777777777
3 0.8521585648148149 0.7012731481481481 0.09579861111111114 0.12528935185185192
3 0.05936921296296296 0.3935474537037037 0.06931712962962963 0.07436342592592596
3 0.09186342592592592 0.3024016203703704 0.052037037037037034 0.07060185185185182
1 0.32873842592592595 0.27251157407407406 0.041597222222222195 0.034317129629629586
1 0.25055555555555553 0.5374131944444445 0.2162152777777778 0.1859375
3 0.2412152777777778 0.591724537037037 0.10131944444444443 0.15358796296296298
1 0.3582002314814815 0.29019097222222223 0.05763888888888893 0.048958333333333395
1 0.6585127314814814 0.3424189814814815 0.0512037037037036 0.042476851851851904
1 0.5331365740740741 0.3079571759259259 0.07956018518518526 0.05133101851851851
1 0.38038773148148153 0.24713541666666666 0.04936342592592595 0.03304398148148149