1 0.7316840277777779 0.6322743055555555 0.2122106481481481 0.1639930555555555
1 0.3235821759259259 0.6340451388888889 0.27129629629629626 0.19922453703703696
0 0.7236979166666666 0.3835821759259259 0.17158564814814808 0.1633912037037037
1 0.35723379629629626 0.46413773148148146 0.14693287037037042 0.08806712962962955
2 0.2027199074074074 0.4571585648148148 0.06637731481481479 0.06344907407407412
1 0.7961516203703705 0.5589699074074075 0.15688657407407405 0.10383101851851854
1 0.8642650462962962 0.45054398148148145 0.09305555555555571 0.06696759259259259
2 0.11061921296296298 0.5589756944444444 0.12274305555555554 0.15173611111111107
1 0.06597222222222222 0.32928240740740744 0.10966435185185183 0.05159722222222225
2 0.2890625 0.48970486111111117 0.08697916666666669 0.11372685185185176
1 0.3005497685185185 0.41170717592592593 0.1482060185185185 0.08027777777777771
2 0.2578125 0.42592592592592593 0.05978009259259256 0.05398148148148145
2 0.34088541666666666 0.504542824074074 0.07366898148148149 0.09166666666666679
3 0.8948784722222222 0.7214583333333333 0.0831018518518519 0.09336805555555543
1 0.5510416666666667 0.48655092592592586 0.140625 0.12857638888888873
2 0.09994212962962963 0.46736111111111106 0.07534722222222223 0.09481481481481495
2 0.17025462962962962 0.510613425925926 0.09918981481481479 0.10609953703703709
2 0.4378472222222222 0.41921296296296295 0.038425925925925954 0.06771990740740748
1 0.4606770833333334 0.39375578703703706 0.08443287037037024 0.04497685185185176
1 0.49065393518518513 0.4496990740740741 0.07957175925925916 0.08238425925925927
1 0.6216145833333334 0.45945601851851847 0.07667824074074084 0.08858796296296294
2 0.6177662037037037 0.3945196759259259 0.0203125 0.042465277777777824
2 0.619357638888889 0.3937615740740741 0.029629629629629763 0.04104166666666664
2 0.581857638888889 0.39320601851851855 0.023321759259259167 0.03938657407407398
1 0.5452546296296296 0.41064236111111113 0.08107638888888893 0.038680555555555426
2 0.8327256944444444 0.39457754629629627 0.025 0.04253472222222223
1 0.8504918981481481 0.35810185185185184 0.03229166666666643 0.028587962962962975
2 0.86875 0.39276620370370374 0.02650462962962976 0.04099537037037031
2 0.8795138888888889 0.3765104166666667 0.01655092592592595 0.025231481481481487
2 0.8495659722222222 0.3831018518518518 0.018576388888888573 0.03775462962962965
2 0.813599537037037 0.3833506944444444 0.02170138888888893 0.03780092592592599
1 0.8212094907407408 0.3678298611111111 0.030439814814814524 0.02075231481481481
2 0.8990451388888889 0.3556944444444444 0.015046296296296191 0.02677083333333332
2 0.9140625 0.3512268518518519 0.01655092592592595 0.025231481481481487
2 0.8718171296296295 0.3521643518518519 0.01174768518518512 0.022037037037036987
2 0.828298611111111 0.34526620370370364 0.011805555555555713 0.02359953703703699
1 0.9291666666666666 0.3866261574074074 0.04328703703703703 0.030312499999999964
3 0.942679398148148 0.5494155092592592 0.07488425925925953 0.08231481481481477
1 0.6217881944444444 0.37034722222222227 0.048263888888888926 0.03819444444444446
4 0.5398148148148147 0.3253587962962963 0.04803240740740744 0.03194444444444446
1 0.324537037037037 0.3338946759259259 0.04814814814814809 0.035069444444444466
1 0.36157407407407405 0.3258449074074074 0.03848379629629637 0.027118055555555555
1 0.25428240740740743 0.33129050925925924 0.04791666666666661 0.028819444444444463
1 0.15792824074074074 0.33689814814814817 0.07766203703703703 0.030821759259259274
4 0.4569155092592593 0.32647569444444446 0.06545138888888893 0.03844907407407412
2 0.3949652777777778 0.3318113425925926 0.01938657407407405 0.017465277777777823
3 0.5989583333333333 0.7123842592592593 0.05717592592592595 0.06799768518518512
3 0.9194733796296297 0.6483449074074074 0.07118055555555572 0.06664351851851862
3 0.9400462962962962 0.47277199074074067 0.024710648148148096 0.03472222222222214
3 0.5532986111111111 0.7632986111111111 0.06354166666666679 0.07121527777777778