1 0.53125 0.396875 0.078125 0.065625
4 0.8703125 0.48125 0.190625 0.1203125
1 0.6390625 0.5234375 0.1875 0.11875
1 0.234375 0.609375 0.2140625 0.1453125
1 0.18125 0.525 0.15 0.090625
2 0.4296875 0.53125 0.0640625 0.109375
0 0.2109375 0.3109375 0.10625 0.090625
1 0.2515625 0.434375 0.0765625 0.084375
2 0.98046875 0.52421875 0.0390625 0.0671875
1 0.621875 0.5015625 0.1859375 0.0640625
1 0.959375 0.6546875 0.06875 0.1578125
1 0.3875 0.45625 0.10625 0.0765625
0 0.1234375 0.3203125 0.071875 0.06875
1 0.125 0.4078125 0.0734375 0.053125
1 0.240625 0.375 0.0625 0.034375
1 0.334375 0.378125 0.0703125 0.046875
3 0.0625 0.68125 0.0828125 0.103125
2 0.1921875 0.3625 0.0265625 0.0453125
1 0.8265625 0.3484375 0.0703125 0.034375
4 0.703125 0.4875 0.159375 0.121875
3 0.1859375 0.45 0.0296875 0.053125
2 0.5375 0.5828125 0.0890625 0.14375
1 0.3796875 0.3875 0.09375 0.04375
1 0.91171875 0.69453125 0.1765625 0.1640625
2 0.2765625 0.3640625 0.0140625 0.046875
2 0.29375 0.34375 0.0234375 0.0359375
4 0.40625 0.3296875 0.1390625 0.0734375
1 0.9875 0.3703125 0.025 0.053125
1 0.96875 0.55 0.0515625 0.0921875
1 0.5796875 0.4203125 0.065625 0.0703125
2 0.584375 0.4421875 0.0328125 0.0515625
3 0.2390625 0.7109375 0.06875 0.140625
3 0.01875 0.646875 0.0375 0.196875
3 0.15 0.4625 0.0296875 0.040625
3 0.1125 0.5046875 0.0296875 0.103125
3 0.0515625 0.4828125 0.0234375 0.1
3 0.084375 0.4859375 0.0203125 0.084375
3 0.021875 0.48125 0.0375 0.1171875
3 0.0875 0.4078125 0.0140625 0.0140625
2 0.240625 0.3453125 0.0140625 0.0171875
0 0.10625 0.275 0.0546875 0.0171875
4 0.0765625 0.303125 0.01875 0.0390625
1 0.0734375 0.346875 0.0421875 0.040625
3 0.06875 0.3203125 0.0109375 0.0125