1 0.44754050925925926 0.444994212962963 0.14467592592592596 0.11458333333333322
1 0.7266782407407407 0.27193287037037034 0.08217592592592596 0.07013888888888893
1 0.7959201388888889 0.49389467592592595 0.2117476851851851 0.15607638888888892
1 0.8330729166666668 0.41976273148148147 0.17037037037037023 0.13425925925925916
2 0.20023148148148148 0.7592592592592593 0.18153935185185183 0.1830439814814815
2 0.5671585648148147 0.3584201388888889 0.047511574074074046 0.06105324074074074
3 0.9254629629629629 0.2739583333333333 0.05590277777777786 0.07696759259259256
1 0.07146990740740741 0.4722222222222222 0.11024305555555555 0.06961805555555553
2 0.566869212962963 0.43509837962962966 0.08229166666666661 0.1153935185185185
4 0.7642361111111111 0.18761574074074072 0.08003472222222215 0.09658564814814814
4 0.6987268518518519 0.2142939814814815 0.09548611111111108 0.09247685185185181
4 0.6554398148148148 0.29178240740740746 0.12332175925925917 0.1278356481481481
1 0.4276041666666667 0.4136574074074074 0.12025462962962959 0.08715277777777786
1 0.9087384259259259 0.24484953703703702 0.09832175925925916 0.08478009259259256
1 0.842476851851852 0.16672453703703702 0.02436342592592595 0.025868055555555537
2 0.7958043981481481 0.2584201388888889 0.029976851851851904 0.051041666666666693
2 0.815306712962963 0.23579282407407404 0.03125 0.04328703703703703
2 0.78203125 0.24563078703703703 0.026793981481481488 0.04936342592592595
3 0.9600694444444444 0.3491608796296296 0.07986111111111108 0.10630787037037033
3 0.956105324074074 0.5289930555555555 0.08778935185185191 0.13518518518518513
3 0.7828414351851852 0.5632233796296295 0.1517939814814815 0.18038194444444428
2 0.18310185185185185 0.42349537037037044 0.033912037037037025 0.030902777777777855