1 0.234375 0.6140625 0.19375 0.140625
1 0.6109375 0.5453125 0.2140625 0.1328125
4 0.896875 0.35 0.1671875 0.0796875
2 0.6328125 0.453125 0.0453125 0.0453125
3 0.0984375 0.353125 0.025 0.034375
1 0.109375 0.3296875 0.040625 0.0375
1 0.1859375 0.525 0.1453125 0.0921875
2 0.1578125 0.340625 0.028125 0.034375
1 0.35 0.378125 0.0859375 0.0421875
2 0.5125 0.403125 0.046875 0.0546875
2 0.1359375 0.4328125 0.05 0.0640625
1 0.5453125 0.475 0.1375 0.0734375
1 0.184375 0.3203125 0.0390625 0.03125
1 0.2390625 0.4125 0.0859375 0.05625
0 0.2640625 0.3234375 0.05 0.0484375
2 0.1984375 0.365625 0.025 0.0390625
1 0.2109375 0.3375 0.04375 0.03125
4 0.303125 0.3375 0.0640625 0.0578125
4 0.1796875 0.2875 0.065625 0.0359375
2 0.4046875 0.4671875 0.053125 0.0875
2 0.3390625 0.45625 0.04375 0.078125
2 0.421875 0.4 0.0265625 0.0546875
3 0.0703125 0.6859375 0.08125 0.11875
3 0.0140625 0.65 0.028125 0.140625
3 0.0359375 0.50078125 0.071875 0.0859375
3 0.05625 0.4109375 0.0296875 0.059375
1 0.4875 0.315625 0.0296875 0.025
4 0.4125 0.353125 0.08125 0.0609375
0 0.453125 0.30625 0.0484375 0.040625
4 0.334375 0.2953125 0.05625 0.040625
1 0.5796875 0.328125 0.0515625 0.0296875
1 0.5234375 0.3234375 0.046875 0.0296875
1 0.7203125 0.3484375 0.0578125 0.028125
1 0.634375 0.3359375 0.05 0.021875
2 0.2921875 0.4765625 0.0296875 0.090625
2 0.1390625 0.3234375 0.0109375 0.0296875