1 0.7655729166666667 0.6583043981481481 0.20673611111111115 0.1700231481481481
1 0.824045138888889 0.5847511574074075 0.14753472222222222 0.10538194444444446
0 0.2894965277777778 0.5922743055555555 0.5621180555555556 0.42517361111111107
2 0.7075520833333333 0.4711516203703704 0.05177083333333332 0.0815393518518519
1 0.6846875000000001 0.4258101851851851 0.08249999999999993 0.059259259259259164
2 0.7912673611111111 0.40946180555555556 0.041736111111111106 0.05150462962962976
4 0.7420486111111111 0.3725115740740741 0.12684027777777782 0.08744212962962968
2 0.8784027777777779 0.5016782407407407 0.05451388888888893 0.06446759259259256
3 0.6514583333333334 0.686863425925926 0.08166666666666664 0.1622685185185185
3 0.7147222222222223 0.7586805555555556 0.0953819444444445 0.1471643518518519
3 0.9211805555555556 0.7756944444444445 0.09868055555555558 0.15509259259259273
3 0.9735416666666665 0.579369212962963 0.052916666666666855 0.08628472222222214
3 0.9478472222222223 0.5003472222222223 0.023576388888889 0.07737268518518511
3 0.9603645833333333 0.53671875 0.03628472222222214 0.08721064814814809
1 0.8973784722222223 0.4774016203703704 0.07791666666666686 0.06377314814814809
1 0.943125 0.46348379629629627 0.061701388888888785 0.03663194444444447
1 0.9004513888888889 0.4049189814814815 0.040034722222222284 0.045196759259259166
1 0.9172569444444445 0.38836805555555554 0.031909722222222214 0.03084490740740744
2 0.9442881944444445 0.4104456018518518 0.019479166666666714 0.033506944444444464
2 0.7365972222222222 0.40821759259259255 0.018090277777777785 0.04126157407407405
2 0.8491145833333335 0.41316550925925927 0.01638888888888914 0.03495370370370363
2 0.8656944444444445 0.4215856481481482 0.024340277777777787 0.04149305555555553
1 0.10394097222222223 0.32155671296296295 0.10756944444444443 0.06331018518518512
1 0.20151041666666666 0.3212673611111111 0.07295138888888886 0.05109953703703703
4 0.5981597222222221 0.32581018518518523 0.08878472222222236 0.06105324074074066
1 0.5742708333333333 0.4802662037037037 0.08184027777777772 0.09982638888888892
1 0.5535416666666666 0.42563657407407407 0.11343750000000004 0.046354166666666786
1 0.5040277777777777 0.3402777777777778 0.047534722222222214 0.03142361111111107
1 0.3238715277777778 0.34765625 0.05527777777777772 0.028587962962962975
0 0.8956770833333334 0.33058449074074076 0.046354166666666786 0.048553240740740744
0 0.8690277777777778 0.36082175925925924 0.030416666666666713 0.033912037037037025
1 0.8141319444444445 0.3845486111111111 0.03500000000000014 0.029398148148148184