1 0.21307291666666667 0.5005729166666667 0.15635416666666666 0.10531249999999996
1 0.26458333333333334 0.57875 0.1875 0.15249999999999986
1 0.6415625 0.3833333333333333 0.1258333333333333 0.09083333333333332
0 0.4664583333333333 0.3228125 0.17020833333333343 0.12645833333333334
1 0.8519270833333333 0.4313020833333333 0.19656249999999992 0.12510416666666657
1 0.24083333333333332 0.3284375 0.06708333333333334 0.049583333333333354
1 0.2643229166666667 0.4218229166666667 0.12104166666666671 0.08895833333333343
1 0.348125 0.34875 0.07979166666666675 0.07687500000000007
1 0.626875 0.645625 0.20447916666666668 0.22052083333333333
2 0.4328125 0.3713541666666667 0.04322916666666661 0.0651041666666666
2 0.16479166666666667 0.30604166666666666 0.020729166666666642 0.030937500000000017
3 0.07677083333333333 0.3982291666666667 0.02729166666666667 0.08270833333333324
1 0.9703125 0.31500000000000006 0.059375 0.06020833333333329
2 0.33890625 0.3634895833333333 0.02979166666666666 0.07354166666666676
2 0.14416666666666667 0.29093749999999996 0.020729166666666687 0.03093749999999993
2 0.12276041666666666 0.27588541666666666 0.02729166666666667 0.03604166666666666
3 0.2940625 0.6325 0.07229166666666664 0.1510416666666668
3 0.113125 0.6492708333333332 0.058541666666666624 0.08479166666666664
3 0.17057291666666669 0.3809895833333333 0.02104166666666667 0.058958333333333356
3 0.09911458333333334 0.40380208333333334 0.02510416666666666 0.07322916666666668
3 0.11307291666666668 0.4013020833333334 0.023958333333333304 0.07937499999999993
3 0.07338541666666668 0.4886979166666666 0.05718749999999999 0.06447916666666664
1 0.13598958333333333 0.38015625000000003 0.043333333333333356 0.06666666666666661
1 0.18015625000000002 0.3481770833333333 0.06697916666666667 0.04802083333333336
2 0.19817708333333334 0.31244791666666666 0.02114583333333333 0.03718750000000002
2 0.19885416666666667 0.28729166666666667 0.01489583333333333 0.013437500000000036
1 0.16890624999999998 0.2853645833333333 0.029479166666666678 0.02218749999999998
2 0.47229166666666667 0.36322916666666666 0.03531250000000004 0.0630208333333333
2 0.5592708333333334 0.39666666666666667 0.04437499999999996 0.08229166666666661
1 0.7385416666666667 0.3078125 0.05343750000000007 0.03156249999999998
4 0.24145833333333333 0.24364583333333334 0.06729166666666667 0.05270833333333336