3 0.08125 0.7203125 0.1125 0.121875
1 0.80625 0.4734375 0.171875 0.103125
1 0.4671875 0.4078125 0.0890625 0.0578125
3 0.2328125 0.7109375 0.08125 0.1359375
1 0.1875 0.521875 0.1578125 0.090625
1 0.58125 0.534375 0.15625 0.1234375
1 0.428125 0.4375 0.1140625 0.0703125
1 0.0828125 0.346875 0.059375 0.0421875
0 0.4140625 0.296875 0.0859375 0.0359375
1 0.6296875 0.678125 0.2109375 0.190625
1 0.2890625 0.3921875 0.078125 0.05
3 0.034375 0.4796875 0.0671875 0.1140625
1 0.253125 0.35625 0.06875 0.0375
0 0.1828125 0.3046875 0.0828125 0.075
1 0.2328125 0.6078125 0.2015625 0.1546875
1 0.66875 0.503125 0.153125 0.109375
0 0.09375 0.3046875 0.0578125 0.0609375
1 0.8234375 0.3515625 0.0625 0.0328125
1 0.553125 0.4 0.084375 0.0640625
3 0.1171875 0.496875 0.05625 0.08125
4 0.3125 0.3125 0.1078125 0.0734375
2 0.3875 0.48125 0.046875 0.0859375
2 0.2953125 0.4546875 0.0421875 0.0890625
2 0.596875 0.41875 0.04375 0.08125
2 0.834375 0.5125 0.0625 0.1140625
3 0.1109375 0.621875 0.065625 0.14375
1 0.1265625 0.409375 0.075 0.0625
1 0.209375 0.4046875 0.0671875 0.0734375
1 0.3953125 0.375 0.059375 0.046875
1 0.7046875 0.3453125 0.06875 0.04375
4 0.575 0.3359375 0.071875 0.0359375
2 0.6515625 0.4125 0.028125 0.0625
1 0.965625 0.5046875 0.06875 0.1296875
2 0.3375 0.3609375 0.0234375 0.0484375
2 0.2109375 0.3421875 0.009375 0.0375
1 0.184375 0.35 0.04375 0.0390625