1 0.22030671296296295 0.6346006944444444 0.2130324074074074 0.17621527777777785
1 0.2572974537037037 0.43114583333333334 0.12696759259259255 0.09135416666666671
1 0.920491898148148 0.4951736111111111 0.10216435185185162 0.11986111111111111
1 0.5257349537037037 0.3981770833333333 0.10546296296296305 0.09663194444444442
1 0.11152199074074073 0.4454166666666667 0.12687500000000002 0.08979166666666671
1 0.15503472222222223 0.5658159722222222 0.16300925925925921 0.12100694444444446
2 0.3055960648148148 0.43133680555555554 0.0654745370370371 0.07927083333333336
2 0.8973321759259261 0.59671875 0.13940972222222214 0.16982638888888885
4 0.7205266203703704 0.42458333333333337 0.29393518518518513 0.2265625
1 0.08548611111111112 0.5034548611111112 0.1279861111111111 0.10854166666666672
1 0.4988888888888889 0.5224826388888889 0.19979166666666667 0.16315972222222222
3 0.019479166666666665 0.4888541666666667 0.03895833333333333 0.08354166666666671
1 0.4085416666666667 0.41663194444444446 0.11106481481481474 0.08597222222222226
3 0.02736689814814815 0.5714236111111111 0.0547337962962963 0.09736111111111115
4 0.832193287037037 0.3284548611111111 0.29789351851851864 0.24076388888888883
2 0.1563136574074074 0.37329861111111107 0.035219907407407415 0.04208333333333325
2 0.6478877314814815 0.5984548611111111 0.13620370370370374 0.19461805555555553
2 0.6569502314814815 0.4718229166666667 0.08340277777777771 0.09253472222222214
2 0.38747106481481486 0.3645833333333333 0.03181712962962964 0.037256944444444426
2 0.19993055555555556 0.36045138888888884 0.02547453703703706 0.03541666666666661
2 0.09293402777777778 0.3909201388888889 0.027407407407407415 0.041736111111111106
1 0.11292824074074073 0.3822395833333333 0.03200231481481479 0.04038194444444443
1 0.4035532407407407 0.6848958333333333 0.2572569444444445 0.21246527777777774