1 0.17449652777777777 0.5207291666666667 0.15311342592592592 0.11479166666666671
1 0.3985011574074074 0.39177083333333335 0.05384259259259263 0.051979166666666646
1 0.4541666666666667 0.5933333333333334 0.16353009259259252 0.18572916666666667
2 0.7574826388888889 0.5478645833333333 0.08287037037037041 0.11479166666666671
2 0.8550636574074074 0.6122395833333333 0.09877314814814823 0.13458333333333333
1 0.6022858796296295 0.46635416666666674 0.14035879629629627 0.09677083333333343
1 0.22638310185185184 0.6078645833333333 0.20226851851851854 0.1664583333333333
1 0.21782407407407406 0.3938020833333333 0.06813657407407411 0.06854166666666668
0 0.8119212962962962 0.4099479166666667 0.2483101851851849 0.11333333333333329
2 0.3147800925925926 0.3947916666666667 0.039710648148148134 0.046354166666666606
1 0.6421064814814814 0.5761458333333334 0.18475694444444457 0.14343749999999994
1 0.1807696759259259 0.3084375 0.041018518518518524 0.029270833333333357
2 0.28564236111111113 0.40848958333333335 0.03831018518518512 0.05718750000000004
1 0.21780671296296297 0.3421875 0.05209490740740739 0.03937499999999998
2 0.1577488425925926 0.27875 0.050555555555555555 0.04083333333333332
1 0.431412037037037 0.44010416666666663 0.11193287037037045 0.07458333333333336
1 0.29582754629629626 0.3544270833333333 0.05687499999999997 0.045937499999999964
1 0.13251736111111112 0.39828125000000003 0.08052083333333333 0.061562500000000055
2 0.06820023148148148 0.30562500000000004 0.05846064814814815 0.04760416666666671
2 0.24754050925925924 0.34104166666666663 0.025462962962962975 0.03291666666666675
2 0.10538773148148148 0.32921875 0.028634259259259266 0.036250000000000074
2 0.11359375000000001 0.3031770833333333 0.04425925925925926 0.03729166666666668
1 0.14950810185185187 0.30713541666666666 0.027025462962962977 0.03302083333333332
3 0.17638888888888887 0.4457812499999999 0.055659722222222194 0.06927083333333321
3 0.3598090277777778 0.6808854166666667 0.053622685185185225 0.14250000000000007
3 0.29476851851851854 0.68984375 0.0439699074074074 0.12312499999999993
2 0.3469675925925926 0.7558854166666666 0.12006944444444442 0.09697916666666657
3 0.059843749999999994 0.6585416666666667 0.05950231481481483 0.11791666666666671
3 0.06615740740740741 0.4963020833333333 0.031122685185185173 0.09885416666666665
3 0.09695023148148148 0.4764583333333333 0.03599537037037037 0.11166666666666672
3 0.035416666666666666 0.45984375 0.03599537037037037 0.11166666666666672
3 0.1706828703703704 0.40864583333333326 0.020868055555555553 0.038854166666666676
3 0.052876157407407406 0.38984375 0.011493055555555553 0.03822916666666672
2 0.0660300925925926 0.39932291666666664 0.028541666666666667 0.030000000000000072
3 0.07880208333333334 0.32901041666666664 0.017743055555555554 0.03864583333333336
2 0.2056886574074074 0.31557291666666665 0.011168981481481488 0.016354166666666715
1 0.22602430555555558 0.3153645833333333 0.02686342592592599 0.022083333333333323
1 0.35728009259259264 0.3765104166666666 0.0349768518518518 0.042916666666666714
2 0.3153472222222222 0.46208333333333335 0.037280092592592594 0.09302083333333329
3 0.35218171296296297 0.5622916666666666 0.05791666666666666 0.11624999999999996