1 0.7210532407407407 0.5978587962962962 0.22828703703703698 0.1674189814814815
4 0.47470486111111115 0.3462384259259259 0.22799768518518526 0.13621527777777773
1 0.2202025462962963 0.5612268518518518 0.28775462962962967 0.17074074074074072
1 0.854548611111111 0.3981539351851852 0.08412037037037053 0.050844907407407366
1 0.5909953703703704 0.39738425925925924 0.11270833333333333 0.05949074074074075
2 0.04638599537037037 0.5081423611111111 0.09277199074074075 0.1202430555555555
1 0.6759027777777777 0.33325810185185184 0.05378472222222221 0.03902777777777775
1 0.7977256944444444 0.3436863425925926 0.06886574074074066 0.056631944444444395
1 0.7726099537037037 0.5043055555555556 0.16712962962962977 0.08293981481481474
1 0.7904224537037037 0.4406076388888889 0.12254629629629629 0.06758101851851847
2 0.7396874999999999 0.3360474537037037 0.024282407407407548 0.04127314814814813
1 0.628917824074074 0.3759837962962963 0.08880787037037034 0.05098379629629637
2 0.450162037037037 0.45770833333333333 0.05776620370370367 0.10621527777777776
3 0.9055613425925927 0.4980266203703703 0.045902777777777716 0.0902662037037036
2 0.6051331018518519 0.43517939814814816 0.0654745370370371 0.07836805555555557
2 0.6913136574074074 0.4022106481481481 0.052326388888888783 0.06706018518518526
2 0.7296932870370371 0.386255787037037 0.042303240740740655 0.05584490740740744
2 0.3286689814814815 0.42855324074074075 0.07118055555555554 0.09569444444444439
3 0.9545833333333332 0.42092592592592587 0.0361574074074074 0.08373842592592595
3 0.9203414351851851 0.4328587962962963 0.048831018518518475 0.060717592592592594
2 0.8879513888888889 0.3082581018518519 0.05038194444444457 0.03424768518518517
2 0.2821064814814815 0.45098958333333333 0.06841435185185185 0.07533564814814823
3 0.866267361111111 0.7136574074074075 0.06134259259259238 0.08760416666666657
3 0.8712037037037037 0.6698379629629629 0.06557870370370367 0.10644675925925924
3 0.8570023148148149 0.5673148148148147 0.07322916666666686 0.15658564814814824
4 0.7202777777777778 0.2687731481481482 0.0827430555555555 0.05392361111111103
1 0.06262731481481482 0.3381712962962963 0.09579861111111113 0.06366898148148152
1 0.16860532407407408 0.3264525462962963 0.06665509259259257 0.045648148148148146
2 0.8443402777777778 0.30721064814814814 0.02381944444444457 0.03346064814814813
1 0.9178356481481481 0.27773726851851854 0.028043981481481593 0.025787037037037042
4 0.8945949074074073 0.24879050925925927 0.02942129629629626 0.022708333333333285
1 0.9108506944444444 0.38244791666666667 0.07271990740740755 0.04270833333333339
2 0.48937500000000006 0.42769097222222224 0.03781250000000007 0.08534722222222228
2 0.7677719907407408 0.32273726851851847 0.01766203703703706 0.03483796296296297
1 0.8692997685185185 0.29399305555555555 0.018483796296296262 0.02238425925925931