1 0.3417071759259259 0.4143402777777778 0.12369212962962965 0.1149537037037037
4 0.9033969907407406 0.4458506944444444 0.17042824074074048 0.11061342592592602
1 0.12489583333333334 0.37366319444444446 0.11725694444444441 0.10865740740740737
1 0.4996296296296297 0.5436631944444444 0.1465856481481481 0.1494907407407407
2 0.2457638888888889 0.3558043981481481 0.04905092592592588 0.07378472222222224
1 0.17317708333333334 0.4584143518518518 0.16270833333333332 0.11368055555555542
1 0.5385821759259259 0.41579861111111105 0.11145833333333321 0.07112268518518512
4 0.4763483796296296 0.3536053240740741 0.104386574074074 0.0960648148148148
1 0.573125 0.48950810185185184 0.14234953703703698 0.11196759259259252
3 0.21461805555555555 0.615787037037037 0.09001157407407412 0.13813657407407404
1 0.19526041666666666 0.557037037037037 0.23377314814814812 0.19231481481481474
1 0.3801388888888889 0.3567997685185185 0.06871527777777775 0.05206018518518522
3 0.03547164351851852 0.4104976851851852 0.07094328703703703 0.07240740740740748
2 0.14070601851851855 0.262037037037037 0.034062500000000016 0.04243055555555557
1 0.216875 0.27588541666666666 0.05731481481481478 0.036354166666666646
1 0.17343171296296295 0.23883680555555556 0.04021990740740744 0.03935185185185182
2 0.7964988425925925 0.7834143518518518 0.15679398148148138 0.1776851851851852
1 0.22706597222222222 0.3275347222222222 0.07221064814814815 0.0645833333333334
1 0.31895254629629627 0.33837384259259257 0.0767129629629629 0.058368055555555555
1 0.74890625 0.5963020833333333 0.2310185185185185 0.20479166666666657
3 0.06615162037037037 0.3255613425925926 0.04293981481481481 0.0784259259259259
4 0.3248090277777778 0.24620949074074075 0.051296296296296263 0.0441203703703704
1 0.44515625 0.29867476851851854 0.039849537037036954 0.026851851851851904
1 0.25914930555555554 0.2996412037037037 0.05915509259259259 0.04574074074074073
1 0.2170659722222222 0.24306712962962962 0.040127314814814866 0.036226851851851906
1 0.09221643518518519 0.28980902777777773 0.07519675925925924 0.05991898148148156
2 0.802505787037037 0.4224421296296296 0.029097222222222285 0.03302083333333332