1 0.8265625 0.5390625 0.2046875 0.1234375
2 0.34375 0.4828125 0.0609375 0.0890625
1 0.7640625 0.459375 0.1453125 0.0734375
0 0.83125 0.3375 0.2296875 0.078125
1 0.5546875 0.46875 0.1359375 0.0765625
0 0.43125 0.3015625 0.1 0.0421875
1 0.1171875 0.4484375 0.096875 0.0875
0 0.590625 0.31875 0.1421875 0.05625
3 0.1109375 0.3765625 0.01875 0.046875
1 0.171875 0.3609375 0.071875 0.053125
4 0.1546875 0.2828125 0.096875 0.0421875
2 0.240625 0.3859375 0.0296875 0.0484375
1 0.1875 0.5265625 0.146875 0.0890625
1 0.328125 0.3578125 0.071875 0.034375
1 0.6625 0.4203125 0.11875 0.06875
1 0.2421875 0.3546875 0.0453125 0.040625
1 0.2296875 0.6171875 0.1953125 0.1546875
2 0.3859375 0.3828125 0.05 0.028125
2 0.4609375 0.40625 0.0453125 0.0546875
2 0.3015625 0.3859375 0.0390625 0.0484375
1 0.9578125 0.3828125 0.084375 0.04375
2 0.328125 0.39375 0.0375 0.0453125
1 0.1609375 0.325 0.0375 0.0203125
3 0.26875 0.6625 0.078125 0.11875
1 0.390625 0.425 0.121875 0.0609375
1 0.453125 0.378125 0.05 0.028125
3 0.034375 0.50625 0.0453125 0.0640625
3 0.05 0.4125 0.01875 0.0640625
2 0.1109375 0.3328125 0.015625 0.0375
2 0.1859375 0.3203125 0.0171875 0.025
2 0.2015625 0.334375 0.0171875 0.034375
2 0.275 0.34375 0.015625 0.040625
2 0.503125 0.4171875 0.03125 0.04375
1 0.34375 0.340625 0.040625 0.034375
3 0.0328125 0.3875 0.0109375 0.0296875
1 0.075 0.3796875 0.0421875 0.0515625