2 0.510474537037037 0.4648958333333333 0.0787037037037038 0.10210648148148138
1 0.7359837962962963 0.5923958333333333 0.2147569444444443 0.16559027777777774
0 0.2458275462962963 0.5354861111111111 0.4916550925925926 0.3272222222222222
1 0.795949074074074 0.506087962962963 0.16052083333333336 0.11364583333333336
1 0.7670949074074074 0.4144328703703704 0.0965625000000001 0.08505787037037038
1 0.6461689814814815 0.36508101851851854 0.08152777777777764 0.06620370370370372
1 0.7691840277777777 0.29877893518518517 0.05251157407407412 0.0488078703703704
1 0.6758217592592592 0.3207523148148148 0.05614583333333343 0.02853009259259256
2 0.5041087962962963 0.4218634259259259 0.05679398148148138 0.04103009259259256
1 0.7311689814814815 0.3235069444444444 0.054155092592592526 0.050381944444444396
1 0.3116203703703704 0.3508796296296296 0.07373842592592598 0.03646990740740739
1 0.8475810185185185 0.3845486111111111 0.07988425925925924 0.06462962962962963
3 0.9352719907407409 0.47195023148148146 0.0789699074074072 0.07711805555555565
2 0.7168055555555556 0.3593518518518518 0.040740740740740834 0.06277777777777782
2 0.8561342592592591 0.27988425925925925 0.02241898148148138 0.0407754629629629
2 0.8665567129629629 0.30497106481481484 0.02998842592592581 0.03614583333333332
3 0.9124305555555555 0.6562268518518518 0.08915509259259266 0.09281249999999996
3 0.9208796296296295 0.4179166666666667 0.06175925925925938 0.10666666666666665
1 0.8152893518518518 0.31396990740740743 0.045937500000000145 0.04251157407407406
1 0.5258680555555555 0.3790393518518519 0.09246527777777783 0.06628472222222222