0 0.578125 0.30625 0.1640625 0.0828125
1 0.6578125 0.4734375 0.146875 0.0828125
1 0.9296875 0.575 0.1296875 0.14375
0 0.2484375 0.3625 0.15 0.1078125
2 0.696875 0.5640625 0.075 0.1390625
1 0.2328125 0.6109375 0.2109375 0.1546875
1 0.4546875 0.3828125 0.078125 0.040625
1 0.278125 0.4234375 0.0796875 0.075
2 0.409375 0.4109375 0.0359375 0.05
2 0.3515625 0.3984375 0.04375 0.04375
2 0.56875 0.4015625 0.046875 0.0578125
3 0.1578125 0.61875 0.0671875 0.134375
4 0.4203125 0.296875 0.09375 0.0453125
3 0.0515625 0.48125 0.053125 0.1
3 0.065625 0.7046875 0.0875 0.153125
1 0.1859375 0.5203125 0.1421875 0.078125
3 0.2234375 0.7140625 0.071875 0.1328125
1 0.946875 0.36875 0.0984375 0.05
2 0.1 0.3359375 0.0234375 0.0390625
2 0.1390625 0.3421875 0.0296875 0.0296875
1 0.3375 0.3765625 0.046875 0.03125
3 0.1484375 0.4546875 0.0265625 0.040625
1 0.39375 0.359375 0.04375 0.0375
3 0.2 0.396875 0.021875 0.0375
0 0.3421875 0.29375 0.05 0.0359375
4 0.1890625 0.271875 0.0359375 0.0328125
4 0.1328125 0.2609375 0.05 0.0375
4 0.0875 0.2484375 0.0359375 0.0296875
2 0.5140625 0.4171875 0.0390625 0.0734375