0 0.1661747685185185 0.22493055555555558 0.09571759259259256 0.09940972222222229
1 0.20772569444444447 0.30737847222222225 0.08356481481481488 0.06611111111111115
4 0.277025462962963 0.2533333333333333 0.09820601851851851 0.08236111111111111
4 0.4918981481481482 0.36774305555555553 0.183912037037037 0.16416666666666674
3 0.10642361111111112 0.6127604166666666 0.12089120370370372 0.18944444444444458
1 0.21218171296296298 0.54625 0.2171875 0.178125
3 0.30269097222222224 0.5322743055555555 0.07673611111111107 0.1344444444444445
3 0.03956886574074074 0.3976736111111111 0.07913773148148148 0.08940972222222214
3 0.06744791666666666 0.31288194444444445 0.04010416666666668 0.07197916666666666
1 0.10309606481481481 0.28003472222222225 0.08692129629629627 0.07249999999999997
1 0.1691261574074074 0.4621701388888889 0.1425925925925926 0.1436111111111112
1 0.6653935185185185 0.5006597222222222 0.12390046296296298 0.10222222222222221
1 0.8553819444444445 0.8432465277777779 0.1366319444444443 0.15114583333333337
2 0.3875289351851852 0.4178819444444445 0.062268518518518515 0.08076388888888886
1 0.4258101851851852 0.39845486111111106 0.09508101851851851 0.0822222222222222
2 0.286255787037037 0.3844270833333333 0.05596064814814809 0.07892361111111112
2 0.2841724537037037 0.3350347222222222 0.03125 0.04350694444444443
1 0.3507523148148148 0.3544270833333333 0.07557870370370363 0.06107638888888882
1 0.2813657407407407 0.30517361111111113 0.05763888888888893 0.040000000000000036
1 0.3299768518518519 0.3026388888888889 0.0546875 0.04454861111111112
1 0.7837384259259259 0.45348958333333333 0.08159722222222214 0.05510416666666664
2 0.9241319444444445 0.5082465277777779 0.05017361111111107 0.04902777777777771
1 0.5530960648148149 0.5113194444444444 0.13761574074074084 0.13559027777777785
1 0.12644675925925924 0.36793402777777773 0.12476851851851851 0.12565972222222221
1 0.33428819444444446 0.6933159722222222 0.258912037037037 0.20961805555555557
2 0.23093171296296297 0.27241319444444445 0.04184027777777777 0.03461805555555557