1 0.5257291666666667 0.600925925925926 0.18358796296296304 0.18569444444444444
0 0.337037037037037 0.40384259259259264 0.17655092592592592 0.1590856481481481
1 0.7386111111111111 0.4540046296296296 0.1622916666666665 0.09961805555555561
1 0.2414467592592593 0.6061574074074074 0.2214930555555556 0.14692129629629633
2 0.5907638888888889 0.4222800925925926 0.053460648148148236 0.06444444444444457
1 0.12828703703703703 0.3209953703703704 0.035532407407407395 0.03931712962962965
2 0.4686574074074074 0.41537037037037033 0.04688657407407408 0.053460648148148236
1 0.9246643518518518 0.3510416666666667 0.07942129629629661 0.044328703703703634
2 0.5281712962962963 0.41961805555555554 0.04877314814814824 0.06440972222222215
3 0.10575231481481481 0.6681134259259259 0.0683101851851852 0.09111111111111114
2 0.17604166666666665 0.35033564814814816 0.024918981481481507 0.05017361111111107
4 0.27216435185185184 0.2714814814814815 0.07969907407407409 0.05370370370370372
3 0.09809027777777776 0.7259953703703704 0.07667824074074074 0.10991898148148138
1 0.19827546296296297 0.5205208333333333 0.15240740740740738 0.08236111111111111
3 0.05378472222222221 0.4965856481481481 0.07442129629629628 0.08646990740740748
3 0.08612268518518519 0.42758101851851854 0.03484953703703704 0.06899305555555557
1 0.14002314814814815 0.40061342592592586 0.0796064814814815 0.050578703703703806
2 0.09974537037037037 0.3071412037037037 0.01967592592592591 0.03138888888888891
3 0.04358796296296296 0.6271585648148148 0.053101851851851845 0.10505787037037032
2 0.2131712962962963 0.3375578703703704 0.019814814814814775 0.03607638888888891
3 0.3116898148148148 0.7087847222222223 0.08390046296296294 0.14277777777777773
2 0.15055555555555555 0.43960648148148146 0.047673611111111125 0.08002314814814823
1 0.4659837962962963 0.37788194444444445 0.07188657407407409 0.05364583333333339
1 0.8368865740740741 0.34231481481481485 0.06535879629629626 0.04422453703703706
1 0.7100462962962963 0.3338773148148148 0.036817129629629616 0.02995370370370374
1 0.4811805555555555 0.3105671296296296 0.02261574074074062 0.02516203703703699
1 0.5156944444444445 0.315 0.02730324074074062 0.025196759259259238
4 0.11462962962962964 0.28202546296296294 0.052905092592592594 0.04569444444444439
1 0.9691203703703704 0.3616087962962963 0.06175925925925938 0.055219907407407384
1 0.15622685185185187 0.31453703703703706 0.02914351851851853 0.03458333333333332
3 0.19041666666666668 0.3080324074074074 0.010115740740740708 0.02506944444444441
3 0.19855324074074074 0.318912037037037 0.011863425925925953 0.031331018518518494
3 0.22052083333333333 0.321875 0.01655092592592595 0.03136574074074074