1 0.125 0.4125 0.0921875 0.0609375
1 0.678125 0.4515625 0.146875 0.09375
1 0.4484375 0.4125 0.103125 0.0640625
2 0.84375 0.4875 0.071875 0.0984375
1 0.2375 0.6125 0.19375 0.153125
1 0.2984375 0.4078125 0.0671875 0.071875
1 0.184375 0.5390625 0.1515625 0.121875
1 0.221875 0.3265625 0.0421875 0.03125
1 0.29375 0.365625 0.0640625 0.04375
2 0.375 0.375 0.0359375 0.0484375
3 0.2421875 0.6578125 0.1015625 0.140625
1 0.375 0.5 0.1375 0.1125
3 0.053125 0.415625 0.05 0.0796875
2 0.5078125 0.3953125 0.0234375 0.059375
0 0.178125 0.3015625 0.0625 0.05
3 0.040625 0.5046875 0.0734375 0.075
2 0.1734375 0.33125 0.021875 0.0390625
3 0.0625 0.675 0.121875 0.1125
3 0.115625 0.3625 0.0234375 0.028125
2 0.090625 0.3171875 0.0171875 0.0265625
1 0.121875 0.3125 0.040625 0.0390625
1 0.26875 0.340625 0.05 0.0421875
4 0.3796875 0.28125 0.115625 0.071875
2 0.8265625 0.3515625 0.0234375 0.03125