1 0.234375 0.609375 0.2203125 0.15
1 0.3609375 0.41875 0.075 0.0765625
3 0.5546875 0.634375 0.059375 0.1125
1 0.1296875 0.40625 0.0734375 0.053125
3 0.1921875 0.45 0.046875 0.053125
1 0.95625 0.3625 0.08125 0.0484375
0 0.9265625 0.71875 0.134375 0.1234375
3 0.4421875 0.628125 0.053125 0.11875
2 0.1859375 0.35625 0.0328125 0.040625
2 0.89375 0.56875 0.0859375 0.1328125
1 0.1828125 0.5234375 0.15 0.0859375
2 0.2828125 0.38125 0.034375 0.04375
2 0.8 0.509375 0.0984375 0.109375
1 0.1046875 0.3421875 0.05 0.034375
2 0.6171875 0.55 0.065625 0.0859375
1 0.1375 0.309375 0.0328125 0.0234375
1 0.26875 0.3296875 0.0484375 0.0171875
2 0.6265625 0.428125 0.0578125 0.0546875
3 0.0546875 0.4796875 0.03125 0.1015625
2 0.2375 0.3671875 0.028125 0.040625
1 0.1828125 0.3234375 0.046875 0.025
2 0.2859375 0.3484375 0.0359375 0.0296875
1 0.6734375 0.340625 0.0734375 0.025
1 0.340625 0.3625 0.0671875 0.0359375
2 0.153125 0.334375 0.025 0.0328125
1 0.221875 0.3390625 0.0515625 0.021875
3 0.465625 0.759375 0.0765625 0.0453125
3 0.078125 0.709375 0.0625 0.059375
3 0.0765625 0.6671875 0.0609375 0.075
1 0.7734375 0.3546875 0.0765625 0.0296875
1 0.2359375 0.31875 0.0375 0.0171875
2 0.809375 0.7 0.1171875 0.1640625
3 0.0546875 0.3875 0.015625 0.0171875
3 0.08125 0.478125 0.028125 0.09375
1 0.4609375 0.40625 0.084375 0.0671875
1 0.5765625 0.3234375 0.03125 0.021875
2 0.5984375 0.33125 0.0125 0.0171875
2 0.5296875 0.325 0.0125 0.0203125
1 0.4859375 0.321875 0.04375 0.021875
1 0.4421875 0.315625 0.0296875 0.0171875
1 0.3953125 0.3078125 0.03125 0.0171875
2 0.15 0.309375 0.0109375 0.01875
2 0.1765625 0.30625 0.009375 0.0109375
2 0.19375 0.30625 0.009375 0.009375
1 0.1609375 0.3 0.01875 0.01875
1 0.14375 0.29375 0.0171875 0.0109375
2 0.0921875 0.309375 0.009375 0.025
2 0.1 0.3046875 0.0078125 0.0234375
1 0.109375 0.2984375 0.0125 0.0203125
1 0.11875 0.3015625 0.0109375 0.0171875
1 0.0890625 0.2890625 0.015625 0.0140625
2 0.1 0.2890625 0.0046875 0.00625
1 0.0703125 0.34375 0.021875 0.03125
1 0.084375 0.38125 0.04375 0.0328125
2 0.865625 0.484375 0.040625 0.0984375
2 0.946875 0.3703125 0.025 0.0359375
1 0.8296875 0.35 0.05625 0.040625