1 0.175 0.534375 0.1453125 0.0953125
4 0.83125 0.540625 0.165625 0.14375
1 0.2421875 0.6109375 0.1875 0.1453125
1 0.253125 0.384375 0.059375 0.0609375
1 0.1640625 0.3609375 0.0453125 0.053125
1 0.5046875 0.3234375 0.0484375 0.0234375
4 0.290625 0.275 0.0859375 0.05625
0 0.5546875 0.546875 0.4234375 0.3703125
1 0.153125 0.3203125 0.0359375 0.0265625
4 0.3140625 0.290625 0.0421875 0.025
1 0.2390625 0.3265625 0.0375 0.0203125
2 0.35625 0.35625 0.0234375 0.028125
2 0.096875 0.3234375 0.0625 0.0546875
1 0.13125 0.29375 0.028125 0.0203125
1 0.0890625 0.3 0.034375 0.0125
3 0.0359375 0.4984375 0.071875 0.084375
1 0.153125 0.3 0.0265625 0.015625
3 0.209375 0.5171875 0.05 0.0390625
1 0.11875 0.4484375 0.0890625 0.071875
3 0.0421875 0.4015625 0.0375 0.078125
2 0.2921875 0.3609375 0.025 0.05
4 0.7203125 0.384375 0.3234375 0.1625