1 0.5319618055555555 0.5434895833333334 0.23831018518518512 0.18708333333333335
1 0.21741898148148148 0.6119270833333333 0.21871527777777774 0.1453125
1 0.0816261574074074 0.5003645833333333 0.12467592592592591 0.10791666666666658
0 0.6750983796296296 0.25536458333333334 0.17412037037037037 0.10187499999999998
1 0.15967592592592594 0.5620833333333334 0.17072916666666665 0.1234375
0 0.26116319444444447 0.41213541666666664 0.24715277777777783 0.23125
4 0.8876099537037037 0.4248437500000001 0.17755787037037046 0.18614583333333332
3 0.1622800925925926 0.49187499999999995 0.05480324074074074 0.05812500000000007
1 0.9365393518518518 0.24260416666666665 0.0499305555555555 0.0546875
1 0.42390625000000004 0.37093750000000003 0.10057870370370363 0.06895833333333332
3 0.22932870370370367 0.69984375 0.08736111111111118 0.10854166666666672
3 0.024169560185185186 0.5777083333333334 0.04833912037037037 0.08177083333333321
2 0.502800925925926 0.39213541666666674 0.051134259259259275 0.075
2 0.08658564814814815 0.40354166666666663 0.02749999999999999 0.04385416666666675
2 0.16815393518518518 0.40588541666666667 0.032650462962962964 0.051979166666666646
2 0.10889467592592592 0.3553645833333333 0.01729166666666666 0.029166666666666695
2 0.13770833333333332 0.355 0.015729166666666662 0.029062500000000036
2 0.06642939814814815 0.3628645833333334 0.03181712962962964 0.03791666666666664