1 0.30703125 0.5278298611111112 0.234375 0.16059027777777785
1 0.5046875 0.3660185185185186 0.0984375 0.07229166666666664
1 0.07578125 0.4726331018518518 0.1515625 0.13598379629629634
1 0.88125 0.4457118055555556 0.109375 0.10254629629629619
3 0.915625 0.6861168981481482 0.0765625 0.10865740740740755
1 0.64765625 0.37344907407407407 0.0890625 0.0624305555555555
1 0.909375 0.31222222222222223 0.040625 0.03960648148148147
2 0.8640625 0.3130092592592592 0.03125 0.04224537037037042
1 0.8140625 0.5156018518518518 0.1625 0.11155092592592589
1 0.48359375 0.2858622685185185 0.0921875 0.05790509259259258
3 0.95703125 0.5128761574074074 0.06875 0.0676273148148148
3 0.721875 0.6539756944444445 0.0796875 0.13225694444444436
1 0.73984375 0.5983564814814815 0.196875 0.16177083333333328
3 0.96015625 0.4056828703703704 0.0375 0.0706944444444444
4 0.55390625 0.28377893518518515 0.046875 0.04774305555555554
4 0.70390625 0.2744386574074074 0.040625 0.03023148148148147
4 0.75234375 0.2719270833333333 0.0375 0.03475694444444448
0 0.8984375 0.2768518518518518 0.0421875 0.03656249999999996
4 0.93046875 0.2580034722222222 0.040625 0.02866898148148156