1 0.878125 0.596875 0.24375 0.153125
1 0.4125 0.4984375 0.1125 0.1140625
4 0.6390625 0.35625 0.2640625 0.178125
1 0.1171875 0.45 0.1078125 0.0921875
1 0.3046875 0.378125 0.0703125 0.0578125
1 0.5 0.703125 0.2203125 0.153125
2 0.515625 0.45625 0.0515625 0.0765625
1 0.18125 0.525 0.1515625 0.0859375
1 0.240625 0.609375 0.19375 0.146875
2 0.6890625 0.465625 0.071875 0.084375
4 0.20625 0.290625 0.109375 0.059375
1 0.359375 0.434375 0.0875 0.078125
2 0.6125 0.4578125 0.059375 0.0828125
2 0.2484375 0.409375 0.040625 0.0625
1 0.3015625 0.3375 0.059375 0.0265625
3 0.0515625 0.4140625 0.0375 0.0703125
1 0.1734375 0.3375 0.0453125 0.0515625
3 0.259375 0.6671875 0.05625 0.11875
2 0.4046875 0.38125 0.05625 0.0390625
3 0.034375 0.5 0.0578125 0.075
2 0.2453125 0.359375 0.0359375 0.0421875
2 0.1203125 0.340625 0.0296875 0.0421875
2 0.59375 0.55 0.078125 0.1921875
4 0.4375 0.3046875 0.0484375 0.0453125
0 0.8109375 0.321875 0.084375 0.096875
2 0.915625 0.3609375 0.0390625 0.0453125
2 0.0828125 0.3328125 0.021875 0.0328125
1 0.09375 0.309375 0.034375 0.021875
1 0.2203125 0.3296875 0.046875 0.034375
1 0.0875 0.2890625 0.01875 0.015625
1 0.1234375 0.29375 0.021875 0.01875
4 0.2734375 0.2890625 0.021875 0.0265625
2 0.1375 0.371875 0.021875 0.053125
3 0.0890625 0.384375 0.0265625 0.0359375
2 0.340625 0.3484375 0.01875 0.0421875