1 0.41484375 0.5341145833333334 0.1578125 0.12459490740740727
3 0.25234375 0.6835648148148149 0.0640625 0.16018518518518512
4 0.88515625 0.3945023148148148 0.2234375 0.24733796296296298
1 0.2484375 0.6084201388888889 0.1796875 0.10196759259259273
1 0.534375 0.4486979166666667 0.109375 0.09936342592592595
1 0.79375 0.563773148148148 0.2328125 0.16174768518518512
1 0.18359375 0.5552372685185185 0.1515625 0.10873842592592595
1 0.11484375 0.48081597222222217 0.1109375 0.09942129629629619
0 0.246875 0.40445601851851853 0.1578125 0.15271990740740743
2 0.1453125 0.3858506944444445 0.0375 0.06076388888888893
1 0.3390625 0.3875578703703703 0.0375 0.04513888888888893
2 0.0765625 0.36299189814814814 0.0171875 0.04126157407407405
3 0.04375 0.4461516203703704 0.0234375 0.06805555555555572
1 0.0640625 0.40784143518518523 0.0421875 0.046875
2 0.08828125 0.32983217592592595 0.0140625 0.02083333333333339
2 0.11640625 0.33087384259259256 0.0140625 0.023958333333333394
2 0.14140625 0.3325810185185185 0.009375 0.022222222222222233
3 0.20234375 0.488744212962963 0.040625 0.04525462962962958
3 0.0421875 0.53828125 0.065625 0.08055555555555553
0 0.76875 0.3401909722222222 0.1140625 0.08234953703703703