1 0.8084895833333334 0.7264062499999999 0.2867708333333333 0.21822916666666678
1 0.4767708333333333 0.440625 0.12177083333333343 0.09989583333333325
2 0.32328125 0.40057291666666667 0.05427083333333336 0.06739583333333332
1 0.15187499999999998 0.4997916666666667 0.15583333333333335 0.12083333333333339
1 0.24171874999999998 0.3763020833333333 0.07541666666666665 0.08125
1 0.17921875 0.5840104166666666 0.20812500000000003 0.18187499999999995
2 0.62734375 0.5361979166666666 0.08958333333333339 0.10708333333333328
1 0.8603645833333333 0.47796874999999994 0.11864583333333342 0.05302083333333343
2 0.5567708333333334 0.5471874999999999 0.08520833333333329 0.1114583333333334
1 0.09911458333333333 0.40838541666666667 0.11781249999999999 0.11052083333333336
3 0.02755208333333333 0.44666666666666666 0.05510416666666666 0.08479166666666664
1 0.17864583333333334 0.3336458333333333 0.06812499999999999 0.06520833333333335
1 0.6057291666666667 0.38958333333333334 0.09156249999999985 0.04343750000000002
1 0.95484375 0.50859375 0.034479166666666575 0.05052083333333339
2 0.08734375 0.2906770833333333 0.025520833333333326 0.0328125
1 0.05770833333333333 0.3232291666666667 0.08479166666666667 0.058541666666666714
1 0.13625 0.32218749999999996 0.0484375 0.04989583333333334
1 0.43062500000000004 0.39125 0.06739583333333332 0.05427083333333336
1 0.178125 0.28260416666666666 0.04104166666666664 0.03229166666666661
2 0.6173437500000001 0.6861979166666666 0.12989583333333332 0.17510416666666656
2 0.4007291666666667 0.4041666666666667 0.04770833333333328 0.062291666666666676
2 0.23442708333333337 0.27380208333333333 0.04770833333333328 0.03895833333333334
2 0.118125 0.24093749999999997 0.056770833333333305 0.03489583333333339
3 0.04026041666666667 0.36130208333333336 0.036250000000000004 0.07708333333333339
2 0.47489583333333335 0.6453125 0.11072916666666668 0.16760416666666664
2 0.4602083333333333 0.5242708333333332 0.05906249999999993 0.11593750000000007
2 0.1421875 0.28020833333333334 0.022395833333333347 0.03260416666666668
1 0.11359375000000001 0.2853645833333333 0.04291666666666667 0.03708333333333336
1 0.24984375 0.32505208333333335 0.059791666666666646 0.03354166666666662
1 0.23010416666666664 0.30333333333333334 0.05343750000000007 0.03156249999999998
3 0.033125 0.3270833333333333 0.01947916666666667 0.035520833333333356
3 0.19557291666666665 0.6447395833333334 0.07312500000000002 0.14020833333333335