1 0.2972916666666667 0.6417650462962963 0.2304976851851852 0.1735069444444445
1 0.2212037037037037 0.570138888888889 0.16116898148148148 0.11052083333333336
0 0.6661342592592593 0.5406365740740741 0.521412037037037 0.41774305555555546
2 0.2199363425925926 0.4037962962962963 0.027129629629629635 0.036122685185185154
1 0.1892361111111111 0.39966435185185184 0.04818287037037035 0.04877314814814824
1 0.13629050925925926 0.3891203703703704 0.055624999999999994 0.04258101851851857
1 0.24762152777777774 0.4492939814814815 0.09387731481481473 0.08190972222222222
2 0.31102430555555555 0.4122800925925926 0.03311342592592599 0.05803240740740741
1 0.13811921296296298 0.36726851851851855 0.030891203703703685 0.020532407407407405
3 0.12910300925925927 0.5577430555555555 0.05123842592592594 0.10033564814814824
0 0.8735879629629629 0.48609953703703707 0.2528240740740742 0.42386574074074074
1 0.07184027777777777 0.3425694444444444 0.019861111111111107 0.01888888888888891
3 0.22388310185185184 0.4967534722222222 0.051863425925925896 0.05817129629629623
1 0.18834490740740742 0.35826967592592596 0.036226851851851816 0.03150462962962965
1 0.24253472222222222 0.3766319444444445 0.030347222222222213 0.03770833333333332
1 0.5875925925925927 0.32218171296296294 0.10056712962962955 0.036666666666666715
3 0.32673611111111106 0.7169502314814815 0.0743981481481482 0.09582175925925931
3 0.14530671296296296 0.7257581018518519 0.08230324074074073 0.09744212962962955
3 0.1516435185185185 0.5032465277777778 0.04424768518518518 0.08778935185185191
3 0.18551504629629628 0.5081828703703704 0.036967592592592566 0.04400462962962966
3 0.08778356481481481 0.5457233796296297 0.05354166666666667 0.11284722222222214
3 0.08637152777777778 0.4691840277777778 0.06408564814814814 0.053576388888888896
1 0.15052083333333335 0.45794560185185185 0.08026620370370371 0.06306712962962954
1 0.07991319444444445 0.4129108796296296 0.03880787037037039 0.048703703703703735
2 0.28652777777777777 0.40741319444444446 0.029803240740740745 0.05488425925925924
1 0.32967013888888885 0.38430555555555557 0.03936342592592599 0.058078703703703646
1 0.27994212962962967 0.3753472222222222 0.038981481481481416 0.025277777777777823
1 0.22006365740740744 0.3795891203703704 0.040729166666666664 0.028414351851851906
2 0.16964699074074074 0.3721875 0.01664351851851853 0.017303240740740744
1 0.10888888888888888 0.36158564814814814 0.03126157407407408 0.026782407407407404
2 0.08241898148148148 0.3629513888888889 0.017106481481481483 0.025115740740740744
4 0.08677083333333332 0.3309664351851852 0.027766203703703685 0.020509259259259238
4 0.15373263888888888 0.3408333333333333 0.03990740740740741 0.04090277777777782
2 0.15921296296296297 0.3674247685185185 0.012048611111111107 0.018831018518518584
2 0.12630208333333331 0.35234375 0.01020833333333333 0.01413194444444441
1 0.2199016203703704 0.3241435185185185 0.01967592592592595 0.01576388888888882
1 0.24651041666666665 0.3251215277777778 0.014895833333333285 0.01416666666666666
2 0.25901041666666663 0.32521412037037034 0.008831018518518441 0.017245370370370418
2 0.27394675925925926 0.32688657407407407 0.010486111111111108 0.0188194444444445
4 0.29784143518518513 0.3215972222222222 0.03778935185185191 0.03151620370370374
4 0.42932291666666667 0.32647569444444446 0.015081018518518619 0.01729166666666675
4 0.48242476851851845 0.37918981481481484 0.029699074074073906 0.02677083333333332
4 0.7943402777777777 0.3057523148148148 0.08512731481481488 0.03967592592592588