1 0.3859375 0.3953125 0.0859375 0.071875
1 0.5265625 0.43125 0.1203125 0.0765625
1 0.2421875 0.6125 0.19375 0.1546875
1 0.178125 0.5375 0.153125 0.1125
0 0.309375 0.328125 0.0875 0.0609375
3 0.0515625 0.415625 0.025 0.0765625
1 0.784375 0.559375 0.2546875 0.165625
1 0.275 0.3921875 0.059375 0.0703125
4 0.15625 0.3078125 0.05625 0.0515625
2 0.175 0.3546875 0.059375 0.05625
2 0.9484375 0.5515625 0.0765625 0.13125
2 0.190625 0.3546875 0.028125 0.053125
3 0.275 0.65625 0.103125 0.14375
1 0.6140625 0.415625 0.103125 0.0734375
3 0.065625 0.671875 0.1171875 0.10625
3 0.0375 0.5015625 0.0609375 0.0859375
1 0.059375 0.38125 0.08125 0.0640625
1 0.2109375 0.3328125 0.0390625 0.034375
1 0.2390625 0.328125 0.0375 0.034375
4 0.1359375 0.271875 0.0578125 0.0484375
4 0.096875 0.265625 0.0390625 0.0453125
2 0.084375 0.3109375 0.0109375 0.0328125
2 0.1125 0.3171875 0.0109375 0.0296875
2 0.13125 0.3390625 0.0171875 0.0390625
2 0.3625 0.46875 0.0484375 0.0921875
2 0.321875 0.434375 0.034375 0.0765625
2 0.2890625 0.4109375 0.028125 0.0765625
2 0.9265625 0.371875 0.034375 0.034375
0 0.190625 0.2734375 0.0296875 0.028125
1 0.7859375 0.4421875 0.1390625 0.0484375