1 0.8802083333333333 0.4375 0.19166666666666643 0.15625
1 0.1615625 0.5765625 0.1421875 0.09375
1 0.22104166666666666 0.65703125 0.2328125 0.1875
0 0.8158854166666666 0.25390625 0.27802083333333344 0.1859375
3 0.09401041666666668 0.65234375 0.0946875 0.1546875
2 0.23348958333333333 0.41171875 0.03604166666666666 0.0484375
2 0.2749479166666667 0.4109375 0.07354166666666666 0.071875
2 0.5704166666666667 0.4671875 0.0916666666666666 0.109375
3 0.14713541666666669 0.51171875 0.039999999999999994 0.0609375
0 0.15630208333333334 0.409375 0.1260416666666667 0.109375
1 0.5242708333333332 0.6671875 0.2585416666666667 0.2453125
3 0.2260416666666667 0.74609375 0.07437500000000004 0.1078125
3 0.06885416666666666 0.76015625 0.11416666666666667 0.11875
3 0.09255208333333334 0.83828125 0.04416666666666669 0.053125
3 0.14869791666666668 0.48828125 0.08208333333333333 0.0828125
1 0.19317708333333333 0.4421875 0.06770833333333334 0.078125
3 0.01015625 0.57734375 0.0203125 0.1234375
3 0.025651041666666662 0.578125 0.051302083333333325 0.1171875
3 0.04666666666666667 0.565625 0.055208333333333325 0.1015625
3 0.11208333333333334 0.53359375 0.03104166666666668 0.04375
3 0.088125 0.56484375 0.034062499999999996 0.0421875
3 0.012578125 0.5 0.02515625 0.04375
2 0.03453125 0.4078125 0.022395833333333327 0.03125
2 0.008255208333333333 0.4125 0.016510416666666666 0.03125
1 0.06380208333333334 0.390625 0.025312500000000005 0.028125
1 0.2338541666666667 0.39453125 0.054895833333333324 0.05
1 0.088125 0.3890625 0.03354166666666665 0.034375
1 0.22177083333333333 0.3765625 0.0359375 0.0234375
1 0.38916666666666666 0.396875 0.08093749999999993 0.065625
1 0.49052083333333335 0.41171875 0.1067708333333334 0.078125
2 0.34734375 0.43828125 0.048958333333333395 0.078125
2 0.41520833333333335 0.4984375 0.0807291666666666 0.109375
4 0.5011458333333334 0.29921875 0.14979166666666668 0.090625
0 0.34177083333333336 0.32265625 0.06916666666666664 0.053125
0 0.24421875 0.3328125 0.051145833333333356 0.040625
4 0.16723958333333333 0.3390625 0.052604166666666695 0.0390625
4 0.09619791666666666 0.33828125 0.04833333333333334 0.0453125