1 0.16867476851851854 0.4755208333333333 0.25105324074074076 0.18576388888888892
0 0.5924016203703704 0.5107349537037037 0.34175925925925926 0.3
1 0.7425578703703704 0.6849537037037037 0.2183101851851852 0.18923611111111108
2 0.41215277777777776 0.518894675925926 0.08002314814814823 0.1310185185185185
1 0.8133333333333332 0.6133969907407407 0.15938657407407392 0.11209490740740743
2 0.8658796296296296 0.47089120370370363 0.04619212962962962 0.06105324074074083
1 0.8592824074074074 0.44722222222222224 0.05857638888888914 0.05370370370370363
2 0.8190219907407407 0.4176215277777778 0.04901620370370381 0.04085648148148149
1 0.7925694444444444 0.3713541666666667 0.03621527777777782 0.020081018518518512
1 0.9311921296296297 0.45222800925925927 0.05538194444444429 0.04890046296296298
1 0.9080844907407407 0.4209201388888889 0.030034722222222143 0.024537037037037024
1 0.863460648148148 0.4130208333333333 0.05053240740740748 0.03778935185185191
4 0.8691550925925926 0.3757523148148148 0.031597222222222145 0.02459490740740744
1 0.8929918981481482 0.5616898148148148 0.11253472222222242 0.11192129629629619
1 0.9385300925925926 0.42048611111111106 0.03474537037037066 0.026273148148148094
1 0.8984895833333333 0.4057291666666667 0.023668981481481666 0.016493055555555535
4 0.6255671296296297 0.37766203703703705 0.16412037037037042 0.1153935185185185
1 0.5113599537037038 0.7326099537037037 0.1728587962962962 0.17818287037037042
3 0.8795891203703704 0.711111111111111 0.09298611111111121 0.1627314814814813
3 0.9689178240740741 0.6294560185185185 0.06216435185185176 0.0900462962962962
3 0.9698321759259259 0.5467303240740741 0.06033564814814838 0.09936342592592595
2 0.7741840277777777 0.44797453703703705 0.09626157407407412 0.06759259259259257
1 0.11677083333333334 0.2924479166666667 0.14348379629629632 0.09276620370370363
1 0.3771585648148148 0.3177083333333333 0.0835532407407407 0.05306712962962958
2 0.2621875 0.30486111111111114 0.030266203703703632 0.040162037037037024
1 0.22306712962962966 0.29950810185185184 0.0631712962962963 0.04762731481481479
2 0.46175347222222224 0.3356770833333333 0.01895833333333332 0.014756944444444465