1 0.4453125 0.41875 0.109375 0.0625
4 0.6515625 0.35625 0.3 0.209375
1 0.9296875 0.7109375 0.128125 0.140625
1 0.3421875 0.3765625 0.0609375 0.0578125
2 0.6890625 0.521875 0.090625 0.1015625
1 0.1875 0.525 0.15625 0.0890625
1 0.2765625 0.371875 0.0609375 0.0546875
2 0.371875 0.4546875 0.0546875 0.078125
3 0.05 0.4140625 0.0359375 0.0703125
1 0.9125 0.3703125 0.140625 0.046875
1 0.23125 0.6140625 0.2171875 0.15625
1 0.3203125 0.346875 0.0546875 0.03125
1 0.228125 0.3421875 0.0453125 0.0359375
3 0.0390625 0.5015625 0.0578125 0.071875
3 0.0640625 0.6921875 0.065625 0.0859375
3 0.2609375 0.6640625 0.0671875 0.1265625
4 0.184375 0.3734375 0.0625 0.0828125
2 0.7671875 0.715625 0.125 0.1296875
2 0.3828125 0.3765625 0.015625 0.0484375
1 0.084375 0.3859375 0.0234375 0.05625
1 0.103125 0.353125 0.034375 0.0484375
2 0.121875 0.334375 0.0109375 0.0375
1 0.1421875 0.3203125 0.0328125 0.040625
4 0.14375 0.2875 0.0484375 0.0484375
2 0.98125 0.365625 0.0265625 0.0421875