2 0.1344386574074074 0.43515625 0.03461805555555557 0.06336805555555554
1 0.1443287037037037 0.39076967592592593 0.04343750000000002 0.0453125
1 0.09759837962962963 0.468287037037037 0.08811342592592593 0.07980324074074083
1 0.24153935185185188 0.6353587962962963 0.22398148148148148 0.19276620370370381
1 0.17181712962962964 0.5680266203703704 0.15820601851851857 0.1302083333333332
1 0.5242650462962963 0.38055555555555554 0.10310185185185183 0.11209490740740743
4 0.6253993055555556 0.22962962962962963 0.2910300925925927 0.19305555555555554
1 0.20280092592592594 0.41684027777777777 0.0738194444444444 0.07094907407407405
0 0.8649305555555555 0.48550347222222223 0.24810185185185177 0.3754050925925926
1 0.8472511574074074 0.21397569444444442 0.044629629629629616 0.032928240740740744
1 0.4920717592592593 0.28315972222222224 0.02436342592592595 0.03298611111111107
1 0.36502893518518514 0.3876736111111111 0.08659722222222221 0.08125
1 0.09407986111111111 0.3765625 0.041597222222222244 0.035821759259259255
3 0.036348379629629626 0.49311342592592594 0.07269675925925925 0.10520833333333321
3 0.2773900462962963 0.7145543981481481 0.100162037037037 0.11811342592592596
1 0.4215740740740741 0.29461805555555554 0.04127314814814813 0.024884259259259255
1 0.2357175925925926 0.358275462962963 0.055891203703703686 0.04467592592592595
2 0.24614583333333334 0.3746527777777778 0.03714120370370368 0.04328703703703703
3 0.03104166666666667 0.5772858796296296 0.06208333333333334 0.08333333333333322
3 0.09404513888888891 0.7460648148148149 0.06495370370370371 0.08744212962962976
4 0.3411053240740741 0.3005787037037037 0.04155092592592595 0.03425925925925934
1 0.05318287037037037 0.36244212962962963 0.02891203703703704 0.028645833333333304
0 0.04994791666666667 0.3400752314814815 0.04136574074074073 0.028009259259259255
2 0.11935763888888888 0.3653356481481481 0.014849537037037041 0.027604166666666697
2 0.17645833333333333 0.35876736111111107 0.018159722222222195 0.034085648148148094
1 0.1636111111111111 0.371412037037037 0.02601851851851853 0.036226851851851906
1 0.09479745370370371 0.35234375 0.028726851851851844 0.022395833333333302
2 0.07174768518518518 0.3673032407407407 0.01953703703703704 0.02795138888888893
2 0.47424768518518523 0.35853587962962963 0.03149305555555557 0.06313657407407405