1 0.7704861111111111 0.5964583333333333 0.25902777777777786 0.21833333333333335
1 0.32563657407407404 0.7234375 0.23501157407407405 0.24322916666666677
1 0.697511574074074 0.38875000000000004 0.09010416666666679 0.07614583333333336
2 0.1909722222222222 0.6165625 0.09971064814814815 0.12510416666666657
2 0.12719907407407408 0.7313541666666665 0.1571759259259259 0.1616666666666667
1 0.5594618055555556 0.47901041666666666 0.128125 0.13479166666666664
1 0.47326388888888893 0.41687499999999994 0.07418981481481488 0.06729166666666657
1 0.5509837962962962 0.6233333333333333 0.18038194444444447 0.19906249999999998
2 0.4297164351851851 0.5142187500000001 0.07887731481481489 0.10968750000000008
1 0.7648726851851853 0.34625 0.03032407407407405 0.061249999999999985
1 0.7394675925925925 0.35552083333333334 0.06469907407407405 0.06354166666666669
1 0.8211516203703704 0.32807291666666666 0.07690972222222214 0.05656249999999998
1 0.5908275462962964 0.39338541666666665 0.07731481481481488 0.06750000000000007
1 0.38423032407407404 0.49473958333333334 0.11579861111111107 0.09656249999999993
2 0.2969039351851852 0.54765625 0.08524305555555553 0.11322916666666671
2 0.6291377314814814 0.3740104166666667 0.03651620370370381 0.060104166666666715
1 0.6072337962962963 0.3521875 0.05428240740740744 0.034791666666666644
3 0.9358217592592591 0.6576041666666667 0.08773148148148166 0.09625000000000003
2 0.48706597222222225 0.5305729166666666 0.050289351851851904 0.05322916666666675
2 0.5328993055555555 0.4138020833333334 0.053298611111111074 0.05031250000000007
2 0.6848090277777777 0.35109375 0.030787037037037022 0.03166666666666664
1 0.7936631944444444 0.4993229166666667 0.16359953703703703 0.12468749999999992
1 0.8271412037037038 0.3778125 0.09473379629629619 0.07489583333333324
3 0.9338831018518519 0.4561979166666667 0.0796875 0.08947916666666664
1 0.6747395833333334 0.3480729166666666 0.06892361111111107 0.05135416666666668
2 0.6534143518518519 0.37406249999999996 0.0393518518518519 0.05250000000000003
1 0.688425925925926 0.316875 0.04814814814814809 0.0375
1 0.5623553240740741 0.37973958333333335 0.0625 0.046249999999999944
3 0.915769675925926 0.6069270833333333 0.05815972222222214 0.055312499999999966
2 0.665943287037037 0.45869791666666665 0.06475694444444446 0.10718750000000003
2 0.6345775462962964 0.43859375 0.043171296296296194 0.07145833333333336
2 0.09146412037037036 0.6600520833333333 0.06805555555555556 0.06999999999999992
3 0.8948784722222222 0.36744791666666665 0.047627314814814525 0.06552083333333333
2 0.2341724537037037 0.5497395833333333 0.08049768518518512 0.11135416666666664
4 0.1464699074074074 0.5493750000000001 0.12980324074074073 0.1380208333333332
3 0.6192708333333334 0.7672916666666666 0.07760416666666678 0.07531250000000007
2 0.8214409722222223 0.40484375000000006 0.05798611111111107 0.09270833333333321
2 0.5425925925925925 0.3635416666666667 0.017824074074074048 0.018333333333333358
2 0.5866030092592592 0.35942708333333334 0.021180555555555536 0.024791666666666677
1 0.7304108796296296 0.30401041666666667 0.019618055555555715 0.02468750000000002
2 0.7436342592592593 0.30645833333333333 0.018113425925925953 0.026145833333333358
1 0.7967592592592593 0.30999999999999994 0.03865740740740744 0.03375000000000004
1 0.8187789351851851 0.28640625000000003 0.018171296296296192 0.027708333333333356
1 0.7698784722222223 0.29567708333333337 0.029398148148148097 0.036250000000000074
4 0.6688078703703704 0.275625 0.05335648148148149 0.051874999999999984
1 0.8594618055555555 0.26640625 0.027662037037037023 0.031458333333333324
2 0.8352430555555556 0.26479166666666665 0.021354166666666785 0.029479166666666678
1 0.8087384259259259 0.2614583333333333 0.02748842592592595 0.02677083333333332
1 0.7982060185185185 0.29208333333333336 0.03379629629629619 0.028749999999999963
2 0.792795138888889 0.2690104166666667 0.016319444444444286 0.019791666666666607
1 0.7833912037037036 0.26916666666666667 0.01637731481481488 0.021354166666666608
4 0.8326099537037038 0.23015625 0.04866898148148167 0.0515625
1 0.42890625 0.3669270833333333 0.03541666666666661 0.030416666666666713
1 0.3167824074074074 0.3915625 0.05277777777777777 0.036249999999999984
4 0.32743055555555556 0.46354166666666663 0.11631944444444446 0.11062499999999993
2 0.4330150462962963 0.4463020833333333 0.04103009259259256 0.05572916666666661
2 0.4021412037037037 0.4340625 0.03454861111111107 0.04906249999999997
2 0.22013888888888888 0.4211458333333333 0.03090277777777777 0.034791666666666644
1 0.06009837962962963 0.47078124999999993 0.10086805555555553 0.07218750000000007
1 0.03177083333333333 0.4721875 0.06354166666666666 0.07249999999999997
1 0.14253472222222224 0.44416666666666665 0.09288194444444446 0.06697916666666667