3 0.8926041666666666 0.6590625 0.13812500000000014 0.12944444444444442
3 0.6942708333333334 0.6530902777777777 0.13739583333333344 0.16531249999999992
1 0.7125 0.6026388888888888 0.2369791666666668 0.18468750000000006
3 0.635625 0.5469444444444445 0.0729166666666666 0.11083333333333342
2 0.5434895833333334 0.5793229166666667 0.07822916666666657 0.1671180555555555
1 0.2457291666666667 0.4921180555555555 0.2267708333333333 0.148576388888889
1 0.044375 0.6083680555555555 0.08875 0.2698611111111111
2 0.4838020833333333 0.46532986111111113 0.07843750000000008 0.10003472222222207
2 0.5325 0.41555555555555557 0.051979166666666646 0.07760416666666661
2 0.50890625 0.4291145833333333 0.05687499999999997 0.08083333333333335
1 0.7803645833333333 0.5352951388888888 0.19718750000000007 0.14947916666666677
1 0.6384375 0.43434027777777773 0.12052083333333333 0.09940972222222229
1 0.6089583333333334 0.371875 0.0984375 0.0723958333333334
1 0.686875 0.3884722222222222 0.06854166666666668 0.06861111111111118
3 0.9192708333333334 0.48204861111111114 0.07541666666666665 0.10152777777777774
3 0.9309895833333333 0.49404513888888885 0.08072916666666644 0.08760416666666657
3 0.9142187500000001 0.4052604166666667 0.0421875 0.07114583333333328
3 0.8938020833333333 0.4063715277777778 0.053125 0.07138888888888886
1 0.7986979166666667 0.4363368055555556 0.13291666666666674 0.09812499999999993
1 0.9076562500000002 0.3746006944444445 0.08302083333333314 0.07517361111111107
1 0.7759895833333333 0.33098958333333334 0.04854166666666657 0.049444444444444444
2 0.7367708333333333 0.3324652777777778 0.02437499999999986 0.037986111111111144
2 0.7233333333333333 0.34625 0.028229166666666573 0.048993055555555554
1 0.9136458333333334 0.3199652777777778 0.056458333333333145 0.051180555555555604
2 0.8605208333333334 0.31878472222222226 0.029270833333333357 0.04121527777777771
1 0.8859375 0.28961805555555553 0.030208333333333216 0.031874999999999966
1 0.8152604166666666 0.29352430555555553 0.036354166666666646 0.030451388888888875
2 0.8261458333333334 0.29454861111111114 0.026770833333333143 0.027118055555555555
1 0.7058854166666666 0.3263020833333333 0.044479166666666715 0.05871527777777778
1 0.6713020833333333 0.34039930555555553 0.05812500000000007 0.05277777777777777
1 0.058854166666666666 0.3729513888888889 0.09333333333333334 0.08944444444444448
1 0.5568229166666667 0.30890625 0.05999999999999996 0.03409722222222218
2 0.5335416666666667 0.3177777777777778 0.033645833333333285 0.013229166666666714
2 0.49859375000000006 0.3256076388888889 0.021770833333333427 0.022326388888888892
4 0.615 0.2929861111111111 0.06583333333333333 0.05138888888888893
4 0.7897916666666667 0.26479166666666665 0.03822916666666672 0.03517361111111113
1 0.32078125 0.3521701388888889 0.05 0.024513888888888856
2 0.29552083333333334 0.35552083333333334 0.035520833333333356 0.017951388888888874
4 0.7086979166666667 0.2841145833333333 0.03312500000000007 0.028819444444444463
2 0.7059375 0.29031250000000003 0.013333333333333286 0.012777777777777822
1 0.7634895833333333 0.27203125 0.01708333333333343 0.022222222222222233
2 0.7475520833333333 0.2763715277777778 0.0171875 0.023784722222222145
4 0.8430208333333333 0.2526736111111111 0.03135416666666657 0.025659722222222216