4 0.934375 0.503125 0.13125 0.125
1 0.5875 0.4234375 0.109375 0.0671875
1 0.3859375 0.3859375 0.075 0.0484375
3 0.25625 0.678125 0.065625 0.128125
0 0.2484375 0.3140625 0.0765625 0.0546875
1 0.4765625 0.4328125 0.1296875 0.0953125
2 0.71875 0.703125 0.1109375 0.15
1 0.2953125 0.3625 0.0609375 0.0546875
4 0.128125 0.3015625 0.0484375 0.04375
1 0.4921875 0.3796875 0.0734375 0.034375
1 0.421875 0.365625 0.0625 0.0375
1 0.7234375 0.4953125 0.1734375 0.1
3 0.053125 0.41875 0.0296875 0.0625
4 0.1859375 0.3265625 0.0375 0.028125
1 0.21875 0.58125 0.2296875 0.2109375
2 0.6796875 0.6078125 0.109375 0.13125
3 0.0359375 0.496875 0.071875 0.0984375
1 0.9328125 0.3671875 0.1 0.04375
3 0.0609375 0.71875 0.0875 0.121875
1 0.1859375 0.53125 0.153125 0.1078125
2 0.5484375 0.5234375 0.0640625 0.1125
2 0.6984375 0.525 0.075 0.1
2 0.7421875 0.75625 0.084375 0.05
1 0.196875 0.35625 0.0546875 0.0296875
4 0.428125 0.3046875 0.05 0.03125
2 0.2078125 0.3859375 0.0265625 0.0546875
2 0.2421875 0.3984375 0.0265625 0.0640625
1 0.0640625 0.3796875 0.0734375 0.053125
1 0.8046875 0.3484375 0.0625 0.0328125
1 0.5265625 0.325 0.040625 0.025