0 0.2501388888888889 0.6529166666666667 0.47453703703703703 0.4370833333333334
0 0.4064583333333333 0.34989583333333335 0.15718750000000004 0.09468750000000004
4 0.6609027777777777 0.30604166666666666 0.07979166666666657 0.06145833333333339
4 0.8329803240740741 0.29802083333333335 0.027395833333333286 0.029895833333333323
4 0.7344212962962964 0.36630208333333336 0.0744212962962962 0.09072916666666675
1 0.4252546296296297 0.45796875000000004 0.1259837962962962 0.09416666666666665
1 0.6111805555555556 0.41734375 0.0863194444444444 0.07124999999999986
1 0.7897858796296297 0.6296354166666667 0.18440972222222224 0.17135416666666678
1 0.8318171296296295 0.5482291666666667 0.19134259259259281 0.1421875
1 0.8909027777777776 0.38453125 0.0801157407407409 0.0723958333333333
1 0.8196585648148147 0.32208333333333333 0.03695601851851862 0.03677083333333329
1 0.8792881944444444 0.3346354166666667 0.05754629629629626 0.047499999999999966
1 0.8691956018518517 0.30979166666666663 0.030150462962962622 0.017604166666666643
1 0.8365451388888889 0.3130729166666667 0.024085648148147953 0.0234375
0 0.8253703703703703 0.27802083333333333 0.025694444444444287 0.02510416666666666
0 0.8764930555555555 0.2666145833333333 0.025694444444444287 0.02510416666666666
1 0.7830381944444443 0.3492708333333333 0.040034722222222284 0.035416666666666693
1 0.7766608796296296 0.39718749999999997 0.07262731481481488 0.0828125
1 0.8894733796296297 0.46786458333333336 0.11440972222222215 0.12458333333333335
1 0.6370254629629629 0.7106770833333333 0.2366087962962963 0.14364583333333342
1 0.191880787037037 0.39718749999999997 0.05726851851851853 0.038124999999999964
2 0.5353993055555556 0.41229166666666667 0.033055555555555574 0.06302083333333322
2 0.6149131944444444 0.4643750000000001 0.044641203703703704 0.08562499999999992
3 0.8450636574074075 0.3900520833333333 0.03319444444444457 0.0677083333333334
3 0.9459201388888889 0.425625 0.03337962962962955 0.07395833333333321
3 0.9691608796296297 0.50875 0.06167824074074062 0.1002083333333335
3 0.8287326388888889 0.73359375 0.05878472222222229 0.036666666666666715
2 0.09179398148148148 0.41390625 0.04168981481481482 0.03864583333333336