1 0.2611805555555556 0.5964467592592593 0.2339930555555556 0.17054398148148148
1 0.5181423611111111 0.3907407407407407 0.09618055555555571 0.056076388888888926
1 0.1790451388888889 0.5272164351851851 0.18496527777777777 0.12141203703703703
1 0.7335590277777777 0.6096990740740741 0.20843750000000014 0.15767361111111117
1 0.7966840277777777 0.5262037037037037 0.14826388888888892 0.10369212962962955
1 0.7886631944444444 0.3900578703703704 0.07840277777777782 0.07767361111111111
2 0.5021527777777777 0.5570196759259259 0.08722222222222235 0.13557870370370378
1 0.16368055555555555 0.4683564814814815 0.16760416666666664 0.08211805555555571
2 0.7061631944444444 0.34662037037037036 0.02965277777777775 0.034791666666666644
3 0.41947916666666674 0.7285648148148148 0.07892361111111121 0.12452546296296294
3 0.5023958333333333 0.7274479166666667 0.07267361111111122 0.12443287037037046
3 0.5729513888888889 0.7230208333333333 0.07274305555555553 0.12599537037037045
3 0.8919618055555556 0.6691145833333334 0.08236111111111129 0.09646990740740743
3 0.8992534722222223 0.7161284722222222 0.10434027777777785 0.13427083333333342
3 0.9510069444444443 0.6950057870370371 0.04479166666666643 0.16461805555555564
3 0.9409895833333334 0.4806539351851852 0.04413194444444457 0.11464120370370381
3 0.9160937499999999 0.47793981481481485 0.029513888888888572 0.10193287037037031
2 0.8458854166666667 0.43937500000000007 0.042604166666666644 0.08026620370370381
3 0.9102430555555557 0.41609374999999993 0.022326388888888715 0.04561342592592581
3 0.9340451388888888 0.3906481481481482 0.024618055555555428 0.026909722222222144
2 0.7779861111111112 0.3312673611111111 0.023333333333333428 0.03313657407407407
0 0.8422743055555555 0.3095486111111111 0.06350694444444435 0.05871527777777778
2 0.8483333333333334 0.33152777777777775 0.014027777777777573 0.03456018518518515
2 0.6905902777777777 0.36280671296296296 0.022604166666666713 0.051863425925925986
2 0.6542534722222222 0.35366898148148146 0.025659722222222216 0.05034722222222223
1 0.7548611111111111 0.3238888888888889 0.04052083333333343 0.03339120370370372
4 0.1579340277777778 0.3211689814814815 0.3158680555555556 0.161087962962963