1 0.68125 0.475 0.1296875 0.1046875
1 0.4703125 0.5484375 0.1796875 0.1171875
0 0.28125 0.3828125 0.1703125 0.140625
1 0.1796875 0.528125 0.146875 0.0953125
1 0.234375 0.578125 0.1953125 0.0796875
1 0.11875 0.446875 0.10625 0.0828125
2 0.1765625 0.3578125 0.03125 0.0453125
0 0.76875 0.3375 0.1765625 0.0703125
2 0.140625 0.3046875 0.015625 0.028125
1 0.94609375 0.659375 0.1078125 0.128125
1 0.4078125 0.703125 0.225 0.15625
3 0.2609375 0.671875 0.0796875 0.2046875
3 0.1984375 0.4578125 0.03125 0.0453125
3 0.0421875 0.5078125 0.0609375 0.0671875
3 0.0484375 0.4171875 0.0203125 0.0734375
1 0.0671875 0.3796875 0.0640625 0.0484375
2 0.1046875 0.3421875 0.0171875 0.040625
2 0.3875 0.4 0.0390625 0.0640625
1 0.4 0.3734375 0.0625 0.040625
4 0.2203125 0.309375 0.040625 0.0234375
2 0.0953125 0.309375 0.0125 0.025
2 0.1671875 0.309375 0.009375 0.025
1 0.9640625 0.371875 0.071875 0.0375