1 0.5249594907407408 0.5471469907407407 0.1848958333333332 0.1432407407407407
1 0.7737210648148147 0.6616724537037036 0.22949074074074077 0.18449074074074084
1 0.2886747685185185 0.4851041666666667 0.25806712962962963 0.16618055555555564
1 0.8437268518518518 0.5916782407407407 0.15997685185185198 0.11789351851851855
2 0.27052662037037034 0.38960648148148147 0.07300925925925927 0.07289351851851862
1 0.7049421296296297 0.4889293981481481 0.098298611111111 0.10449074074074076
1 0.784068287037037 0.4674652777777778 0.08193287037037038 0.0917592592592591
1 0.4892361111111111 0.40533564814814815 0.11400462962962976 0.07974537037037041
1 0.7812847222222221 0.4073206018518519 0.05709490740740737 0.04143518518518512
1 0.8519560185185184 0.38807291666666666 0.045509259259259235 0.030335648148148132
1 0.9535243055555555 0.4028472222222222 0.0365046296296299 0.03644675925925931
2 0.8782523148148147 0.4103182870370371 0.03172453703703724 0.03481481481481481
3 0.9728211805555557 0.6000578703703704 0.05435763888888871 0.08086805555555543
3 0.9764149305555556 0.5452777777777778 0.04717013888888886 0.0975462962962963
2 0.8949826388888888 0.5214062500000001 0.07155092592592602 0.10097222222222228
1 0.4059722222222223 0.4228356481481481 0.16024305555555554 0.09604166666666672
4 0.9289641203703705 0.3572106481481481 0.07704861111111114 0.06202546296296294
1 0.7175520833333333 0.4251099537037037 0.07667824074074084 0.05577546296296294
1 0.9191087962962964 0.4148263888888889 0.04450231481481452 0.039687499999999966
1 0.5950868055555556 0.43968749999999995 0.12770833333333337 0.10024305555555557
1 0.6053645833333333 0.4023726851851852 0.09662037037037034 0.04982638888888893
1 0.4413368055555556 0.6903125 0.26828703703703705 0.2069212962962963
1 0.9530844907407406 0.44811342592592585 0.08540509259259252 0.04497685185185176
1 0.918587962962963 0.48506944444444444 0.09304398148148145 0.06850694444444443
1 0.8248495370370371 0.40484375000000006 0.05038194444444457 0.03353009259259245
2 0.4510706018518519 0.45940972222222226 0.07246527777777771 0.09005787037037045
1 0.6304976851851851 0.39181712962962967 0.08789351851851848 0.06062500000000002
2 0.8084317129629628 0.3780613425925926 0.022986111111111283 0.019074074074074066
3 0.9360358796296296 0.7663310185185186 0.12072916666666664 0.11418981481481474
1 0.7089467592592593 0.398443287037037 0.06730324074074083 0.055636574074074116
2 0.5856307870370371 0.464525462962963 0.06870370370370367 0.10561342592592596
2 0.16324074074074074 0.5417881944444445 0.14510416666666665 0.1567013888888889
1 0.12696180555555556 0.2852256944444444 0.09745370370370372 0.06388888888888893