1 0.1478125 0.45069444444444445 0.10854166666666668 0.1122106481481481
1 0.22937500000000002 0.5200231481481481 0.16781249999999998 0.11504629629629619
1 0.2796875 0.5916666666666666 0.19270833333333331 0.16197916666666679
2 0.12177083333333334 0.31915509259259256 0.01791666666666667 0.03553240740740744
1 0.15677083333333336 0.30243055555555554 0.028541666666666642 0.03165509259259256
2 0.17927083333333332 0.3572916666666667 0.025 0.04849537037037042
1 0.19875 0.3197337962962963 0.04322916666666665 0.04207175925925925
2 0.31958333333333333 0.36574074074074076 0.033333333333333305 0.05688657407407405
1 0.2689583333333333 0.3365162037037037 0.05541666666666671 0.03831018518518512
2 0.3257291666666667 0.340162037037037 0.024270833333333373 0.037557870370370415
2 0.7867708333333333 0.5195601851851851 0.08229166666666679 0.13825231481481487
1 0.48322916666666665 0.4179976851851851 0.11541666666666668 0.0987268518518519
1 0.4929166666666667 0.3513310185185185 0.08406249999999993 0.04820601851851851
1 0.37697916666666664 0.33165509259259257 0.06760416666666665 0.05787037037037042
1 0.27166666666666667 0.30648148148148147 0.04104166666666664 0.03258101851851851
1 0.7166666666666666 0.4336805555555555 0.16395833333333343 0.10387731481481488
1 0.9384114583333332 0.43003472222222217 0.12317708333333358 0.13310185185185192
2 0.9477083333333333 0.29565972222222225 0.041562499999999857 0.04039351851851851
4 0.6507291666666666 0.3631944444444445 0.11739583333333332 0.10509259259259256
3 0.0675 0.49432870370370374 0.06645833333333333 0.08732638888888893
3 0.06197916666666666 0.38796296296296295 0.024687499999999994 0.043807870370370414
4 0.3453125 0.2570601851851852 0.08052083333333329 0.06504629629629637
4 0.22739583333333332 0.2783564814814815 0.07999999999999999 0.05723379629629628
4 0.18739583333333334 0.24363425925925924 0.048958333333333305 0.03472222222222223
4 0.115625 0.274074074074074 0.047395833333333345 0.03460648148148149