1 0.221875 0.4171875 0.1 0.065625
1 0.2296875 0.6078125 0.2296875 0.1515625
1 0.125 0.4109375 0.075 0.053125
2 0.4453125 0.5 0.0546875 0.1015625
2 0.81875 0.578125 0.090625 0.1140625
1 0.3984375 0.4328125 0.0875 0.075
0 0.8078125 0.3953125 0.384375 0.21875
1 0.19375 0.334375 0.0546875 0.0296875
2 0.615625 0.5609375 0.0765625 0.1296875
1 0.8265625 0.5375 0.2640625 0.1171875
0 0.26875 0.3515625 0.1171875 0.096875
1 0.3203125 0.340625 0.0453125 0.0234375
1 0.184375 0.521875 0.15 0.084375
2 0.4015625 0.3734375 0.071875 0.040625
2 0.33125 0.3703125 0.028125 0.04375
1 0.4984375 0.39375 0.075 0.05
3 0.0765625 0.6828125 0.05 0.1109375
3 0.078125 0.7109375 0.0875 0.0828125
3 0.0484375 0.4375 0.0296875 0.0609375
3 0.36875 0.59375 0.0625 0.1828125
3 0.8859375 0.771875 0.0890625 0.0171875
3 0.08125 0.5734375 0.071875 0.171875
3 0.053125 0.4921875 0.034375 0.06875
2 0.090625 0.328125 0.028125 0.0328125
4 0.48125 0.3078125 0.0984375 0.053125
2 0.1140625 0.315625 0.01875 0.0265625
1 0.15 0.3109375 0.0390625 0.034375
4 0.0953125 0.271875 0.0421875 0.034375
1 0.1125 0.3015625 0.028125 0.021875
1 0.1796875 0.3125 0.034375 0.0234375