1 0.1875 0.453125 0.1796875 0.0671875
2 0.290625 0.3796875 0.0359375 0.046875
2 0.61875 0.4828125 0.0671875 0.0953125
1 0.2421875 0.609375 0.190625 0.1484375
1 0.18125 0.525 0.146875 0.0953125
2 0.921875 0.5640625 0.1109375 0.1265625
1 0.3984375 0.425 0.084375 0.0796875
1 0.13125 0.31875 0.0328125 0.053125
2 0.1265625 0.415625 0.0171875 0.034375
2 0.1484375 0.3421875 0.025 0.0375
3 0.053125 0.4734375 0.05625 0.13125
1 0.25625 0.3625 0.053125 0.0328125
4 0.825 0.40625 0.3328125 0.2125
1 0.3296875 0.3484375 0.0515625 0.0390625
1 0.3921875 0.365625 0.0765625 0.0359375
1 0.2390625 0.3390625 0.04375 0.028125
1 0.2125 0.328125 0.0421875 0.0296875
2 0.2453125 0.278125 0.0625 0.0296875
3 0.0765625 0.66875 0.0609375 0.084375
2 0.1890625 0.3109375 0.009375 0.0265625
2 0.1078125 0.3421875 0.0171875 0.040625
1 0.121875 0.3984375 0.065625 0.046875
4 0.1171875 0.2765625 0.05625 0.0359375