1 0.4459664351851852 0.42711805555555554 0.13431712962962958 0.10254629629629637
1 0.20982060185185186 0.5483854166666666 0.24349537037037033 0.1955324074074074
2 0.5613136574074075 0.445011574074074 0.07312499999999993 0.08490740740740747
1 0.1482523148148148 0.3277719907407407 0.09150462962962962 0.0600462962962963
2 0.3472511574074074 0.3411400462962963 0.057083333333333285 0.05666666666666664
1 0.3763888888888889 0.32530092592592597 0.07737268518518521 0.05525462962962964
1 0.16125578703703702 0.24096643518518518 0.04584490740740739 0.03627314814814815
3 0.2844444444444444 0.4150347222222222 0.07517361111111107 0.11773148148148156
1 0.19969328703703704 0.38832175925925927 0.12783564814814813 0.08687499999999995
2 0.19913773148148145 0.32036458333333334 0.05570601851851853 0.06915509259259256
1 0.25681712962962966 0.2761921296296296 0.07116898148148146 0.05833333333333339
2 0.1962847222222222 0.24929976851851848 0.031759259259259265 0.03460648148148149
3 0.03991030092592592 0.6129282407407407 0.07982060185185184 0.0849768518518518
1 0.9378414351851851 0.44456597222222227 0.11200231481481496 0.07269675925925938
1 0.18149884259259258 0.4564178240740741 0.16731481481481478 0.11528935185185177
3 0.058333333333333334 0.38624421296296296 0.0909837962962963 0.13034722222222223
3 0.0884548611111111 0.3039988425925926 0.04444444444444444 0.04719907407407407
2 0.8874826388888888 0.7855266203703704 0.1291319444444447 0.17437500000000003
1 0.17258680555555556 0.2143229166666667 0.05372685185185189 0.041018518518518475
2 0.41421875 0.3554861111111111 0.047638888888888786 0.05190972222222223
3 0.04997685185185185 0.5909722222222222 0.0999537037037037 0.12260416666666671
4 0.6527199074074075 0.33887731481481487 0.09649305555555543 0.08039351851851854
1 0.8430034722222223 0.4132407407407407 0.06949074074074062 0.05050925925925931
1 0.7931655092592592 0.4026736111111111 0.06321759259259281 0.04890046296296298
4 0.1754513888888889 0.17914930555555558 0.036493055555555556 0.03776620370370374
4 0.25881944444444444 0.24649305555555556 0.07765046296296294 0.07400462962962964
1 0.1032002314814815 0.2578009259259259 0.039826388888888876 0.051851851851851906
1 0.12966435185185185 0.21151620370370372 0.02851851851851852 0.02677083333333332
1 0.5381192129629631 0.32332175925925927 0.04425925925925931 0.03469907407407406
1 0.5769965277777778 0.3355324074074074 0.052025462962962975 0.03163194444444439