1 0.2359375 0.4015625 0.0875 0.0609375
0 0.340625 0.3328125 0.11875 0.084375
1 0.1953125 0.3546875 0.0671875 0.034375
2 0.928125 0.6265625 0.1140625 0.1078125
2 0.74375 0.5953125 0.09375 0.15625
2 0.3625 0.4390625 0.0453125 0.0796875
1 0.184375 0.5265625 0.15 0.090625
3 0.0640625 0.41875 0.05 0.0796875
3 0.2625 0.665625 0.0703125 0.11875
2 0.1296875 0.3421875 0.025 0.0375
2 0.5671875 0.6078125 0.0796875 0.15625
3 0.0390625 0.4984375 0.0625 0.0765625
1 0.228125 0.615625 0.2296875 0.153125
1 0.1609375 0.3015625 0.0375 0.0203125
2 0.2828125 0.38125 0.0359375 0.0546875
2 0.4796875 0.4421875 0.0390625 0.075
2 0.41875 0.4375 0.034375 0.0765625
3 0.0703125 0.703125 0.06875 0.10625
2 0.8640625 0.35625 0.025 0.0296875
0 0.553125 0.3171875 0.090625 0.053125
1 0.6953125 0.35 0.0609375 0.028125
1 0.1796875 0.328125 0.0328125 0.0203125
2 0.1546875 0.334375 0.0171875 0.0328125
0 0.0828125 0.26875 0.034375 0.021875
0 0.221875 0.278125 0.0390625 0.028125
4 0.2515625 0.31875 0.05 0.05625
4 0.45625 0.3125 0.046875 0.028125
1 0.6234375 0.334375 0.04375 0.021875
1 0.1234375 0.2984375 0.03125 0.0234375