1 0.43558449074074074 0.6693287037037037 0.250625 0.18657407407407406
2 0.4841319444444444 0.5195023148148148 0.08148148148148149 0.11493055555555554
1 0.47709490740740745 0.42824074074074076 0.124861111111111 0.11192129629629637
1 0.7476273148148149 0.3257523148148148 0.07282407407407412 0.07384259259259256
1 0.8558101851851851 0.41652199074074076 0.11033564814814803 0.10306712962962958
1 0.5324131944444443 0.34791666666666665 0.08596064814814816 0.059259259259259255
0 0.5163657407407408 0.2643229166666667 0.12153935185185176 0.08211805555555554
1 0.22002314814814813 0.53984375 0.20990740740740738 0.18200231481481488
2 0.06478877314814815 0.5247685185185185 0.1295775462962963 0.14623842592592595
1 0.6366435185185185 0.3347511574074074 0.08292824074074083 0.06059027777777777
2 0.6224189814814816 0.3910300925925926 0.049664351851851765 0.07679398148148149
2 0.7794097222222222 0.3669560185185185 0.04947916666666678 0.07366898148148149
2 0.8302488425925926 0.33596643518518515 0.03780092592592581 0.06035879629629628
2 0.6932581018518519 0.3375578703703703 0.035775462962962835 0.052430555555555536
1 0.7108449074074075 0.5789351851851852 0.2226851851851853 0.18761574074074083
1 0.7788946759259259 0.4937789351851851 0.162361111111111 0.11469907407407405
3 0.928900462962963 0.46944444444444444 0.06556712962962977 0.08263888888888893
1 0.8396469907407408 0.28237847222222223 0.04891203703703724 0.03784722222222214
4 0.703582175925926 0.2683449074074074 0.12687500000000007 0.09340277777777777
3 0.925306712962963 0.3857060185185185 0.04350694444444443 0.07789351851851851
3 0.6828298611111111 0.6447916666666667 0.10402777777777779 0.18038194444444447
2 0.28381944444444446 0.30332754629629627 0.026851851851851814 0.0331018518518519
1 0.425318287037037 0.29129050925925926 0.042291666666666575 0.031134259259259257
2 0.4566782407407407 0.35274884259259254 0.04248842592592581 0.06070601851851851
1 0.9151678240740739 0.3467881944444445 0.06555555555555585 0.056192129629629585
2 0.8629282407407407 0.32265625 0.027499999999999858 0.044039351851851906
2 0.8043923611111111 0.2997685185185185 0.025474537037036882 0.03611111111111107
4 0.7923668981481481 0.2664351851851852 0.0662962962962963 0.06869212962962959
1 0.8896875000000002 0.2911168981481481 0.04063657407407391 0.029456018518518513
2 0.6654456018518519 0.36061921296296295 0.03302083333333332 0.05844907407407405