1 0.240625 0.6046875 0.1984375 0.14375
1 0.1828125 0.5234375 0.1359375 0.090625
0 0.6390625 0.5640625 0.4453125 0.3578125
2 0.375 0.4109375 0.05 0.06875
3 0.1828125 0.4484375 0.0453125 0.0609375
4 0.915625 0.3125 0.16875 0.071875
2 0.3046875 0.415625 0.0453125 0.0625
4 0.9234375 0.428125 0.15 0.1546875
2 0.240625 0.3765625 0.0375 0.053125
1 0.128125 0.403125 0.0609375 0.0484375
2 0.140625 0.34375 0.025 0.0359375
2 0.903125 0.6359375 0.19375 0.290625
2 0.259375 0.684375 0.0453125 0.1
2 0.0828125 0.675 0.059375 0.0953125
3 0.0515625 0.484375 0.03125 0.10625
3 0.084375 0.48125 0.025 0.1046875
3 0.128125 0.446875 0.028125 0.084375
3 0.0546875 0.40625 0.053125 0.0421875
1 0.0828125 0.3609375 0.0484375 0.0421875
2 0.1640625 0.35 0.01875 0.0375
2 0.1859375 0.36875 0.021875 0.046875
2 0.1828125 0.3203125 0.0265625 0.028125
1 0.3125 0.34375 0.0234375 0.034375
2 0.2921875 0.346875 0.0171875 0.04375
2 0.3484375 0.3578125 0.0171875 0.0453125
2 0.3859375 0.3765625 0.0171875 0.0265625
1 0.1296875 0.3125 0.0421875 0.0265625
1 0.23125 0.34375 0.05 0.0328125
1 0.21875 0.3234375 0.0359375 0.025
4 0.309375 0.2828125 0.059375 0.0484375
4 0.1796875 0.2890625 0.034375 0.021875
4 0.1546875 0.2921875 0.0296875 0.0375
4 0.4359375 0.35 0.0828125 0.075