1 0.6855092592592593 0.5083333333333333 0.23039351851851855 0.14868055555555557
1 0.3333622685185185 0.4248263888888889 0.1010416666666667 0.07246527777777771
1 0.22281250000000002 0.5737326388888888 0.1708217592592593 0.11770833333333322
2 0.5063773148148148 0.5137152777777778 0.0833217592592593 0.11576388888888882
1 0.21813657407407408 0.49482638888888886 0.14065972222222226 0.08270833333333343
1 0.292650462962963 0.6462847222222223 0.2247106481481481 0.1844444444444445
2 0.968888888888889 0.5142187500000001 0.062222222222222 0.13475694444444458
4 0.9028819444444445 0.30562500000000004 0.1708217592592593 0.11770833333333339
1 0.09362847222222222 0.35552083333333334 0.03788194444444444 0.033611111111111126
1 0.13916666666666666 0.4525 0.08513888888888888 0.06743055555555558
2 0.22820023148148144 0.3881597222222222 0.03540509259259252 0.044479166666666715
1 0.6560185185185186 0.43199652777777775 0.1415856481481482 0.09833333333333343
4 0.17859375 0.3410243055555556 0.0633564814814815 0.06850694444444443
1 0.1555787037037037 0.3607986111111111 0.044780092592592614 0.04468750000000003
2 0.2660185185185185 0.3811979166666667 0.027500000000000035 0.042743055555555555
2 0.17150462962962965 0.4188888888888889 0.034398148148148164 0.05381944444444446
1 0.06598379629629629 0.4025 0.055624999999999994 0.04336805555555543
4 0.12494791666666667 0.3047222222222222 0.04284722222222222 0.038402777777777786
1 0.6250462962962964 0.3306597222222222 0.07465277777777786 0.04847222222222225
1 0.47371527777777783 0.33119791666666665 0.03907407407407391 0.027395833333333286
1 0.2547974537037037 0.36300347222222223 0.05047453703703706 0.03545138888888886
3 0.1144386574074074 0.5486979166666666 0.06981481481481482 0.12482638888888893
3 0.3003530092592593 0.4997743055555556 0.0568518518518518 0.11673611111111111
3 0.2622511574074074 0.4887847222222222 0.04672453703703709 0.07749999999999986
3 0.15032407407407405 0.7461111111111111 0.10098379629629628 0.15048611111111115