1 0.5819212962962963 0.5267939814814815 0.11445601851851847 0.12285879629629637
1 0.6030381944444445 0.42120949074074077 0.09587962962962955 0.07534722222222215
2 0.17074652777777777 0.4403935185185185 0.10815972222222223 0.12106481481481488
1 0.8461689814814815 0.530324074074074 0.11021990740740754 0.08524305555555553
1 0.44567708333333333 0.4529224537037037 0.1438194444444445 0.11302083333333339
0 0.7718171296296297 0.40008680555555554 0.10406250000000003 0.08813657407407405
1 0.6804282407407407 0.422511574074074 0.06876157407407409 0.055613425925925955
1 0.8417534722222222 0.44178240740740743 0.0625115740740739 0.05538194444444446
3 0.8612268518518519 0.8140046296296296 0.1049884259259258 0.11938657407407405
2 0.7609837962962963 0.4489583333333334 0.046840277777777925 0.05324074074074083
1 0.7199594907407407 0.6984953703703705 0.25427083333333333 0.20607638888888893
2 0.7200405092592593 0.43179976851851853 0.04049768518518526 0.04988425925925917
3 0.7037037037037037 0.7456018518518518 0.09929398148148146 0.13790509259259257
1 0.7854629629629629 0.6258391203703704 0.16914351851851847 0.12488425925925917
3 0.9295543981481481 0.6460358796296296 0.07556712962962955 0.07459490740740726
3 0.9313425925925927 0.5592881944444444 0.057048611111110856 0.08171296296296297
1 0.05296296296296297 0.517824074074074 0.10592592592592594 0.1700231481481481
1 0.8984548611111112 0.4814236111111111 0.05929398148148124 0.05214120370370381
1 0.8709837962962963 0.43191550925925937 0.04012731481481495 0.037384259259259166
4 0.7395891203703704 0.3527488425925926 0.08944444444444458 0.06886574074074074
1 0.3323321759259259 0.31889467592592596 0.05773148148148142 0.05208333333333339
1 0.15864583333333332 0.2944733796296296 0.09201388888888892 0.05023148148148149
1 0.3589409722222222 0.6350694444444445 0.2550578703703703 0.23263888888888892