1 0.23939236111111112 0.56484375 0.2396527777777778 0.178125
1 0.15329282407407407 0.3484375 0.08921296296296295 0.0578125
1 0.9519733796296297 0.42890625 0.09605324074074062 0.0640625
2 0.841388888888889 0.553125 0.09722222222222214 0.1171875
1 0.39230902777777776 0.346875 0.0636111111111111 0.0375
1 0.4952025462962963 0.44453125 0.14004629629629636 0.0859375
1 0.24538194444444442 0.31875 0.0752893518518519 0.0625
4 0.6280266203703704 0.3921875 0.3054166666666667 0.1828125
2 0.6717187499999999 0.5484375 0.09456018518518512 0.1328125
1 0.4588657407407407 0.4046875 0.1051157407407409 0.0671875
2 0.3158796296296297 0.325 0.04192129629629626 0.04375
3 0.10890625000000001 0.48515625 0.08196759259259259 0.1296875
2 0.33328703703703705 0.38515625 0.07244212962962955 0.071875
2 0.15938657407407408 0.2640625 0.027395833333333376 0.028125
1 0.930451388888889 0.7640625 0.1381828703703704 0.18125
2 0.20727430555555557 0.271875 0.03212962962962962 0.0296875
2 0.36233796296296295 0.41640625 0.06490740740740737 0.08125
3 0.07766203703703703 0.6171875 0.10048611111111112 0.121875
2 0.9298755787037039 0.65 0.14024884259259238 0.1671875
1 0.2094560185185185 0.47734375 0.137662037037037 0.1109375
1 0.20960069444444446 0.403125 0.13204861111111113 0.0796875
2 0.13183449074074075 0.25703125 0.025925925925925908 0.03125
3 0.08486111111111111 0.43828125 0.04979166666666666 0.0984375
2 0.29903356481481486 0.31015625 0.03387731481481478 0.0359375
2 0.45557291666666677 0.478125 0.07332175925925917 0.1015625
1 0.857991898148148 0.4015625 0.06710648148148124 0.05
3 0.07237847222222223 0.4125 0.0551736111111111 0.121875
1 0.29780092592592594 0.2421875 0.07230324074074072 0.0671875
1 0.12776041666666668 0.225 0.028819444444444463 0.0234375
1 0.17693865740740738 0.25 0.03663194444444447 0.0234375
1 0.14715856481481482 0.246875 0.030474537037037043 0.0265625
4 0.13179976851851852 0.203125 0.03373842592592595 0.03125
4 0.1462962962962963 0.19140625 0.024039351851851843 0.0203125
2 0.6331944444444444 0.4875 0.06422453703703716 0.1109375