1 0.1302662037037037 0.581880787037037 0.18119212962962963 0.15570601851851862
1 0.8026331018518519 0.6548784722222222 0.20474537037037024 0.1584837962962963
2 0.28825231481481484 0.5924074074074074 0.10949074074074075 0.13331018518518523
1 0.3198206018518518 0.48275462962962956 0.15017361111111108 0.1151851851851852
1 0.8555844907407408 0.571238425925926 0.14432870370370382 0.09931712962962962
1 0.7264178240740741 0.403443287037037 0.04820601851851851 0.04141203703703713
1 0.7559606481481481 0.45556134259259257 0.0822337962962962 0.08053240740740737
2 0.8373553240740741 0.38818287037037036 0.01770833333333357 0.02893518518518512
1 0.9180844907407408 0.4063773148148148 0.05891203703703738 0.038854166666666676
1 0.8008969907407406 0.4213136574074074 0.05092592592592595 0.05711805555555553
4 0.7838252314814815 0.33793402777777776 0.10578703703703703 0.08331018518518522
2 0.49357638888888894 0.5275636574074074 0.0815393518518519 0.11318287037037038
2 0.8536747685185185 0.39836805555555554 0.03125 0.04364583333333334
2 0.657175925925926 0.4457696759259259 0.04444444444444447 0.05366898148148156
1 0.6333622685185185 0.40795717592592595 0.07679398148148149 0.049120370370370384
2 0.702662037037037 0.45046296296296295 0.036979166666666785 0.057951388888889
0 0.9253761574074073 0.33671296296296294 0.07054398148148167 0.04879629629629632
1 0.5050636574074074 0.48302083333333334 0.13159722222222214 0.0955439814814815
1 0.9117476851851851 0.4574131944444445 0.09479166666666643 0.060949074074074086
1 0.10969328703703704 0.3566782407407407 0.12447916666666665 0.06248842592592592
1 0.7799189814814815 0.37975694444444447 0.047280092592592735 0.02891203703703704
1 0.571585648148148 0.4460011574074074 0.07737268518518511 0.056932870370370384
1 0.5890914351851853 0.3986574074074074 0.04085648148148149 0.04725694444444439
2 0.6859085648148149 0.507962962962963 0.06128472222222214 0.09189814814814809
2 0.8930266203703704 0.4883506944444445 0.04762731481481488 0.07562500000000014
1 0.9099537037037038 0.37015625 0.043171296296296194 0.03648148148148147
3 0.9802372685185186 0.5638078703703704 0.03952546296296298 0.07387731481481481
2 0.6029513888888889 0.5122222222222221 0.06105324074074083 0.0887731481481481
1 0.09811921296296297 0.47359375000000004 0.1283564814814815 0.0938194444444445
2 0.8640914351851852 0.39190393518518524 0.027430555555555715 0.03410879629629626
3 0.9816840277777779 0.5085127314814815 0.029571759259259523 0.08402777777777785
3 0.9818865740740741 0.45871527777777776 0.02442129629629619 0.035509259259259275
3 0.964207175925926 0.7326331018518519 0.07158564814814809 0.10043981481481482
3 0.6447337962962963 0.7821064814814815 0.07048611111111107 0.06902777777777783
4 0.49293981481481486 0.3298553240740741 0.058854166666666784 0.059085648148148186
1 0.6891493055555555 0.40462384259259265 0.029918981481481487 0.04668981481481467
2 0.5581886574074074 0.401724537037037 0.021643518518518513 0.040034722222222284
1 0.6624710648148148 0.38067129629629626 0.03084490740740744 0.017164351851851833
2 0.7299768518518519 0.37794560185185183 0.017129629629629762 0.02112268518518521
1 0.7662905092592592 0.3953935185185185 0.033912037037037025 0.037557870370370415
2 0.8911458333333334 0.36840277777777775 0.014351851851851904 0.025648148148148132
1 0.8796296296296298 0.3600231481481481 0.02037037037037024 0.022847222222222286