1 0.8064814814814815 0.4910648148148148 0.2278356481481481 0.19094907407407416
1 0.8361747685185185 0.39705439814814814 0.1712847222222223 0.13038194444444445
1 0.5583854166666666 0.33779513888888885 0.10325231481481474 0.08635416666666665
0 0.08740162037037037 0.5095428240740741 0.12387731481481483 0.17153935185185176
1 0.7934837962962963 0.19238425925925925 0.0393518518518519 0.033194444444444436
1 0.7224247685185186 0.2760011574074074 0.07594907407407411 0.07247685185185189
0 0.3595659722222222 0.6325694444444444 0.6720949074074074 0.5379861111111112
2 0.8353587962962962 0.21137152777777776 0.032187499999999855 0.043726851851851836
2 0.6557118055555555 0.3139409722222222 0.04892361111111114 0.06328703703703704
4 0.6770949074074075 0.23838541666666666 0.07245370370370381 0.06606481481481481
1 0.7880844907407407 0.2467361111111111 0.07420138888888879 0.06927083333333339
2 0.7438715277777778 0.24119212962962963 0.026851851851851904 0.03254629629629626
3 0.7419675925925926 0.6190104166666666 0.11128472222222215 0.16932870370370381
3 0.8313831018518518 0.5806770833333333 0.13895833333333343 0.18945601851851848
3 0.97875 0.5586863425925925 0.04250000000000007 0.12420138888888896
3 0.9675752314814815 0.4912326388888889 0.06484953703703696 0.05496527777777764
3 0.998443287037037 0.4981365740740741 0.0031134259259260944 0.20310185185185184
3 0.9644357638888887 0.33507523148148144 0.07112847222222243 0.08875000000000002
2 0.8571817129629629 0.30192708333333335 0.07853009259259239 0.08974537037037038
3 0.9421064814814815 0.293605324074074 0.058958333333333356 0.10119212962962969
3 0.9121296296296297 0.26381365740740736 0.05150462962962976 0.08055555555555553
1 0.8552372685185186 0.2691145833333334 0.10012731481481474 0.08619212962962966
3 0.9314641203703704 0.2330324074074074 0.02850694444444457 0.034189814814814846
2 0.6895543981481481 0.35607060185185185 0.05628472222222207 0.08236111111111111
2 0.5359722222222223 0.36951967592592594 0.049108796296296296 0.06641203703703713
1 0.6533564814814815 0.2874189814814815 0.07833333333333332 0.060138888888888874
1 0.6234375 0.2850520833333333 0.057928240740740836 0.057523148148148094
1 0.8376967592592592 0.19792824074074072 0.06546296296296283 0.05324074074074074
1 0.7232291666666667 0.22345486111111112 0.03788194444444439 0.034675925925925985
1 0.8944502314814814 0.19028356481481482 0.04487268518518519 0.047499999999999966
1 0.8776793981481482 0.19820601851851852 0.03531249999999986 0.04388888888888891
0 0.4606539351851852 0.38126157407407407 0.0580208333333335 0.059085648148148096
0 0.08672453703703703 0.43199652777777775 0.1295601851851852 0.1360069444444445