1 0.28998842592592594 0.40849537037037037 0.1188194444444445 0.1146643518518518
1 0.1933564814814815 0.5530324074074074 0.2700810185185185 0.21877314814814816
2 0.6080729166666666 0.5290856481481481 0.0858680555555555 0.10803240740740741
0 0.23114583333333333 0.2813541666666667 0.11693287037037034 0.10363425925925931
1 0.4293807870370371 0.37918981481481484 0.0862268518518519 0.06749999999999998
4 0.4985590277777778 0.3159837962962963 0.18656249999999996 0.13739583333333324
2 0.3396585648148148 0.3433506944444445 0.04201388888888893 0.04928240740740737
1 0.8666087962962962 0.49353587962962964 0.06866898148148123 0.05398148148148145
2 0.5319155092592592 0.4580497685185184 0.06476851851851854 0.08026620370370381
3 0.3150636574074074 0.6979861111111111 0.11505787037037037 0.14563657407407415
2 0.2789525462962963 0.3319270833333333 0.045231481481481504 0.052592592592592614
1 0.7434548611111111 0.45023726851851853 0.06048611111111111 0.041018518518518475
3 0.036828703703703704 0.5122453703703703 0.07365740740740741 0.08900462962962977
3 0.034728009259259264 0.6127025462962963 0.06945601851851853 0.11290509259259256
2 0.3735474537037037 0.36179398148148145 0.03907407407407408 0.055347222222222214
3 0.05575810185185185 0.3633101851851852 0.0635300925925926 0.09111111111111114
3 0.2783564814814815 0.6425925925925926 0.08987268518518521 0.13790509259259273
1 0.16773148148148148 0.46699074074074076 0.1760416666666667 0.15081018518518513
1 0.3386516203703704 0.32450810185185186 0.06393518518518526 0.05214120370370372
3 0.1075810185185185 0.3311631944444445 0.05879629629629628 0.08927083333333333
2 0.38961805555555556 0.4269212962962963 0.06633101851851855 0.0803587962962963
2 0.15199074074074073 0.36431712962962964 0.05567129629629628 0.08908564814814816
1 0.1544560185185185 0.33394097222222224 0.08195601851851855 0.08128472222222224
1 0.09380208333333333 0.2943460648148148 0.04863425925925928 0.062152777777777765
2 0.13190972222222222 0.24964699074074073 0.024548611111111108 0.03888888888888893
2 0.13664930555555554 0.22175347222222222 0.025925925925925953 0.03273148148148151
2 0.18480324074074075 0.2606076388888889 0.02142361111111111 0.038703703703703685
2 0.15172453703703703 0.21482060185185184 0.029050925925925952 0.032916666666666664
2 0.17592013888888888 0.217037037037037 0.014664351851851842 0.021145833333333287
1 0.6331712962962963 0.3951793981481481 0.03837962962962962 0.031909722222222214
1 0.819392361111111 0.47586805555555556 0.037141203703703954 0.042754629629629545
1 0.9362037037037038 0.5219212962962964 0.0923379629629629 0.06318287037037038