1 0.7017997685185186 0.4967418981481481 0.11340277777777778 0.10940972222222226
1 0.890167824074074 0.4409837962962963 0.06517361111111128 0.05248842592592595
1 0.8395138888888889 0.5932407407407407 0.1703009259259261 0.12274305555555572
1 0.7761747685185185 0.6664641203703704 0.2261805555555556 0.17665509259259266
1 0.9097453703703703 0.48733217592592587 0.08950231481481481 0.0700231481481481
2 0.7954861111111111 0.4216261574074074 0.02891203703703695 0.04570601851851848
2 0.7799016203703704 0.4221759259259259 0.03368055555555553 0.04733796296296298
1 0.6321006944444445 0.44730902777777776 0.08406249999999993 0.0855555555555556
1 0.7621180555555556 0.39537037037037037 0.05310185185185183 0.030451388888888875
1 0.4136226851851852 0.46436921296296296 0.14737268518518523 0.10210648148148138
1 0.9526909722222221 0.41224537037037035 0.04881944444444457 0.03819444444444446
2 0.8417650462962964 0.39576967592592593 0.03287037037037024 0.03171296296296298
2 0.4494849537037037 0.40322916666666664 0.06409722222222207 0.061840277777777786
1 0.28736111111111107 0.49840856481481477 0.21623842592592588 0.16557870370370367
2 0.8301851851851852 0.42838541666666663 0.04009259259259253 0.050555555555555645
2 0.8381307870370371 0.41601273148148155 0.026296296296296262 0.02537037037037031
1 0.09930555555555556 0.4698611111111111 0.15923611111111113 0.18034722222222221
4 0.7583680555555556 0.35315972222222225 0.12622685185185176 0.11584490740740741
1 0.9122974537037039 0.43116319444444445 0.0779976851851849 0.05892361111111111
1 0.11803240740740742 0.2890277777777778 0.12075231481481481 0.07048611111111107
2 0.47846643518518517 0.5707175925925926 0.11467592592592588 0.1640740740740741
2 0.6820543981481482 0.4019907407407407 0.034918981481481384 0.04111111111111114
1 0.7362615740740741 0.43870370370370376 0.06969907407407412 0.04943287037037045
2 0.37758680555555557 0.5372164351851852 0.10613425925925916 0.14989583333333342
2 0.15395833333333334 0.6205555555555555 0.17648148148148152 0.2118287037037037
3 0.9702083333333335 0.5444502314814814 0.05958333333333314 0.10552083333333329
1 0.4920486111111112 0.3960532407407408 0.0606481481481481 0.05554398148148154
1 0.5480324074074074 0.4218634259259259 0.09763888888888879 0.07638888888888892
3 0.9268344907407406 0.7717418981481481 0.09416666666666665 0.09975694444444443
3 0.9720428240740742 0.5883854166666667 0.055914351851851764 0.11209490740740743
2 0.8646527777777777 0.5210127314814814 0.06959490740740719 0.07753472222222228
2 0.5821469907407407 0.4926273148148148 0.06528935185185195 0.11494212962962962
2 0.5149189814814814 0.49085069444444446 0.07310185185185177 0.11505787037037045
1 0.24556712962962962 0.3096527777777778 0.10135416666666668 0.05770833333333334