0 0.678125 0.3296875 0.14375 0.0625
1 0.23125 0.596875 0.1765625 0.121875
1 0.1859375 0.53125 0.1421875 0.0921875
1 0.56875 0.4078125 0.0984375 0.075
3 0.05 0.4140625 0.025 0.065625
1 0.4421875 0.434375 0.0890625 0.09375
1 0.11875 0.4484375 0.103125 0.090625
4 0.2578125 0.303125 0.103125 0.0796875
1 0.1125 0.3046875 0.03125 0.0296875
2 0.5484375 0.5359375 0.0609375 0.128125
2 0.184375 0.3375 0.0171875 0.0375
3 0.2609375 0.6609375 0.0609375 0.1515625
0 0.371875 0.3484375 0.115625 0.103125
1 0.684375 0.471875 0.1578125 0.096875
3 0.0359375 0.696875 0.071875 0.1671875
2 0.940625 0.3625 0.0328125 0.0296875
1 0.296875 0.390625 0.084375 0.053125
2 0.2625 0.4140625 0.0390625 0.065625
2 0.1265625 0.353125 0.021875 0.046875
4 0.3703125 0.3671875 0.090625 0.071875
2 0.2671875 0.353125 0.0171875 0.034375
1 0.0625 0.3796875 0.0828125 0.04375
3 0.0375 0.5078125 0.0546875 0.06875
3 0.0734375 0.3890625 0.015625 0.034375
2 0.1421875 0.328125 0.0140625 0.0328125
2 0.125 0.315625 0.0140625 0.0203125
1 0.165625 0.31875 0.025 0.03125
1 0.0765625 0.3125 0.028125 0.034375
1 0.8171875 0.353125 0.06875 0.03125