1 0.20217592592592593 0.5469444444444445 0.24482638888888886 0.14892361111111113
2 0.4740509259259259 0.5429166666666667 0.08379629629629619 0.13403935185185176
2 0.5698611111111112 0.3688599537037037 0.03950231481481481 0.05995370370370372
1 0.8118402777777778 0.49885416666666665 0.14922453703703695 0.10844907407407404
1 0.7698321759259259 0.5807175925925926 0.2011921296296295 0.163900462962963
2 0.5722106481481481 0.4735011574074074 0.06487268518518512 0.11032407407407412
1 0.8788599537037036 0.41505787037037034 0.10387731481481488 0.10309027777777775
3 0.9550694444444445 0.46157986111111116 0.0708912037037038 0.07916666666666679
3 0.9385821759259259 0.3673032407407407 0.02862268518518505 0.06760416666666665
4 0.7586111111111111 0.30278935185185185 0.04402777777777782 0.03814814814814813
1 0.7681770833333333 0.27686921296296296 0.03293981481481474 0.017673611111111143
2 0.6790972222222222 0.38598958333333333 0.03649305555555564 0.07553240740740738
2 0.7607002314814815 0.3371296296296296 0.04414351851851848 0.05377314814814813
2 0.16451967592592592 0.6740509259259259 0.15135416666666668 0.18503472222222223
1 0.6339351851851852 0.3663483796296297 0.06452546296296298 0.06344907407407412
1 0.6973495370370371 0.3474421296296296 0.055069444444444574 0.05237268518518521
1 0.6827546296296296 0.31406828703703704 0.059687500000000074 0.04306712962962962
1 0.4961168981481482 0.41135416666666663 0.09900462962962955 0.07802083333333343
2 0.5514756944444444 0.4253761574074074 0.03483796296296297 0.0630092592592593
3 0.73890625 0.6428877314814814 0.054201388888888855 0.14609953703703696
2 0.13314814814814815 0.3745486111111111 0.022037037037037032 0.022199074074074066
1 0.4648032407407407 0.3149537037037037 0.03457175925925924 0.02707175925925922
1 0.40142939814814815 0.32839120370370367 0.02988425925925924 0.02700231481481481
4 0.36234374999999996 0.33209490740740744 0.04402777777777782 0.03814814814814813
2 0.24652199074074072 0.36037037037037034 0.022060185185185155 0.025324074074074065
1 0.8428645833333335 0.31794560185185183 0.047268518518518474 0.05381944444444446
1 0.8688715277777778 0.2870949074074074 0.029895833333333142 0.02856481481481481
1 0.8978703703703704 0.27416666666666667 0.034652777777778 0.03800925925925922
1 0.8142013888888888 0.2855613425925926 0.033032407407407406 0.030173611111111144
1 0.8072685185185187 0.27238425925925924 0.02986111111111107 0.02387731481481481
1 0.8478703703703705 0.27490740740740743 0.028298611111111427 0.02385416666666664
1 0.8690798611111111 0.25896990740740744 0.025162037037037167 0.02224537037037031
4 0.8457928240740742 0.23900462962962968 0.048784722222222146 0.04759259259259263
3 0.9192361111111111 0.34259259259259256 0.02055555555555557 0.03311342592592599
3 0.8980960648148149 0.3491550925925926 0.022060185185185332 0.025324074074074065