1 0.8171875 0.3515625 0.0515625 0.0390625
1 0.11875 0.4015625 0.0640625 0.0578125
1 0.2140625 0.4546875 0.1359375 0.0703125
1 0.2375 0.6109375 0.1921875 0.1484375
1 0.4890625 0.4640625 0.103125 0.1015625
1 0.1828125 0.528125 0.1421875 0.096875
1 0.303125 0.378125 0.0609375 0.046875
1 0.3875 0.3578125 0.05625 0.0421875
2 0.378125 0.4078125 0.0375 0.0703125
1 0.28125 0.3484375 0.053125 0.028125
1 0.2484375 0.3359375 0.0390625 0.0328125
2 0.1234375 0.421875 0.0296875 0.0453125
1 0.471875 0.3859375 0.0765625 0.0421875
3 0.0515625 0.4875 0.040625 0.0984375
2 0.1703125 0.346875 0.0171875 0.0390625
2 0.125 0.3484375 0.01875 0.0421875
1 0.078125 0.3828125 0.053125 0.03125
3 0.0796875 0.646875 0.0484375 0.0359375
4 0.9296875 0.44375 0.140625 0.2625
3 0.0703125 0.7015625 0.0546875 0.0609375
2 0.9328125 0.5890625 0.1140625 0.1609375
1 0.678125 0.3359375 0.040625 0.034375
1 0.1515625 0.3234375 0.04375 0.0515625
2 0.565625 0.325 0.0140625 0.0234375