3 0.20243634259259258 0.7401388888888889 0.15296296296296302 0.10333333333333332
3 0.037581018518518514 0.5775694444444445 0.07516203703703703 0.1113888888888889
3 0.03778356481481482 0.4925694444444444 0.044918981481481476 0.09312499999999986
2 0.11408564814814814 0.42390625000000004 0.054745370370370375 0.05586805555555561
2 0.24510416666666668 0.4346354166666666 0.05543981481481488 0.07930555555555543
2 0.45402199074074073 0.42833333333333334 0.07097222222222221 0.07652777777777775
1 0.23724537037037036 0.6471006944444444 0.18399305555555562 0.14930555555555552
1 0.16575231481481484 0.57984375 0.1835763888888889 0.1352430555555557
1 0.09982060185185185 0.5095833333333333 0.12185185185185185 0.10732638888888886
1 0.19995949074074076 0.4015798611111111 0.0614583333333333 0.07163194444444443
2 0.2387962962962963 0.3836805555555555 0.04688657407407408 0.05413194444444454
1 0.32608796296296294 0.39265625000000004 0.05947916666666675 0.05753472222222218
1 0.29400462962962964 0.42008680555555555 0.09146990740740737 0.08322916666666665
2 0.40754629629629624 0.38743055555555556 0.043807870370370414 0.055624999999999945
2 0.42337384259259264 0.40732638888888884 0.04413194444444457 0.06656250000000004
0 0.10970486111111111 0.3870659722222222 0.10765046296296296 0.10232638888888879
1 0.15472222222222223 0.37164930555555553 0.041921296296296304 0.044652777777777784
1 0.4116261574074073 0.5399652777777778 0.21125000000000008 0.17333333333333342
1 0.6370543981481481 0.4777430555555555 0.22466435185185193 0.15177083333333333
2 0.6932291666666666 0.5079166666666667 0.10251157407407412 0.13968749999999996
1 0.8276388888888888 0.5625 0.29167824074074067 0.20010416666666675
1 0.18463541666666666 0.3910763888888889 0.049733796296296304 0.04482638888888886
1 0.2007465277777778 0.3750173611111111 0.036817129629629616 0.030486111111111124
1 0.05288773148148148 0.3521875 0.02574074074074073 0.025555555555555554
1 0.9427662037037038 0.3180208333333333 0.0551157407407409 0.06836805555555552
1 0.6947858796296297 0.3234548611111111 0.09376157407407408 0.055173611111111145
4 0.6113541666666666 0.31612847222222223 0.09693287037037024 0.056805555555555554
1 0.4842592592592593 0.33128472222222227 0.03861111111111111 0.03833333333333329
1 0.5343055555555555 0.33083333333333337 0.04472222222222229 0.033784722222222285
2 0.557193287037037 0.32352430555555556 0.024270833333333287 0.02864583333333339
1 0.4138194444444444 0.7034027777777778 0.22571759259259264 0.13461805555555556
1 0.4138310185185185 0.33362847222222225 0.042928240740740795 0.025937500000000037
1 0.45857060185185183 0.3275868055555556 0.02574074074074062 0.025555555555555554
4 0.3513773148148148 0.33067708333333334 0.04315972222222229 0.03375000000000004
0 0.20760416666666667 0.3282638888888889 0.05106481481481477 0.03704861111111111
4 0.06417824074074074 0.3141319444444444 0.03364583333333333 0.028854166666666715
4 0.09075810185185185 0.34052083333333333 0.052719907407407396 0.04020833333333336
0 0.10385995370370371 0.32048611111111114 0.04168981481481482 0.036840277777777784