1 0.57125 0.4491608796296297 0.10656250000000007 0.11626157407407404
1 0.5572222222222223 0.34360532407407407 0.09190972222222235 0.06736111111111107
2 0.1554513888888889 0.5386574074074074 0.10017361111111112 0.11290509259259274
1 0.8223958333333334 0.34392361111111114 0.1063194444444445 0.07569444444444447
1 0.4188888888888889 0.43764467592592593 0.1386111111111111 0.10028935185185191
0 0.7093402777777778 0.2552951388888889 0.10027777777777765 0.08015046296296298
1 0.6303124999999999 0.313599537037037 0.06614583333333321 0.04924768518518512
1 0.7892534722222223 0.2648148148148148 0.059965277777777715 0.05057870370370363
3 0.92734375 0.5974247685185186 0.09392361111111107 0.11267361111111107
2 0.7149305555555555 0.305005787037037 0.04284722222222222 0.05150462962962958
1 0.7578645833333334 0.5498842592592592 0.24534722222222224 0.18535879629629637
2 0.6704687500000001 0.3050925925925926 0.036388888888888894 0.0465856481481481
3 0.7587673611111111 0.5997685185185185 0.09013888888888885 0.1328125
1 0.7963715277777778 0.45564236111111106 0.16402777777777774 0.11059027777777786
3 0.9385243055555555 0.41605902777777776 0.07010416666666686 0.06811342592592595
3 0.9116666666666667 0.3359375 0.05190972222222214 0.0799189814814815
1 0.05951388888888889 0.6665798611111111 0.11902777777777777 0.16111111111111107
1 0.8549652777777776 0.277980324074074 0.05670138888888872 0.04733796296296298
1 0.8128125 0.24366319444444445 0.03739583333333343 0.03414351851851851
4 0.6631076388888889 0.22502893518518516 0.08701388888888886 0.0625
1 0.26784722222222224 0.36134259259259255 0.055208333333333394 0.04884259259259256
1 0.09640625 0.4105902777777778 0.09079861111111112 0.04236111111111107
1 0.39743055555555556 0.6396701388888889 0.24347222222222217 0.2133680555555557