1 0.6859375 0.4432291666666666 0.18119212962962958 0.1302314814814814
1 0.6753761574074074 0.3701851851851852 0.16099537037037023 0.09061342592592592
0 0.27531828703703703 0.34145833333333336 0.13321759259259255 0.09915509259259263
1 0.17873263888888888 0.441869212962963 0.0932291666666667 0.0729976851851852
1 0.5028356481481481 0.47752893518518513 0.18449074074074084 0.13501157407407405
2 0.8692708333333332 0.4448206018518519 0.09884259259259238 0.0981365740740742
1 0.2273148148148148 0.6472337962962963 0.24600694444444446 0.19458333333333327
1 0.09655671296296296 0.4692766203703703 0.08362268518518519 0.06646990740740755
3 0.30298032407407405 0.6902546296296297 0.09039351851851851 0.12285879629629619
1 0.18839699074074073 0.3705671296296297 0.049710648148148094 0.035810185185185264
1 0.17314814814814813 0.5715798611111111 0.16811342592592596 0.11423611111111107
4 0.10214120370370369 0.38170717592592596 0.08888888888888888 0.08223379629629637
1 0.8838252314814815 0.26255787037037037 0.11336805555555571 0.06891203703703708
2 0.3480902777777778 0.3993923611111111 0.04728009259259256 0.054467592592592595
2 0.2917824074074074 0.4026215277777778 0.05023148148148149 0.04987268518518526
3 0.04189814814814815 0.5543981481481481 0.06024305555555556 0.10947916666666657
1 0.26484375 0.39249421296296294 0.07204861111111108 0.048958333333333395
3 0.28955439814814815 0.5259895833333333 0.0695023148148148 0.10663194444444439
3 0.07317708333333334 0.7423263888888888 0.09149305555555556 0.11040509259259253
3 0.09181134259259258 0.787037037037037 0.08929398148148149 0.13531249999999986
2 0.8746527777777778 0.40486111111111106 0.10619212962962976 0.0858680555555555
1 0.9592881944444442 0.41640046296296296 0.05225694444444429 0.10456018518518526
2 0.29756944444444444 0.43600694444444443 0.047106481481481485 0.0497800925925926
2 0.38969907407407406 0.43483796296296295 0.060590277777777854 0.0767129629629629
1 0.17740162037037038 0.39352430555555556 0.057928240740740745 0.04697916666666675
1 0.44623842592592594 0.40428819444444447 0.09160879629629619 0.07138888888888886
2 0.5258391203703704 0.38320023148148147 0.0528356481481481 0.0780439814814815
1 0.784375 0.27174768518518516 0.06412037037037024 0.04560185185185191
1 0.7254340277777778 0.28285879629629634 0.0671875 0.04413194444444439
2 0.5844328703703704 0.2971817129629629 0.021238425925925952 0.0256018518518518
2 0.044531249999999994 0.3779513888888889 0.01973379629629629 0.027118055555555555
1 0.03423032407407407 0.36108796296296297 0.0306712962962963 0.02744212962962962
1 0.39835069444444443 0.3698090277777778 0.07060185185185182 0.05203703703703706
2 0.3901909722222222 0.37941550925925926 0.029803240740740655 0.04614583333333337
1 0.028009259259259255 0.42370370370370375 0.042303240740740745 0.046516203703703594