0 0.6859375 0.553125 0.5125 0.3953125
0 0.309375 0.2859375 0.06875 0.0421875
2 0.1546875 0.340625 0.028125 0.04375
2 0.18125 0.340625 0.01875 0.046875
2 0.3640625 0.4296875 0.0265625 0.0765625
2 0.35 0.390625 0.0171875 0.028125
2 0.9703125 0.646875 0.059375 0.178125
1 0.2421875 0.60625 0.196875 0.1546875
1 0.1734375 0.5234375 0.1390625 0.103125
1 0.25 0.3578125 0.053125 0.0453125
1 0.39375 0.3921875 0.0546875 0.05
1 0.2875 0.384375 0.065625 0.0625
1 0.2078125 0.31875 0.0359375 0.021875
4 0.096875 0.2953125 0.0359375 0.040625
3 0.1375 0.3953125 0.025 0.0234375
3 0.034375 0.503125 0.05 0.0703125
3 0.0421875 0.465625 0.0359375 0.040625
3 0.0484375 0.409375 0.021875 0.071875
1 0.4875 0.3796875 0.0734375 0.028125
1 0.5921875 0.3375 0.0453125 0.025
1 0.6703125 0.3390625 0.04375 0.03125
1 0.7234375 0.3453125 0.0359375 0.0171875
1 0.909375 0.3703125 0.09375 0.03125
1 0.85625 0.35625 0.0765625 0.03125
1 0.8125 0.3546875 0.0546875 0.01875
1 0.0546875 0.3734375 0.065625 0.046875