2 0.871105324074074 0.35859375 0.017164351851851833 0.030729166666666696
1 0.47130787037037036 0.4409375 0.11251157407407408 0.09781250000000004
1 0.8017997685185186 0.64359375 0.2034953703703703 0.17083333333333323
1 0.8472395833333334 0.3788020833333333 0.05456018518518526 0.061249999999999895
0 0.11015625 0.7430729166666667 0.12488425925925925 0.15625
2 0.7320659722222222 0.42484374999999996 0.046666666666666676 0.05916666666666668
1 0.8472222222222221 0.5586458333333333 0.1506597222222222 0.11281250000000007
1 0.8915625 0.43781250000000005 0.07807870370370366 0.06437500000000007
2 0.8885590277777776 0.33484375 0.03467592592592581 0.038124999999999964
2 0.5057523148148148 0.45958333333333334 0.046481481481481526 0.08562499999999992
1 0.5719097222222222 0.4141666666666667 0.09197916666666668 0.06218749999999993
2 0.711111111111111 0.45614583333333336 0.06482638888888878 0.07906250000000004
4 0.22651041666666666 0.5546354166666667 0.4147800925925925 0.37177083333333344
1 0.7424594907407407 0.38505208333333335 0.06312500000000014 0.046250000000000034
1 0.834537037037037 0.4791666666666667 0.11811342592592596 0.08572916666666668
1 0.0797337962962963 0.3665625 0.1252777777777778 0.07374999999999998
4 0.1971585648148148 0.33390624999999996 0.31804398148148144 0.18781250000000008
1 0.6769965277777779 0.3838020833333333 0.07759259259259252 0.05500000000000007
2 0.875642361111111 0.34098958333333335 0.021446759259259096 0.02322916666666668
3 0.9698813657407406 0.7217708333333334 0.06023726851851876 0.060104166666666715
3 0.9667013888888889 0.6857291666666667 0.06525462962962969 0.05729166666666678
2 0.7647627314814814 0.36473958333333334 0.028263888888888998 0.03458333333333332
4 0.8093692129629628 0.3241145833333333 0.07438657407407412 0.05322916666666666
3 0.964380787037037 0.5508854166666667 0.052604166666666785 0.14364583333333325
3 0.9772511574074073 0.49880208333333337 0.029456018518518333 0.08760416666666657
3 0.9470081018518519 0.47109375 0.018726851851851835 0.03083333333333336
2 0.8054282407407406 0.36822916666666666 0.023576388888889 0.03427083333333334
2 0.8045428240740741 0.39619791666666665 0.032037037037036954 0.04729166666666664
3 0.7069155092592593 0.7205729166666666 0.15197916666666664 0.10822916666666664
2 0.8914178240740741 0.3599479166666667 0.022337962962962976 0.04041666666666668
2 0.9204976851851852 0.35020833333333334 0.022094907407407403 0.03572916666666668