4 0.2646354166666667 0.25787037037037036 0.20180555555555557 0.1255208333333333
1 0.8328993055555556 0.41643518518518513 0.11930555555555564 0.09137731481481488
0 0.10510416666666667 0.35434027777777777 0.18965277777777775 0.2725694444444445
1 0.31875 0.4349247685185185 0.24243055555555557 0.19861111111111107
1 0.83234375 0.5450231481481481 0.19593750000000015 0.16869212962962976
1 0.7640625 0.6135706018518519 0.23857638888888885 0.21701388888888892
1 0.6775520833333333 0.4130497685185185 0.12802083333333342 0.11226851851851852
1 0.5496701388888889 0.49855324074074076 0.21482638888888897 0.17320601851851852
2 0.8681597222222223 0.34563078703703703 0.03624999999999971 0.04473379629629628
1 0.7774305555555555 0.35 0.07118055555555572 0.05978009259259256
2 0.6688368055555556 0.3580439814814815 0.04100694444444457 0.046643518518518515
2 0.6016493055555555 0.3630208333333333 0.044756944444444356 0.0609375
2 0.0684201388888889 0.4989293981481481 0.09864583333333332 0.15214120370370382
1 0.91375 0.3485243055555555 0.04541666666666657 0.040740740740740744
1 0.8652777777777778 0.3160590277777778 0.04670138888888857 0.03460648148148149
1 0.8966319444444444 0.316087962962963 0.03256944444444443 0.03200231481481488
3 0.7186111111111112 0.649074074074074 0.14854166666666657 0.18854166666666677
3 0.9259375000000001 0.693287037037037 0.1438194444444445 0.15237268518518512
3 0.9672309027777779 0.5255497685185185 0.06553819444444428 0.1046875
3 0.9673437500000001 0.44331597222222224 0.05211805555555564 0.08640046296296297
3 0.9262326388888888 0.43538773148148147 0.05572916666666679 0.09756944444444446
3 0.8853298611111111 0.43214699074074076 0.04906250000000014 0.0877314814814815
2 0.9548958333333333 0.35723379629629626 0.031631944444444574 0.045949074074074045
2 0.9476041666666667 0.33425925925925926 0.026527777777777574 0.036226851851851906
1 0.9289756944444445 0.3207465277777778 0.04194444444444443 0.03269675925925926
4 0.9474652777777777 0.2958622685185185 0.05697916666666671 0.055613425925925955
4 0.9078298611111112 0.2682291666666667 0.05697916666666671 0.055613425925925955
2 0.7156597222222223 0.33576388888888886 0.03184027777777772 0.05063657407407405
2 0.7369965277777778 0.3749421296296296 0.03864583333333336 0.06359953703703702
2 0.6325173611111111 0.38738425925925923 0.04864583333333332 0.07835648148148149
2 0.24866319444444446 0.5333912037037036 0.133125 0.19207175925925918