1 0.81078125 0.5896006944444444 0.23864583333333336 0.15950231481481475
1 0.5507291666666667 0.4289467592592593 0.11437500000000007 0.07581018518518512
3 0.9101041666666667 0.4262847222222222 0.03791666666666664 0.07680555555555557
1 0.8892708333333333 0.3834490740740741 0.08374999999999985 0.061527777777777806
1 0.8397395833333334 0.3205034722222222 0.05604166666666686 0.04414351851851848
2 0.7122916666666667 0.3785069444444445 0.03541666666666661 0.06273148148148149
1 0.8487500000000001 0.5025578703703704 0.15333333333333315 0.09796296296296295
1 0.7571354166666666 0.3476909722222222 0.06135416666666664 0.05355324074074073
1 0.9146354166666667 0.3066608796296296 0.047395833333333214 0.03158564814814815
1 0.6114062499999999 0.3659664351851852 0.09739583333333321 0.05538194444444446
3 0.978515625 0.47335069444444444 0.04296875 0.07081018518518523
1 0.6075 0.5653125 0.18572916666666667 0.13880787037037035
1 0.9 0.2747222222222222 0.03125 0.023657407407407405
2 0.7705208333333333 0.36087962962962966 0.04083333333333332 0.050277777777777824
2 0.8313541666666666 0.35886574074074074 0.035833333333333425 0.04555555555555557
2 0.805625 0.3481134259259259 0.0279166666666665 0.043935185185185154
0 0.26765625 0.5678298611111111 0.49052083333333335 0.47059027777777784
1 0.8858854166666668 0.29749421296296297 0.048645833333333145 0.02690972222222223
3 0.9722916666666667 0.4211342592592593 0.039999999999999855 0.08462962962962965
3 0.9489583333333332 0.3994212962962963 0.038125000000000145 0.07993055555555557
2 0.40828125000000004 0.6957581018518518 0.1414583333333333 0.1775231481481482
3 0.9399479166666665 0.34633680555555557 0.055104166666666995 0.030081018518518476
1 0.8748958333333334 0.2733449074074074 0.02020833333333343 0.022013888888888822
1 0.8981770833333332 0.2591030092592592 0.02250000000000014 0.009537037037036988
1 0.8452604166666667 0.28607060185185185 0.03458333333333315 0.026805555555555572
2 0.84109375 0.2939178240740741 0.00989583333333357 0.00788194444444441
1 0.7924479166666667 0.30287615740740736 0.03770833333333332 0.026828703703703737
2 0.6792708333333334 0.35217592592592595 0.026875000000000072 0.05173611111111107
1 0.6727083333333332 0.3358101851851852 0.0642708333333335 0.05045138888888889
0 0.4839583333333334 0.3184490740740741 0.054166666666666786 0.03944444444444439
1 0.5604166666666666 0.3045949074074074 0.025520833333333215 0.03142361111111107
1 0.3042708333333334 0.2963310185185185 0.20687499999999998 0.0811805555555555
2 0.49729166666666663 0.4012037037037037 0.040000000000000036 0.06120370370370374