0 0.8574710648148148 0.253275462962963 0.05526620370370381 0.03987268518518512
0 0.07855902777777778 0.3995138888888889 0.14707175925925925 0.1209027777777778
0 0.5589814814814815 0.2980613425925926 0.09782407407407412 0.06549768518518517
4 0.7535532407407407 0.2509548611111111 0.05211805555555564 0.038263888888888875
0 0.8959085648148148 0.21166666666666661 0.026886574074073976 0.022268518518518476
1 0.8393229166666668 0.2936226851851852 0.036562500000000143 0.04271990740740748
2 0.8939293981481482 0.2889641203703704 0.017650462962962975 0.03150462962962965
1 0.8569560185185185 0.27123263888888893 0.022222222222222143 0.023761574074074154
1 0.5934837962962962 0.4126099537037037 0.0715162037037036 0.08229166666666661
1 0.7048726851851852 0.4447222222222222 0.10479166666666657 0.11402777777777776
1 0.8826967592592594 0.42704861111111114 0.1142824074074074 0.12197916666666657
1 0.24531828703703704 0.37308449074074074 0.05365740740740739 0.03672453703703704
4 0.31918402777777777 0.5085243055555555 0.21833333333333335 0.1860069444444445
1 0.7913425925925927 0.5873784722222222 0.1963657407407407 0.17943287037037034
1 0.8291898148148149 0.5059259259259259 0.17393518518518505 0.1416087962962962
1 0.8845138888888888 0.3388136574074074 0.07438657407407412 0.06515046296296294
1 0.7425578703703704 0.3523321759259259 0.08401620370370359 0.08247685185185186
1 0.465462962962963 0.4177430555555556 0.1137731481481481 0.08760416666666675
1 0.7949652777777778 0.304681712962963 0.04276620370370363 0.039687499999999966
1 0.7614062500000001 0.3065277777777778 0.03166666666666664 0.028587962962962975
1 0.7054456018518518 0.32522569444444444 0.05687499999999997 0.043020833333333286
2 0.5433680555555556 0.40405671296296297 0.04814814814814809 0.08663194444444447
3 0.9646817129629628 0.4595254629629629 0.07063657407407434 0.09168981481481495
3 0.9374131944444443 0.37708912037037035 0.03231481481481495 0.07233796296296298
3 0.9533217592592592 0.3437384259259259 0.020891203703703808 0.03936342592592599