1 0.7486284722222223 0.5495659722222221 0.19423611111111114 0.10215277777777772
1 0.8021006944444444 0.4960706018518518 0.15368055555555565 0.10317129629629633
1 0.13309027777777777 0.5424652777777779 0.2580555555555556 0.16476851851851854
1 0.8487326388888888 0.3289988425925926 0.063784722222222 0.06105324074074074
1 0.6471875 0.47913194444444446 0.1852777777777778 0.12041666666666676
2 0.06734375000000001 0.3406423611111111 0.0367361111111111 0.03780092592592599
1 0.4949826388888889 0.3754340277777778 0.075 0.07412037037037038
1 0.764982638888889 0.3052488425925926 0.04437499999999996 0.03039351851851855
1 0.114375 0.43652777777777774 0.22375000000000003 0.09587962962962955
1 0.43187499999999995 0.3006712962962963 0.04902777777777771 0.02907407407407412
3 0.9488888888888889 0.3870138888888889 0.0235069444444445 0.07457175925925927
1 0.8050868055555556 0.2914641203703704 0.04756944444444429 0.03368055555555553
1 0.44890625 0.4472743055555556 0.11767361111111115 0.09818287037037052
2 0.4028819444444444 0.41142361111111114 0.0374305555555555 0.06905092592592581
1 0.7346354166666667 0.5822858796296296 0.2053472222222222 0.18076388888888886
1 0.216875 0.31884259259259257 0.08826388888888888 0.03891203703703709
2 0.7212152777777778 0.3082986111111111 0.018020833333333285 0.038391203703703705
2 0.4184895833333334 0.48162615740740744 0.07472222222222236 0.13185185185185197
2 0.7753472222222222 0.33046296296296296 0.026076388888888857 0.04973379629629626
2 0.3089236111111111 0.3203125 0.022534722222222213 0.030821759259259274
1 0.48973958333333334 0.29532986111111115 0.038124999999999964 0.030069444444444392
2 0.17940972222222223 0.6352662037037037 0.11677083333333335 0.19802083333333337
2 0.5048263888888889 0.49431712962962965 0.05711805555555553 0.1122106481481481
1 0.6309027777777778 0.36916666666666664 0.08736111111111118 0.0685185185185185
2 0.7508506944444445 0.34421875 0.024583333333333356 0.052777777777777854
0 0.7528298611111112 0.25515625000000003 0.04760416666666671 0.035243055555555534
4 0.8756076388888889 0.278443287037037 0.04791666666666643 0.04930555555555553
1 0.9356423611111111 0.3510243055555556 0.07927083333333336 0.055613425925925955
4 0.8771875 0.24246527777777777 0.056805555555555644 0.02791666666666668
2 0.9143923611111111 0.3240335648148148 0.017881944444444287 0.0321412037037037
2 0.9301909722222224 0.2802951388888889 0.014513888888888715 0.021041666666666625
2 0.9146180555555556 0.27876157407407404 0.01302083333333357 0.02408564814814813
2 0.9141145833333333 0.26630208333333333 0.006493055555555571 0.011261574074074066
2 0.9037326388888889 0.2769849537037037 0.013090277777777715 0.02721064814814813
1 0.9373958333333332 0.30723379629629627 0.025659722222222216 0.030983796296296263
3 0.9163888888888888 0.4097685185185185 0.02135416666666643 0.04792824074074069
3 0.9340104166666666 0.35423032407407407 0.014270833333333144 0.010104166666666714
3 0.9483680555555555 0.4806828703703704 0.05763888888888893 0.06541666666666668
3 0.8950694444444445 0.6668287037037037 0.061423611111111144 0.09526620370370367
3 0.7113888888888888 0.6451388888888889 0.06677083333333336 0.12519675925925924