1 0.2328125 0.6046875 0.209375 0.153125
4 0.3328125 0.35 0.059375 0.046875
2 0.7234375 0.696875 0.0953125 0.165625
1 0.184375 0.534375 0.1609375 0.109375
0 0.5609375 0.5421875 0.421875 0.35
2 0.2125 0.3609375 0.0390625 0.0578125
1 0.2484375 0.3453125 0.0484375 0.0328125
4 0.4109375 0.3625 0.0703125 0.0328125
2 0.9453125 0.3765625 0.0296875 0.0359375
3 0.0375 0.5046875 0.06875 0.06875
2 0.29375 0.378125 0.034375 0.0734375
1 0.290625 0.334375 0.0421875 0.0296875
2 0.928125 0.6859375 0.1328125 0.1890625
1 0.1328125 0.3203125 0.040625 0.0171875
2 0.8390625 0.609375 0.0828125 0.153125
4 0.65 0.3046875 0.1953125 0.1046875
4 0.2453125 0.271875 0.0734375 0.059375
2 0.1375 0.340625 0.0203125 0.040625
2 0.828125 0.353125 0.0328125 0.021875