3 0.08125 0.671875 0.109375 0.1140625
3 0.0734375 0.6953125 0.08125 0.078125
3 0.453125 0.74375 0.0890625 0.0765625
2 0.875 0.696875 0.21875 0.1703125
1 0.240625 0.61875 0.215625 0.1640625
1 0.1890625 0.5390625 0.1734375 0.125
1 0.5828125 0.5171875 0.184375 0.1203125
2 0.8125 0.5390625 0.0984375 0.1265625
2 0.75 0.484375 0.0734375 0.1015625
2 0.734375 0.425 0.05625 0.08125
2 0.78125 0.453125 0.0625 0.0921875
1 0.3609375 0.475 0.1578125 0.1234375
3 0.034375 0.503125 0.0640625 0.0890625
3 0.0359375 0.475 0.0625 0.0703125
1 0.1296875 0.4125 0.096875 0.06875
1 0.075 0.3984375 0.0671875 0.0640625
3 0.0578125 0.4078125 0.0390625 0.053125
3 0.1046875 0.4140625 0.0359375 0.065625
2 0.134375 0.440625 0.0515625 0.0859375
1 0.559375 0.4234375 0.11875 0.090625
2 0.5890625 0.44375 0.0578125 0.0421875
2 0.4265625 0.40625 0.04375 0.065625
1 0.35625 0.36875 0.065625 0.071875
2 0.3921875 0.3921875 0.0359375 0.0671875
2 0.434375 0.390625 0.0328125 0.0609375
1 0.1203125 0.34375 0.053125 0.046875
1 0.0609375 0.34375 0.0546875 0.0390625
1 0.1890625 0.3578125 0.05625 0.059375
2 0.2 0.36875 0.028125 0.0625
1 0.2640625 0.4359375 0.090625 0.0984375
1 0.2859375 0.3875 0.0734375 0.0546875
2 0.2234375 0.3546875 0.0234375 0.046875
2 0.2421875 0.3640625 0.021875 0.053125
1 0.2640625 0.340625 0.0421875 0.03125
2 0.259375 0.3453125 0.028125 0.0390625
1 0.325 0.334375 0.0515625 0.034375
4 0.2890625 0.3234375 0.053125 0.0390625
1 0.165625 0.334375 0.03125 0.034375
1 0.0921875 0.3203125 0.0375 0.0375
1 0.171875 0.3109375 0.034375 0.0203125
1 0.2359375 0.321875 0.034375 0.0265625
1 0.0796875 0.2984375 0.0328125 0.0203125
1 0.103125 0.3046875 0.0265625 0.025
1 0.1359375 0.2921875 0.0328125 0.0234375
4 0.590625 0.3109375 0.16875 0.0671875
1 0.4796875 0.315625 0.0484375 0.025
4 0.35625 0.296875 0.0578125 0.0375
1 0.396875 0.3 0.0328125 0.0234375
1 0.709375 0.35 0.0640625 0.0296875
1 0.7796875 0.353125 0.0703125 0.034375
1 0.8265625 0.3453125 0.05625 0.040625
2 0.85625 0.3546875 0.03125 0.0234375
1 0.9203125 0.3546875 0.096875 0.0515625
3 0.965625 0.3640625 0.025 0.0484375
1 0.9859375 0.3609375 0.028125 0.0578125