4 0.6210011574074075 0.38480902777777776 0.09063657407407408 0.09380787037037042
1 0.6910937500000001 0.6270543981481481 0.21869212962962958 0.18744212962962975
1 0.7650231481481481 0.5697337962962964 0.1557291666666666 0.14612268518518512
1 0.40825810185185185 0.39736689814814813 0.13495370370370363 0.10636574074074075
2 0.5309953703703704 0.3912615740740741 0.04871527777777764 0.06730324074074075
1 0.525462962962963 0.36261574074074077 0.08260416666666667 0.05920138888888893
2 0.32221064814814815 0.522974537037037 0.09988425925925926 0.1518518518518519
2 0.1584085648148148 0.49395254629629637 0.10712962962962962 0.1412037037037038
2 0.07852430555555555 0.45558449074074076 0.10219907407407407 0.13634259259259257
2 0.15311921296296296 0.6711516203703705 0.14885416666666665 0.10376157407407405
2 0.6204166666666666 0.42615740740740743 0.05733796296296294 0.08321759259259257
3 0.6773206018518518 0.6821469907407407 0.07668981481481474 0.15567129629629636
3 0.9151041666666666 0.5626157407407407 0.08866898148148153 0.0859375
3 0.93234375 0.47074652777777776 0.047800925925925955 0.07974537037037041
1 0.8574768518518517 0.48599537037037044 0.11949074074074062 0.10891203703703703
1 0.7173726851851852 0.4210069444444445 0.08233796296296295 0.0841435185185185
1 0.8057233796296297 0.4013599537037037 0.061296296296296404 0.06932870370370363
1 0.7415972222222222 0.3748842592592593 0.061400462962962976 0.04126157407407405
1 0.07116319444444444 0.2967881944444445 0.07471064814814816 0.057349537037037025
1 0.8809548611111111 0.37907986111111114 0.06008101851851855 0.04589120370370372
1 0.8285069444444446 0.3529513888888889 0.04741898148148138 0.042303240740740745