1 0.10135416666666666 0.41134259259259254 0.19123842592592594 0.15387731481481487
1 0.2794270833333333 0.46712962962962956 0.14909722222222221 0.1554398148148149
1 0.5256886574074074 0.5402777777777777 0.12675925925925924 0.12337962962962959
1 0.49473958333333334 0.45402199074074073 0.1215856481481481 0.09039351851851851
1 0.5119560185185186 0.40390625 0.06020833333333329 0.05844907407407405
1 0.7036226851851852 0.4812789351851852 0.09021990740740726 0.08142361111111107
1 0.6810763888888889 0.43515625 0.06809027777777779 0.06342592592592596
1 0.5591666666666667 0.74453125 0.23391203703703703 0.1882523148148149
1 0.892795138888889 0.5484085648148148 0.11699074074074076 0.09646990740740743
1 0.7479340277777777 0.67890625 0.20243055555555553 0.17146990740740745
1 0.8125636574074075 0.6141493055555556 0.17351851851851877 0.11730324074074083
1 0.8317824074074075 0.4883680555555555 0.11053240740740762 0.08217592592592596
1 0.3800636574074074 0.40839120370370374 0.11993055555555551 0.08408564814814809
1 0.9238888888888889 0.48631365740740745 0.08061342592592595 0.06545138888888893
1 0.529079861111111 0.3475405092592593 0.039456018518518474 0.028009259259259255
4 0.6418344907407407 0.36889467592592595 0.11983796296296294 0.0778356481481481
4 0.5903472222222221 0.4247685185185185 0.11060185185185176 0.08686342592592596
0 0.80734375 0.3672164351851852 0.03805555555555529 0.03888888888888893
2 0.8376793981481481 0.41206597222222224 0.022407407407407477 0.03674768518518512
4 0.8604108796296297 0.36527777777777776 0.050601851851851974 0.042476851851851904
2 0.9488946759259258 0.4349247685185185 0.01918981481481481 0.030381944444444465
2 0.8978240740740742 0.4135127314814815 0.017534722222222143 0.024074074074074046
0 0.901082175925926 0.3699074074074074 0.03329861111111114 0.03402777777777777
0 0.5781828703703704 0.34155092592592595 0.06163194444444429 0.049131944444444464
1 0.374849537037037 0.3199652777777778 0.03318287037037031 0.026215277777777768
1 0.2629224537037037 0.3017650462962963 0.0584143518518518 0.04276620370370363
1 0.26451967592592596 0.3041666666666667 0.05370370370370372 0.04103009259259256
2 0.37309027777777776 0.5174479166666667 0.09243055555555557 0.1252314814814815
2 0.3388888888888889 0.6333043981481481 0.12104166666666671 0.1590856481481481
3 0.960335648148148 0.6274305555555555 0.07307870370370395 0.08391203703703702
3 0.9844357638888889 0.5550636574074075 0.031128472222222214 0.07326388888888893
3 0.9606828703703704 0.5454571759259259 0.03711805555555543 0.08101851851851852
2 0.7018113425925926 0.5171296296296296 0.054467592592592595 0.09259259259259274
2 0.6382523148148148 0.4960358796296296 0.052858796296296265 0.08940972222222214
2 0.6183854166666667 0.47265625 0.04178240740740744 0.07962962962962958
2 0.7533217592592593 0.46281828703703703 0.03206018518518512 0.05584490740740744
2 0.9116898148148149 0.40075231481481477 0.01280092592592581 0.020775462962962975
1 0.9369791666666666 0.42120949074074077 0.03162037037037031 0.02615740740740744
1 0.7859143518518519 0.4491898148148149 0.03339120370370381 0.04027777777777786
2 0.4562384259259259 0.332349537037037 0.01592592592592599 0.02089120370370363
2 0.4108680555555555 0.32676504629629627 0.01905092592592581 0.021006944444444463
1 0.51015625 0.3351273148148148 0.025393518518518475 0.02748842592592595
1 0.08057870370370371 0.27392939814814815 0.06487268518518521 0.05706018518518521