1 0.6640625 0.5640625 0.18125 0.125
1 0.2328125 0.5796875 0.1625 0.0875
1 0.134375 0.4125 0.1015625 0.065625
1 0.4375 0.46875 0.1359375 0.090625
1 0.178125 0.5234375 0.140625 0.090625
1 0.3390625 0.3890625 0.0828125 0.0515625
2 0.2921875 0.4328125 0.053125 0.075
4 0.734375 0.4 0.328125 0.165625
1 0.1296875 0.3375 0.040625 0.0375
2 0.5390625 0.596875 0.0796875 0.15
1 0.159375 0.3046875 0.0359375 0.0234375
1 0.23125 0.3328125 0.04375 0.03125
4 0.4078125 0.3015625 0.040625 0.0296875
2 0.171875 0.325 0.0234375 0.0265625
1 0.1359375 0.3109375 0.0328125 0.0203125
1 0.2703125 0.353125 0.05625 0.0390625
1 0.08125 0.3015625 0.025 0.0265625
1 0.95625 0.51875 0.0859375 0.1484375
2 0.1828125 0.3421875 0.0234375 0.03125
4 0.8875 0.340625 0.1890625 0.09375
4 0.278125 0.28125 0.0640625 0.03125
4 0.1796875 0.2734375 0.034375 0.021875
2 0.4265625 0.3984375 0.0359375 0.04375
2 0.671875 0.465625 0.0578125 0.0734375
3 0.2359375 0.4734375 0.0265625 0.040625
3 0.0375 0.5078125 0.05625 0.059375
3 0.046875 0.421875 0.015625 0.071875
3 0.0671875 0.434375 0.01875 0.0640625
3 0.0796875 0.6859375 0.046875 0.0796875
3 0.2609375 0.6765625 0.053125 0.1203125
1 0.059375 0.3765625 0.0671875 0.03125
1 0.0546875 0.334375 0.040625 0.0328125
1 0.1078125 0.31875 0.0234375 0.025
1 0.128125 0.290625 0.0171875 0.015625
1 0.109375 0.296875 0.0234375 0.0171875
1 0.2875 0.334375 0.046875 0.03125
1 0.3453125 0.3453125 0.05 0.0390625