1 0.8109375 0.465625 0.1703125 0.0921875
4 0.359375 0.378125 0.1328125 0.13125
1 0.6 0.6328125 0.196875 0.221875
1 0.6125 0.45625 0.1625 0.090625
1 0.240625 0.6078125 0.1921875 0.14375
1 0.178125 0.5421875 0.15 0.11875
2 0.2125 0.353125 0.0328125 0.0421875
2 0.2625 0.3515625 0.0265625 0.0390625
0 0.140625 0.2875 0.0625 0.040625
1 0.65625 0.571875 0.1625 0.1578125
3 0.0671875 0.41875 0.0625 0.08125
1 0.090625 0.309375 0.0390625 0.0265625
3 0.28125 0.653125 0.1015625 0.1515625
2 0.1609375 0.3453125 0.021875 0.046875
2 0.18125 0.340625 0.01875 0.0328125
1 0.50625 0.4171875 0.1 0.065625
3 0.040625 0.5078125 0.0671875 0.071875
0 0.4140625 0.296875 0.0703125 0.0375
3 0.0609375 0.671875 0.1078125 0.1109375
2 0.140625 0.353125 0.015625 0.046875
1 0.090625 0.28125 0.021875 0.0171875
2 0.1546875 0.309375 0.015625 0.0265625
1 0.13125 0.334375 0.0421875 0.040625
4 0.29375 0.3140625 0.103125 0.090625
1 0.4859375 0.3171875 0.0390625 0.0265625
2 0.5609375 0.321875 0.0203125 0.0234375