1 0.309375 0.490625 0.1734375 0.096875
1 0.125 0.34375 0.0578125 0.04375
1 0.2375 0.6046875 0.2078125 0.153125
4 0.6671875 0.453125 0.203125 0.1765625
2 0.4546875 0.409375 0.0578125 0.0609375
1 0.1875 0.521875 0.1515625 0.08125
1 0.9265625 0.359375 0.1078125 0.0484375
2 0.2296875 0.36875 0.0328125 0.0453125
1 0.1796875 0.3421875 0.046875 0.0421875
1 0.1796875 0.30625 0.0421875 0.021875
3 0.0640625 0.7203125 0.0765625 0.121875
1 0.1265625 0.4046875 0.0765625 0.0453125
3 0.0546875 0.4859375 0.0484375 0.1171875
1 0.2875 0.35625 0.05625 0.0328125
1 0.2890625 0.33125 0.0484375 0.028125
2 0.134375 0.4375 0.053125 0.0765625
2 0.5296875 0.509375 0.0609375 0.1171875
3 0.0765625 0.6765625 0.0453125 0.1109375
1 0.8171875 0.346875 0.04375 0.0328125
2 0.0984375 0.290625 0.015625 0.03125
1 0.1328125 0.296875 0.0359375 0.0234375
2 0.0828125 0.2828125 0.0109375 0.01875
2 0.590625 0.3328125 0.01875 0.0265625
4 0.4828125 0.3125 0.0453125 0.0359375
1 0.0734375 0.390625 0.065625 0.046875