4 0.5805381944444445 0.2897974537037037 0.14635416666666679 0.12464120370370368
3 0.9710763888888888 0.41251157407407407 0.057847222222222425 0.08761574074074066
3 0.9437152777777778 0.33666666666666667 0.02993055555555557 0.08270833333333334
3 0.8809722222222222 0.36416666666666664 0.0906944444444445 0.0780555555555555
2 0.8158159722222222 0.3182696759259259 0.026145833333333358 0.052858796296296265
2 0.8441840277777779 0.2925520833333333 0.024340277777777787 0.04184027777777777
2 0.7645486111111112 0.2990277777777778 0.024270833333333287 0.038715277777777765
1 0.7672743055555555 0.2808969907407407 0.04760416666666671 0.035243055555555534
1 0.7901736111111111 0.25546296296296295 0.03187500000000014 0.029745370370370415
4 0.7127777777777778 0.2571296296296296 0.09093750000000007 0.0889930555555555
1 0.10925347222222223 0.5520081018518519 0.19090277777777778 0.16284722222222214
2 0.4552777777777777 0.4957407407407407 0.06034722222222229 0.11706018518518527
1 0.4297569444444444 0.4384027777777778 0.15690972222222221 0.10802083333333332
1 0.7678472222222222 0.5530555555555555 0.1859375 0.15010416666666657
1 0.8393229166666668 0.4609664351851851 0.1539930555555557 0.11723379629629634
2 0.7355902777777777 0.40377314814814813 0.0438194444444445 0.07562499999999997
2 0.6612673611111111 0.4029340277777778 0.04378472222222225 0.07406249999999996
1 0.6532638888888889 0.3595486111111111 0.08440972222222225 0.07616898148148152
1 0.9232465277777777 0.29549189814814814 0.06493055555555571 0.04238425925925924
1 0.8600000000000001 0.2651388888888889 0.06319444444444429 0.034490740740740745
1 0.05451388888888888 0.41171296296296295 0.08083333333333334 0.05569444444444453
2 0.2941493055555555 0.6362789351851852 0.10673611111111114 0.1678472222222222
2 0.5560763888888889 0.4209027777777778 0.04892361111111114 0.09461805555555554
2 0.7558333333333334 0.36439814814814814 0.04350694444444443 0.061562499999999964
1 0.45161458333333326 0.7180613425925926 0.2820138888888888 0.1191898148148148
3 0.7751215277777778 0.6340219907407407 0.05527777777777772 0.1698611111111111