1 0.5703125 0.4578125 0.121875 0.0828125
1 0.2546875 0.34375 0.0578125 0.0328125
2 0.4921875 0.5390625 0.11875 0.121875
1 0.2328125 0.6078125 0.225 0.146875
0 0.1671875 0.296875 0.0515625 0.040625
2 0.6890625 0.5859375 0.0828125 0.1484375
4 0.89921875 0.31015625 0.2015625 0.1734375
1 0.13125 0.409375 0.071875 0.053125
2 0.259375 0.4078125 0.0390625 0.0375
1 0.3140625 0.3859375 0.0734375 0.0453125
3 0.18125 0.44375 0.0421875 0.065625
3 0.25625 0.4671875 0.046875 0.0875
3 0.1046875 0.359375 0.03125 0.0375
2 0.1421875 0.3203125 0.0234375 0.028125
3 0.046875 0.40625 0.0234375 0.046875
1 0.190625 0.375 0.0625 0.04375
3 0.115625 0.5765625 0.04375 0.1234375
1 0.165625 0.3125 0.03125 0.028125
3 0.0796875 0.5046875 0.034375 0.0921875
2 0.4625 0.540625 0.059375 0.125
1 0.3140625 0.346875 0.0640625 0.0234375
2 0.2046875 0.321875 0.0203125 0.025
1 0.3875 0.4265625 0.1125 0.078125
3 0.3015625 0.6875 0.0765625 0.1140625
2 0.0828125 0.3171875 0.0203125 0.0296875
3 0.9 0.44375 0.0703125 0.084375
3 0.071875 0.6953125 0.0734375 0.1390625