0 0.5234375 0.4385706018518518 0.328125 0.30711805555555555
0 0.4140625 0.27870370370370373 0.109375 0.0471643518518519
0 0.08984375 0.3339699074074074 0.1796875 0.1226851851851852
1 0.26796875 0.434056712962963 0.165625 0.07476851851851851
1 0.24765625 0.5207175925925925 0.209375 0.12800925925925916
2 0.246875 0.570775462962963 0.0703125 0.1598958333333332
1 0.834375 0.4530381944444445 0.125 0.10925925925925917
1 0.778125 0.5439236111111111 0.1734375 0.18003472222222214
1 0.853125 0.32274305555555555 0.115625 0.06012731481481488
1 0.5859375 0.6362847222222222 0.2171875 0.11296296296296297
1 0.87890625 0.3770833333333333 0.0984375 0.1057291666666667
3 0.82109375 0.38370949074074073 0.0265625 0.06603009259259256
3 0.96875 0.41886574074074073 0.053125 0.08049768518518512
3 0.95 0.3343171296296296 0.025 0.07372685185185182
2 0.7109375 0.280931712962963 0.0203125 0.04369212962962958
2 0.7640625 0.27465277777777775 0.0140625 0.04010416666666661
1 0.778395009375 0.27632435 0.788159146875 0.27543064687499996 0.7898733671875 0.2615997875 0.785831365625 0.2541560578125 0.7769243375 0.2481343328125 0.7730527687500001 0.25044211562499996 0.7574301484375 0.251872040625 0.752633296875 0.25719465 0.7527355578125 0.2630455578125 0.75763466875 0.2635738578125 0.763459065625 0.26108733281249996 0.7684604375 0.26746654062499997 0.768596784375 0.27526775 0.778395009375 0.27632435
2 0.7421875 0.27080439814814816 0.0171875 0.04033564814814818
2 0.821875 0.2742766203703703 0.0125 0.03530092592592595
2 0.80625 0.26449652777777777 0.0140625 0.03541666666666661
2 0.8578125 0.2567708333333333 0.015625 0.03865740740740744
1 0.8110476890625 0.24208091875 0.8092652953125 0.2520111703125 0.8122797531250001 0.2566188171875 0.81423258125 0.2564400765625 0.8199547171875 0.2481026453125 0.8219075437500001 0.247923903125 0.8230373484375001 0.25661089531250003 0.8309509187499999 0.2617468390625 0.833897203125 0.26245388125 0.8367753140625 0.259260315625 0.8385577078124999 0.24933006249999998 0.84143581875 0.246136496875 0.845341475 0.245779015625 0.8493493890625 0.2512724421875 0.8522275015625 0.24807887812499999 0.852125240625 0.2422279703125 0.84712386875 0.2358487625 0.8373256437500001 0.2347921625 0.8333518156249999 0.2312490390625 0.8177291953125 0.2326789640625 0.8110476890625 0.24208091875
2 0.8421875 0.25636574074074076 0.0125 0.03530092592592595
2 0.9109375 0.25830439814814815 0.0171875 0.03721064814814819
2 0.8953125 0.25321180555555556 0.015625 0.03240740740740744
2 0.9171875 0.2375289351851852 0.0125 0.022800925925925954
2 0.890625 0.23793402777777778 0.015625 0.01834490740740744
2 0.9328125 0.24027777777777776 0.0140625 0.036979166666666695
1 0.871875 0.23854166666666665 0.0171875 0.023148148148148185
1 0.8328125 0.2422164351851852 0.0203125 0.017129629629629585
1 0.828125 0.2378761574074074 0.025 0.015914351851851815
1 0.7796875 0.2594328703703703 0.021875 0.028182870370370417