0 0.34066550925925926 0.3517997685185185 0.19253472222222223 0.12278935185185187
1 0.49714120370370374 0.3752025462962963 0.08792824074074072 0.06973379629629636
3 0.936863425925926 0.6298495370370369 0.09479166666666679 0.14331018518518518
1 0.8337094907407409 0.33747685185185183 0.10548611111111086 0.0827430555555555
1 0.7725405092592592 0.5546064814814815 0.25629629629629636 0.21990740740740744
0 0.2800144675925926 0.6953993055555555 0.5600289351851852 0.4322916666666668
1 0.35343749999999996 0.47494212962962956 0.10024305555555557 0.0638541666666665
1 0.8773032407407406 0.31765625000000003 0.09427083333333357 0.07304398148148153
1 0.7985706018518519 0.46780092592592587 0.17898148148148146 0.13956018518518523
3 0.80625 0.6572569444444445 0.09975694444444443 0.152824074074074
3 0.9314467592592592 0.3904166666666667 0.09111111111111114 0.12446759259259252
0 0.6003819444444444 0.26879050925925924 0.08443287037037024 0.0571412037037037
3 0.8216550925925926 0.29567708333333337 0.03093749999999993 0.04306712962962962
2 0.7850752314814815 0.28990162037037037 0.032500000000000105 0.04311342592592595
1 0.765636574074074 0.2861979166666667 0.05276620370370377 0.04215277777777775
1 0.7345717592592592 0.27902199074074074 0.04481481481481477 0.037233796296296265
2 0.4191898148148148 0.41980902777777784 0.045092592592592594 0.04660879629629626
1 0.5222222222222223 0.4259895833333333 0.13085648148148152 0.0959837962962963
0 0.7017013888888889 0.22722222222222221 0.06232638888888893 0.048680555555555574
1 0.6719733796296297 0.30688078703703703 0.06057870370370359 0.04238425925925924
3 0.8186458333333334 0.39723958333333337 0.03902777777777757 0.05267361111111111
3 0.7811689814814814 0.39534722222222224 0.04413194444444457 0.06687499999999993
2 0.6981076388888889 0.3749016203703704 0.05700231481481488 0.07974537037037041
2 0.6561284722222223 0.3666203703703704 0.0487268518518519 0.06388888888888893
2 0.6135937499999999 0.37708912037037035 0.050428240740740725 0.06862268518518526
2 0.5851273148148148 0.36138888888888887 0.031168981481481596 0.05087962962962962
2 0.72421875 0.33814236111111107 0.04394675925925924 0.06062499999999993
2 0.6524594907407407 0.3321064814814815 0.026111111111111106 0.0382407407407408
1 0.7952141203703704 0.26439814814814816 0.05598379629629626 0.045370370370370415
1 0.1675289351851852 0.4420659722222222 0.08774305555555557 0.06348379629629637