1 0.7340277777777777 0.6150462962962963 0.2206018518518519 0.1578240740740741
4 0.6512210648148148 0.3580844907407407 0.06344907407407412 0.04888888888888889
2 0.23750578703703704 0.6949942129629629 0.10710648148148146 0.16791666666666671
1 0.7868518518518519 0.5458796296296297 0.16833333333333336 0.11370370370370378
0 0.4102083333333333 0.5446527777777778 0.44667824074074075 0.36098379629629634
2 0.7708854166666667 0.37147569444444445 0.043622685185185264 0.0581134259259259
1 0.7357581018518519 0.3555844907407407 0.05021990740740741 0.03473379629629632
4 0.5725289351851852 0.36844328703703705 0.0720949074074074 0.03489583333333339
2 0.03791087962962963 0.36917245370370366 0.031550925925925934 0.0361574074074074
3 0.9359259259259259 0.5196296296296297 0.07395833333333321 0.07083333333333339
2 0.6887847222222222 0.3872800925925926 0.03974537037037038 0.07370370370370374
1 0.6949594907407407 0.3435590277777778 0.043726851851851836 0.030000000000000072
2 0.0532494212962963 0.6786342592592594 0.1064988425925926 0.19163194444444437
1 0.8533796296296294 0.3330092592592592 0.04151620370370353 0.017488425925925987
2 0.12810185185185186 0.6043055555555557 0.09395833333333332 0.15532407407407406
4 0.3374479166666666 0.30495949074074075 0.20246527777777779 0.10927083333333334
4 0.7442534722222222 0.28218171296296296 0.07815972222222207 0.06149305555555555
2 0.8468576388888888 0.35328125000000005 0.02241898148148138 0.0407754629629629
2 0.15619212962962964 0.3489467592592593 0.033946759259259274 0.02211805555555557