1 0.19812500000000002 0.5980208333333333 0.23180555555555554 0.15979166666666664
1 0.3890625 0.4800115740740741 0.11750000000000008 0.11583333333333332
1 0.5678819444444445 0.38888888888888895 0.12302083333333336 0.0645023148148148
1 0.6775694444444444 0.7297164351851851 0.3329513888888888 0.08320601851851847
1 0.2873090277777778 0.3644328703703704 0.08197916666666671 0.05392361111111103
1 0.36519097222222224 0.36758680555555556 0.0692013888888889 0.04730324074074073
1 0.11041666666666668 0.3946412037037037 0.08354166666666667 0.05396990740740737
1 0.9258680555555555 0.5499305555555555 0.0938194444444445 0.14478009259259253
1 0.16135416666666666 0.5125057870370371 0.15253472222222225 0.0965856481481481
1 0.44189236111111113 0.36219328703703707 0.06722222222222207 0.03788194444444439
1 0.856388888888889 0.46304398148148157 0.1805208333333333 0.09429398148148138
1 0.3546701388888889 0.428755787037037 0.10760416666666668 0.06872685185185183
1 0.43604166666666666 0.4060590277777778 0.10086805555555553 0.05760416666666668
1 0.5663541666666667 0.5637037037037038 0.14750000000000013 0.1588541666666668
1 0.11673611111111111 0.32267361111111115 0.040729166666666664 0.03865740740740744
1 0.6888194444444444 0.4765914351851852 0.21440972222222215 0.084375
3 0.043993055555555556 0.6954340277777777 0.07819444444444444 0.07409722222222222
3 0.36951388888888886 0.7443055555555556 0.055208333333333394 0.04844907407407408
2 0.7623090277777778 0.5961284722222222 0.11024305555555554 0.12810185185185183
1 0.24128472222222222 0.3291261574074074 0.04947916666666661 0.02487268518518517
4 0.8067013888888889 0.3170543981481481 0.12840277777777764 0.08026620370370363
2 0.22147569444444443 0.3710648148148148 0.037951388888888896 0.046377314814814774
2 0.15828125 0.35343171296296294 0.046111111111111124 0.05442129629629626
3 0.03262152777777778 0.4421990740740741 0.025347222222222222 0.07877314814814813
3 0.04479166666666666 0.3965856481481481 0.041145833333333326 0.04803240740740735
2 0.2159201388888889 0.35562499999999997 0.039722222222222214 0.05111111111111111
3 0.024843749999999998 0.4956712962962963 0.049687499999999996 0.06738425925925924
1 0.5776562500000001 0.4322916666666667 0.13180555555555565 0.0866087962962963
3 0.06276041666666667 0.6418229166666667 0.051875000000000004 0.04366898148148159
2 0.12067708333333334 0.42710648148148145 0.0546875 0.07184027777777775
4 0.15119791666666665 0.267037037037037 0.07892361111111112 0.05539351851851855
1 0.5260763888888889 0.3113252314814815 0.06843749999999993 0.030115740740740728
1 0.2699652777777778 0.31579282407407405 0.01850694444444443 0.030196759259259222
2 0.2963541666666667 0.318912037037037 0.019583333333333286 0.019305555555555555
2 0.3348263888888889 0.33103587962962966 0.015173611111111106 0.025416666666666643
2 0.3742881944444444 0.3384490740740741 0.019374999999999965 0.014618055555555554
2 0.7106944444444444 0.4057233796296297 0.0624305555555555 0.07050925925925924
2 0.18241319444444443 0.3371122685185185 0.015868055555555573 0.04104166666666664
2 0.08388888888888889 0.3244270833333333 0.02055555555555555 0.041180555555555554
2 0.07065972222222222 0.30609375 0.012118055555555562 0.026886574074074066
2 0.09401041666666668 0.2897974537037037 0.027673611111111107 0.025787037037037042
1 0.1625 0.31117476851851855 0.03513888888888887 0.01820601851851853
1 0.1933333333333333 0.3196238425925926 0.02020833333333334 0.033368055555555554
1 0.2187152777777778 0.31028935185185186 0.02923611111111111 0.025833333333333285
1 0.9046701388888888 0.3422395833333333 0.07743055555555571 0.056909722222222216