1 0.903125 0.4484375 0.19375 0.153125
1 0.321875 0.41171875 0.0875 0.0625
1 0.2578125 0.64296875 0.2140625 0.175
1 0.1875 0.56640625 0.1515625 0.10625
1 0.61875 0.4578125 0.1671875 0.1078125
2 0.2 0.41875 0.04375 0.0546875
1 0.471875 0.4453125 0.11875 0.090625
1 0.2921875 0.48046875 0.134375 0.096875
2 0.16953125 0.38515625 0.0421875 0.0453125
4 0.253125 0.38359375 0.0796875 0.059375
1 0.1171875 0.40078125 0.04375 0.0359375
4 0.371875 0.36015625 0.103125 0.071875
4 0.22265625 0.33359375 0.078125 0.0625
1 0.9640625 0.6609375 0.071875 0.11875
3 0.05078125 0.5140625 0.03125 0.0984375
3 0.05234375 0.46953125 0.040625 0.053125
2 0.4078125 0.4640625 0.059375 0.0984375
1 0.4 0.39453125 0.0734375 0.0609375
4 0.71875 0.3953125 0.1734375 0.14375
1 0.1140625 0.38046875 0.0375 0.0234375
2 0.753125 0.70546875 0.0984375 0.09375
3 0.503125 0.74765625 0.084375 0.0796875
2 0.5890625 0.57109375 0.0765625 0.15
2 0.653125 0.54765625 0.06875 0.153125
2 0.5421875 0.51015625 0.0828125 0.1109375
4 0.49140625 0.3734375 0.1078125 0.0921875
1 0.128125 0.490625 0.046875 0.0875
1 0.1203125 0.45859375 0.090625 0.0703125
3 0.046875 0.5765625 0.0734375 0.075
3 0.040625 0.7015625 0.05 0.134375
3 0.10625 0.75078125 0.0671875 0.0703125
3 0.109375 0.709375 0.05 0.059375