1 0.7574768518518519 0.3020833333333333 0.05407407407407412 0.048819444444444395
1 0.4686805555555556 0.43464120370370374 0.14236111111111108 0.09476851851851861
1 0.5106076388888889 0.5749016203703704 0.1977083333333333 0.19826388888888893
1 0.7480555555555556 0.5590856481481481 0.23908564814814817 0.182951388888889
3 0.9347106481481482 0.4233796296296296 0.07420138888888914 0.07552083333333322
1 0.6419270833333333 0.3466724537037037 0.07166666666666668 0.05675925925925931
2 0.7115046296296297 0.3000810185185185 0.029745370370370415 0.031458333333333324
1 0.8574016203703703 0.2576099537037037 0.04741898148148138 0.04096064814814815
2 0.39741319444444445 0.7397395833333333 0.12318287037037035 0.11649305555555553
1 0.7916145833333333 0.4720775462962963 0.16553240740740732 0.11993055555555561
3 0.9095949074074074 0.38061342592592595 0.05725694444444436 0.08008101851851848
1 0.8363368055555556 0.3475752314814815 0.08769675925925924 0.06468749999999997
2 0.8217997685185185 0.26646412037037037 0.023414351851851832 0.029849537037037077
1 0.5011111111111111 0.3664583333333334 0.08524305555555553 0.04748842592592588
1 0.6100057870370371 0.32972800925925927 0.06657407407407412 0.04891203703703706
0 0.17953125 0.5931365740740742 0.3590625 0.5168518518518518
2 0.3827372685185185 0.6914293981481482 0.1157754629629629 0.12424768518518511
4 0.7378125 0.7114467592592593 0.23390046296296294 0.082951388888889
2 0.19708333333333333 0.7927662037037037 0.08193287037037038 0.0740162037037038
1 0.8728993055555556 0.30513310185185183 0.048252314814814665 0.02690972222222223
1 0.8034548611111111 0.2587905092592592 0.026701388888889 0.03299768518518516
2 0.7479166666666666 0.2756018518518518 0.030659722222222286 0.018969907407407404
1 0.7349189814814815 0.2702314814814815 0.03287037037037042 0.031481481481481485
1 0.8210763888888888 0.23523148148148149 0.030821759259259097 0.022094907407407403
4 0.6685300925925926 0.2402662037037037 0.07339120370370367 0.05989583333333339
1 0.39076967592592593 0.3407233796296296 0.045208333333333336 0.028449074074074064