0 0.1234375 0.3203125 0.0828125 0.065625
0 0.2625 0.2875 0.0453125 0.0296875
4 0.11875 0.2734375 0.053125 0.021875
0 0.109375 0.253125 0.028125 0.015625
0 0.1546875 0.2640625 0.0296875 0.0296875
4 0.759375 0.3484375 0.1015625 0.05
1 0.65 0.5234375 0.1796875 0.11875
1 0.4875 0.4546875 0.0953125 0.0703125
1 0.33125 0.459375 0.1671875 0.10625
1 0.24375 0.5921875 0.1828125 0.1203125
1 0.1734375 0.521875 0.1484375 0.0796875
1 0.271875 0.3640625 0.06875 0.046875
1 0.20625 0.340625 0.0421875 0.0390625
3 0.3046875 0.3515625 0.0421875 0.0453125
1 0.1203125 0.44375 0.1078125 0.0921875
2 0.5515625 0.48125 0.0484375 0.0890625
2 0.375 0.378125 0.0390625 0.0453125
2 0.228125 0.3734375 0.0203125 0.0609375
2 0.1171875 0.35 0.0234375 0.0453125
2 0.2296875 0.3359375 0.0171875 0.03125
3 0.1734375 0.7375 0.096875 0.0890625