1 0.7353472222222222 0.6109375 0.19715277777777782 0.146875
1 0.7909895833333334 0.53671875 0.15288194444444442 0.1
2 0.6523090277777778 0.3875 0.03965277777777772 0.0484375
1 0.8644444444444443 0.41328125 0.06989583333333335 0.0609375
2 0.1755729166666667 0.53203125 0.1408333333333333 0.1453125
0 0.05355902777777778 0.7109375 0.10711805555555556 0.125
3 0.6549826388888889 0.64375 0.11774305555555564 0.0828125
1 0.07954861111111111 0.46796875 0.15909722222222222 0.0796875
1 0.7869965277777778 0.45078125 0.1203125 0.0703125
1 0.7255208333333334 0.33984375 0.05947916666666657 0.0375
4 0.4455034722222222 0.43515625 0.24003472222222227 0.2328125
2 0.7665104166666666 0.384375 0.057048611111111036 0.053125
1 0.8614236111111111 0.340625 0.04427083333333357 0.046875
3 0.8811805555555555 0.66953125 0.056458333333333145 0.075
1 0.7816319444444444 0.34296875 0.04996527777777793 0.034375
1 0.03788194444444444 0.5359375 0.07576388888888888 0.121875
3 0.9191666666666667 0.4125 0.051145833333333356 0.0609375
3 0.906423611111111 0.5234375 0.0391319444444445 0.1421875
3 0.9200173611111111 0.48125 0.06347222222222229 0.0921875
1 0.9161979166666667 0.35625 0.026875000000000072 0.0421875
2 0.8222916666666666 0.3421875 0.03673611111111121 0.053125
4 0.8377256944444443 0.29375 0.06600694444444458 0.04375
2 0.8906944444444445 0.31484375 0.027152777777777713 0.0484375
4 0.7222048611111112 0.29140625 0.05152777777777775 0.034375
1 0.6360590277777778 0.36640625 0.09496527777777786 0.0625
4 0.014461805555555558 0.30703125 0.028923611111111115 0.1578125
1 0.23869791666666665 0.3421875 0.04819444444444443 0.0296875
2 0.1915798611111111 0.34765625 0.02326388888888884 0.03125
1 0.06942708333333333 0.35390625 0.09 0.05625