1 0.3398784722222222 0.5472395833333333 0.2538773148148148 0.21156249999999996
1 0.31241898148148145 0.40114583333333337 0.16954861111111114 0.14677083333333343
1 0.7161863425925926 0.40692708333333333 0.09796296296296295 0.0875
1 0.5994039351851852 0.5120312499999999 0.14207175925925916 0.15739583333333335
1 0.7907291666666666 0.39572916666666663 0.06994212962962969 0.05760416666666668
1 0.5131770833333333 0.3581770833333333 0.1061805555555555 0.0958333333333333
1 0.46259837962962963 0.4627604166666666 0.14513888888888893 0.12645833333333342
1 0.868611111111111 0.39520833333333333 0.06501157407407376 0.052604166666666605
2 0.6580902777777778 0.41624999999999995 0.06811342592592595 0.08239583333333336
1 0.8605497685185185 0.4455729166666666 0.08942129629629605 0.07291666666666678
2 0.6115393518518518 0.41312499999999996 0.058414351851851974 0.07552083333333322
2 0.06374131944444444 0.45666666666666667 0.1274826388888889 0.15489583333333332
2 0.37692129629629634 0.4334375 0.07460648148148152 0.0875
1 0.7638773148148148 0.5532291666666667 0.17383101851851848 0.13927083333333332
3 0.8206828703703704 0.7339583333333334 0.09966435185185177 0.1203125
1 0.8140393518518518 0.3365625 0.048576388888889 0.0359375
1 0.8391550925925927 0.37770833333333337 0.055798611111111285 0.05510416666666664
1 0.9189120370370372 0.3560416666666667 0.04585648148148138 0.04354166666666668
2 0.8384027777777778 0.46729166666666666 0.06458333333333321 0.07437500000000004
3 0.914212962962963 0.5517708333333333 0.08314814814814823 0.10208333333333322
3 0.4252141203703704 0.7182812500000001 0.058090277777777824 0.06927083333333321
2 0.7649305555555556 0.42781250000000004 0.04863425925925924 0.06708333333333324
3 0.9262673611111112 0.45442708333333337 0.037962962962962976 0.041458333333333285
1 0.6993344907407407 0.6268229166666666 0.2571643518518519 0.21489583333333329
1 0.702199074074074 0.34635416666666663 0.05310185185185183 0.03312499999999998
1 0.7240451388888889 0.36046875 0.04833333333333343 0.03125
1 0.10508680555555557 0.24057291666666664 0.10973379629629632 0.07427083333333329
1 0.21781250000000002 0.25875000000000004 0.05957175925925924 0.06781249999999997
1 0.4594965277777778 0.28234375 0.047013888888889 0.03583333333333325