1 0.1234375 0.4078125 0.08125 0.0625
1 0.2421875 0.6078125 0.1953125 0.146875
1 0.9015625 0.4890625 0.1953125 0.103125
4 0.25 0.2984375 0.065625 0.053125
1 0.184375 0.5265625 0.15 0.09375
1 0.6390625 0.4734375 0.1390625 0.090625
2 0.796875 0.5390625 0.0671875 0.1359375
1 0.1625 0.3484375 0.05 0.0421875
1 0.2140625 0.334375 0.0421875 0.0265625
1 0.225 0.3734375 0.0703125 0.0359375
2 0.5984375 0.515625 0.0640625 0.1203125
4 0.3296875 0.4171875 0.1078125 0.128125
1 0.2609375 0.346875 0.0484375 0.034375
3 0.05625 0.409375 0.04375 0.059375
2 0.4171875 0.509375 0.0578125 0.09375
3 0.0671875 0.684375 0.078125 0.08125
1 0.19375 0.3140625 0.034375 0.0203125
2 0.5140625 0.525 0.05 0.1234375
2 0.44375 0.4421875 0.0328125 0.078125
2 0.5328125 0.4359375 0.028125 0.0828125
2 0.521875 0.396875 0.025 0.0453125
4 0.4515625 0.334375 0.128125 0.096875
4 0.5734375 0.390625 0.0859375 0.071875
1 0.109375 0.3203125 0.0296875 0.0328125
2 0.0609375 0.31875 0.0140625 0.0265625
1 0.1390625 0.321875 0.0296875 0.021875
3 0.140625 0.440625 0.025 0.0890625
3 0.0515625 0.4515625 0.021875 0.0921875
2 0.0390625 0.5125 0.0578125 0.0609375
1 0.4296875 0.4109375 0.090625 0.0765625