1 0.64375 0.4515625 0.1421875 0.075
1 0.2359375 0.6078125 0.215625 0.14375
1 0.353125 0.390625 0.0875 0.0515625
1 0.1796875 0.521875 0.146875 0.0828125
0 0.9234375 0.7109375 0.140625 0.1390625
2 0.771875 0.4484375 0.0625 0.0859375
1 0.128125 0.3515625 0.0609375 0.0390625
2 0.7078125 0.515625 0.0796875 0.1078125
2 0.19375 0.3625 0.0359375 0.03125
2 0.096875 0.4328125 0.025 0.0640625
1 0.128125 0.4078125 0.071875 0.05625
3 0.459375 0.65625 0.05625 0.18125
2 0.284375 0.3984375 0.05625 0.0578125
1 0.284375 0.3546875 0.06875 0.040625
3 0.1875 0.4515625 0.053125 0.059375
3 0.3484375 0.6296875 0.0484375 0.1140625
1 0.9125 0.6375 0.1703125 0.16875
2 0.346875 0.4375 0.0421875 0.06875
1 0.2703125 0.325 0.046875 0.0171875
3 0.05625 0.4796875 0.03125 0.10625
3 0.0796875 0.709375 0.0703125 0.059375
2 0.571875 0.3265625 0.0171875 0.015625
2 0.2296875 0.340625 0.03125 0.0375
3 0.0765625 0.6640625 0.0625 0.06875
2 0.4296875 0.43125 0.04375 0.06875
4 0.2578125 0.75625 0.2171875 0.046875
1 0.3515625 0.346875 0.0484375 0.028125
1 0.9203125 0.35625 0.0625 0.0421875
3 0.08125 0.471875 0.025 0.1046875
1 0.06875 0.3453125 0.0234375 0.034375
1 0.165625 0.3171875 0.0125 0.025
1 0.1828125 0.3296875 0.021875 0.0296875
2 0.196875 0.3390625 0.01875 0.0265625
1 0.121875 0.3046875 0.0328125 0.0359375
1 0.13125 0.3171875 0.015625 0.028125
2 0.1484375 0.3234375 0.015625 0.025
1 0.2265625 0.3203125 0.03125 0.021875
1 0.1984375 0.3078125 0.025 0.0171875
0 0.1015625 0.2703125 0.0484375 0.0390625
1 0.4453125 0.3109375 0.0234375 0.0203125
1 0.515625 0.3234375 0.0390625 0.01875
2 0.6265625 0.3296875 0.0265625 0.01875
1 0.8234375 0.35 0.05625 0.0390625
2 0.8328125 0.3515625 0.025 0.0203125
2 0.925 0.365625 0.0203125 0.0234375