1 0.8203125 0.690625 0.3578125 0.1765625
0 0.64375 0.325 0.1375 0.065625
1 0.415625 0.3921875 0.0953125 0.05
1 0.2265625 0.4203125 0.0828125 0.0796875
2 0.378125 0.46875 0.065625 0.0875
4 0.2109375 0.334375 0.078125 0.0796875
2 0.5125 0.3890625 0.04375 0.0609375
3 0.040625 0.4984375 0.0734375 0.0734375
3 0.0671875 0.4171875 0.0609375 0.08125
1 0.1828125 0.528125 0.1546875 0.0953125
1 0.328125 0.3484375 0.0609375 0.0359375
1 0.2921875 0.353125 0.05 0.0421875
1 0.4234375 0.3125 0.0296875 0.0265625
3 0.2703125 0.659375 0.084375 0.1203125
2 0.0796875 0.340625 0.0171875 0.028125
1 0.084375 0.3140625 0.028125 0.0265625
2 0.1078125 0.3203125 0.015625 0.0328125
2 0.125 0.3203125 0.01875 0.0375
2 0.4921875 0.578125 0.0640625 0.146875
2 0.978125 0.3703125 0.03125 0.040625
2 0.8 0.35 0.0234375 0.028125
4 0.7453125 0.3484375 0.08125 0.040625
2 0.5046875 0.31875 0.015625 0.021875
2 0.5359375 0.3265625 0.0109375 0.0171875
1 0.453125 0.3109375 0.0234375 0.0234375
1 0.2734375 0.40625 0.04375 0.071875
1 0.2515625 0.340625 0.0296875 0.0375
2 0.15625 0.3265625 0.03125 0.0453125
4 0.1859375 0.2796875 0.0640625 0.0453125
2 0.090625 0.290625 0.0171875 0.021875
0 0.0953125 0.2765625 0.04375 0.03125
1 0.0875 0.384375 0.0296875 0.0484375
3 0.0765625 0.6859375 0.05625 0.0625
1 0.234375 0.6125 0.1828125 0.1421875