4 0.5005729166666667 0.41700231481481487 0.17312499999999992 0.14565972222222215
1 0.07143229166666668 0.39265625000000004 0.14286458333333335 0.145474537037037
1 0.18619791666666666 0.4519733796296296 0.31843750000000004 0.2009606481481482
1 0.38645833333333335 0.37785300925925924 0.11104166666666666 0.10151620370370376
2 0.75859375 0.37525462962962963 0.042291666666666575 0.05075231481481479
1 0.6879687499999999 0.6175578703703704 0.21708333333333343 0.17472222222222217
1 0.76390625 0.5523611111111111 0.17072916666666665 0.13306712962962966
1 0.7178645833333334 0.3442071759259259 0.05062499999999996 0.035682870370370344
1 0.8904166666666666 0.34721064814814817 0.03354166666666671 0.036226851851851906
1 0.843125 0.40292824074074074 0.07895833333333328 0.06381944444444443
1 0.12328125000000001 0.26349537037037035 0.10614583333333334 0.07476851851851851
1 0.8126041666666666 0.37049768518518517 0.051145833333333356 0.043495370370370344
1 0.8133333333333332 0.3712326388888889 0.05614583333333343 0.04846064814814817
0 0.034166666666666665 0.6117418981481482 0.06833333333333333 0.14526620370370366
1 0.8549479166666666 0.44736111111111115 0.08791666666666664 0.08146990740740741
2 0.7029166666666666 0.4166840277777778 0.04885416666666664 0.05581018518518519
1 0.686875 0.3771701388888889 0.08531249999999986 0.06575231481481483
1 0.8051562499999999 0.34214699074074073 0.03604166666666657 0.02703703703703706
3 0.7843229166666668 0.4795601851851853 0.0669791666666665 0.0708912037037038
2 0.21781250000000002 0.5380324074074074 0.14854166666666666 0.17377314814814823
1 0.7845833333333333 0.3472569444444445 0.04427083333333322 0.03375000000000004
1 0.6658333333333333 0.34262152777777777 0.05656250000000007 0.03136574074074074
1 0.66375 0.35052662037037036 0.06395833333333342 0.04892361111111114
2 0.8648958333333333 0.3681770833333333 0.04135416666666671 0.03668981481481488
3 0.93046875 0.45844907407407404 0.040625 0.049097222222222216
2 0.6327083333333333 0.4309606481481481 0.06020833333333329 0.08605324074074083
2 0.62015625 0.3741203703703704 0.04729166666666664 0.07906250000000004
2 0.060911458333333335 0.5171006944444445 0.12182291666666667 0.15997685185185198
3 0.5218229166666667 0.6935474537037036 0.09885416666666665 0.15215277777777772
3 0.6034375 0.6715914351851853 0.09281249999999996 0.1549074074074074
3 0.8161458333333333 0.7142361111111111 0.09958333333333336 0.11640046296296305
3 0.8964583333333334 0.536724537037037 0.06916666666666664 0.12704861111111115
3 0.8731249999999999 0.5248784722222222 0.05874999999999986 0.1108680555555555
2 0.9014583333333335 0.3683449074074074 0.02239583333333357 0.032453703703703686
4 0.9331250000000001 0.34857060185185185 0.05260416666666643 0.06537037037037034
0 0.86890625 0.31969328703703703 0.05906249999999993 0.04552083333333332
2 0.8417187500000001 0.34231481481481485 0.03291666666666657 0.026851851851851904
1 0.8651041666666668 0.35337962962962965 0.025104166666666573 0.026388888888888927
1 0.7409375 0.35995949074074074 0.028749999999999963 0.03438657407407408
1 0.57609375 0.35805555555555557 0.07562499999999997 0.060509259259259277
2 0.436875 0.3686400462962963 0.04552083333333332 0.07584490740740737
1 0.2613020833333334 0.27087962962962964 0.06427083333333332 0.053611111111111144
2 0.4362500000000001 0.28463541666666664 0.02020833333333343 0.022986111111111106
2 0.4963020833333333 0.5627719907407407 0.11708333333333343 0.16879629629629633