3 0.9443460648148149 0.6646875 0.11130787037037031 0.12444444444444436
3 0.7485243055555555 0.6610590277777778 0.10577546296296311 0.1492013888888888
3 0.9643923611111112 0.4877604166666666 0.05675925925925931 0.06999999999999992
3 0.9539872685185184 0.45394097222222224 0.05502314814814824 0.046527777777777855
3 0.9348726851851851 0.40430555555555553 0.050543981481481384 0.07454861111111111
3 0.9518865740740742 0.38125 0.020532407407407405 0.030138888888888892
1 0.918252314814815 0.3750347222222222 0.05831018518518505 0.06847222222222218
3 0.9300231481481482 0.3823263888888889 0.025347222222222143 0.04743055555555555
1 0.7653761574074074 0.6161284722222222 0.19950231481481479 0.14815972222222235
1 0.8256886574074074 0.5331076388888889 0.14616898148148144 0.11885416666666657
2 0.5172569444444444 0.548125 0.09487268518518518 0.1536458333333332
2 0.5894675925925925 0.4895833333333333 0.08983796296296305 0.10666666666666665
2 0.6179745370370371 0.43631944444444437 0.04276620370370363 0.07906249999999986
1 0.3372800925925926 0.5050694444444443 0.14622685185185186 0.12666666666666657
1 0.20045717592592593 0.48796875 0.16359953703703703 0.15204861111111115
1 0.5460590277777777 0.4292534722222222 0.10543981481481488 0.10388888888888878
1 0.9288020833333335 0.3229340277777778 0.03784722222222214 0.04770833333333337
2 0.8050578703703704 0.3842361111111111 0.04122685185185197 0.08215277777777778
2 0.7768055555555555 0.3664236111111111 0.036365740740740726 0.05861111111111113
1 0.724224537037037 0.33322916666666663 0.05359953703703706 0.06524305555555561
1 0.7609895833333333 0.3402951388888889 0.04094907407407398 0.044652777777777784
1 0.4935185185185185 0.40152777777777776 0.07079861111111115 0.0671875
0 0.6281655092592592 0.33578125 0.11949074074074062 0.10263888888888886
2 0.8422453703703704 0.3428819444444445 0.03312500000000007 0.042916666666666714
1 0.690480324074074 0.4176215277777778 0.0803587962962963 0.09239583333333332
1 0.6902951388888889 0.39262152777777776 0.10693287037037039 0.09454861111111121
4 0.8123553240740741 0.3148784722222222 0.06613425925925931 0.07020833333333334
4 0.8736921296296295 0.2646875 0.04103009259259238 0.05559027777777779
4 0.8323321759259258 0.27001736111111113 0.05194444444444457 0.05270833333333336
2 0.890451388888889 0.3127083333333333 0.025277777777778 0.03805555555555555
2 0.9020717592592593 0.2996875 0.020532407407407405 0.030138888888888892
1 0.4133622685185185 0.3364756944444444 0.042442129629629656 0.03531250000000004
1 0.3088136574074074 0.35289930555555554 0.05659722222222223 0.048125000000000015
1 0.016151620370370372 0.3877951388888889 0.027048611111111114 0.0662152777777778
1 0.03160300925925926 0.5756076388888889 0.05399305555555556 0.11836805555555543
1 0.0497800925925926 0.7095833333333333 0.07314814814814814 0.17347222222222225
1 0.7254224537037037 0.2840451388888889 0.04707175925925924 0.027604166666666697