1 0.5496874999999999 0.56953125 0.20458333333333342 0.1546875
1 0.773275462962963 0.62734375 0.20071759259259245 0.1296875
2 0.38918981481481485 0.47890625 0.08922453703703699 0.1109375
2 0.28258680555555554 0.54609375 0.11712962962962958 0.15625
1 0.7140335648148148 0.39453125 0.05961805555555557 0.0609375
1 0.827789351851852 0.56875 0.16753472222222215 0.1171875
1 0.922650462962963 0.3953125 0.05309027777777757 0.0515625
2 0.8129976851851852 0.3859375 0.03254629629629626 0.04375
2 0.6833333333333333 0.4921875 0.07015046296296283 0.1
4 0.17442129629629627 0.296875 0.21564814814814817 0.10625
1 0.5140335648148148 0.39453125 0.10690972222222221 0.075
2 0.8697337962962962 0.40234375 0.030983796296296617 0.04375
1 0.9449016203703703 0.434375 0.06568287037037024 0.0546875
1 0.6382986111111111 0.39609375 0.07533564814814823 0.0640625
1 0.7569328703703704 0.3921875 0.038842592592592595 0.0453125
1 0.8690567129629629 0.353125 0.03525462962962962 0.0296875
1 0.8324074074074075 0.35546875 0.047800925925925955 0.03125
1 0.9522627314814814 0.36640625 0.030567129629629618 0.0296875
3 0.9172627314814814 0.7671875 0.08546296296296277 0.1421875
3 0.7333333333333334 0.703125 0.09525462962962976 0.15625
3 0.9658333333333333 0.57734375 0.06833333333333336 0.071875
3 0.9735416666666665 0.478125 0.02533564814814824 0.0640625
3 0.9631539351851852 0.4703125 0.028692129629629904 0.071875