0 0.29248842592592594 0.39288194444444446 0.21958333333333338 0.20152777777777775
3 0.6945254629629629 0.37756944444444446 0.337662037037037 0.22131944444444435
1 0.5695891203703703 0.5093229166666666 0.19686342592592593 0.12454861111111111
0 0.14277199074074073 0.38407986111111114 0.12458333333333331 0.11513888888888886
1 0.2066261574074074 0.6459548611111112 0.2543055555555555 0.1788888888888888
1 0.1006423611111111 0.4574479166666666 0.08268518518518517 0.05958333333333332
1 0.42052083333333334 0.5936111111111111 0.1490509259259259 0.165625
1 0.8136284722222223 0.6750868055555556 0.31489583333333326 0.20364583333333322
1 0.8565972222222221 0.5704513888888889 0.23738425925925952 0.15354166666666663
1 0.8731886574074075 0.49182291666666667 0.20979166666666665 0.102986111111111
3 0.2209201388888889 0.7323090277777778 0.09120370370370372 0.10347222222222215
3 0.1466898148148148 0.5046180555555555 0.06048611111111111 0.05284722222222236
1 0.3950231481481481 0.3763888888888889 0.06164351851851855 0.045069444444444426
1 0.16055555555555553 0.5690625 0.16644675925925925 0.10982638888888889
3 0.0625 0.7405208333333333 0.11108796296296294 0.12576388888888895
3 0.03051215277777778 0.5356076388888888 0.06102430555555556 0.10916666666666668
3 0.015648148148148147 0.5365624999999999 0.031296296296296294 0.11062499999999993
3 0.08700231481481481 0.5244097222222223 0.057662037037037026 0.08868055555555543
1 0.9090104166666666 0.3440104166666667 0.0972337962962964 0.06927083333333339
3 0.026568287037037036 0.46201388888888884 0.05313657407407407 0.04965277777777786
2 0.06901041666666666 0.38869791666666664 0.023900462962962953 0.039548611111111145
1 0.033368055555555554 0.39729166666666665 0.03179398148148148 0.041284722222222216
3 0.019658564814814813 0.3750868055555555 0.016597222222222225 0.019097222222222144
2 0.044120370370370365 0.3709375 0.018726851851851856 0.030069444444444392
1 0.07724537037037035 0.35055555555555556 0.026296296296296307 0.025555555555555554
2 0.43447916666666664 0.4601736111111111 0.10575231481481477 0.11315972222222222
2 0.5039236111111111 0.4030555555555556 0.032928240740740834 0.06315972222222221
1 0.4106539351851852 0.3313715277777778 0.029097222222222285 0.019374999999999965
1 0.4990972222222222 0.3302083333333333 0.04060185185185183 0.030555555555555537
1 0.8474421296296295 0.3246527777777778 0.03427083333333343 0.028854166666666715
2 0.7994733796296296 0.45029513888888884 0.053483796296296404 0.0682986111111111
1 0.6001331018518519 0.44821180555555556 0.13446759259259267 0.09506944444444443