1 0.77671875 0.35859375 0.07152777777777786 0.0546875
1 0.6736458333333333 0.39609375 0.1063194444444445 0.0734375
1 0.7779166666666667 0.58828125 0.21145833333333322 0.1640625
2 0.17434027777777777 0.5328125 0.0844444444444444 0.0734375
4 0.4584027777777778 0.51875 0.2727083333333333 0.2484375
2 0.19456597222222222 0.634375 0.09857638888888891 0.146875
1 0.8314236111111111 0.5 0.14930555555555572 0.109375
4 0.3240972222222222 0.38125 0.28194444444444444 0.171875
1 0.8265972222222222 0.31796875 0.057048611111111217 0.0359375
1 0.27991319444444446 0.5375 0.19861111111111107 0.1484375
4 0.05640624999999999 0.49921875 0.09392361111111111 0.1484375
4 0.6565624999999999 0.2953125 0.09527777777777775 0.06875
1 0.6984375 0.3515625 0.05270833333333336 0.0515625
2 0.57609375 0.365625 0.03420138888888893 0.0625
2 0.1411111111111111 0.76015625 0.1792361111111111 0.1203125
2 0.8480555555555556 0.29921875 0.03371527777777779 0.040625
1 0.7980208333333334 0.29765625 0.04902777777777771 0.0265625
1 0.7257118055555555 0.31328125 0.044479166666666715 0.0328125
2 0.08041666666666666 0.63046875 0.12614583333333335 0.121875
1 0.8862326388888888 0.259375 0.04604166666666672 0.0328125
1 0.767170138888889 0.315625 0.055451388888888786 0.034375
1 0.7643402777777778 0.29375 0.037951388888888715 0.0203125
1 0.6276215277777778 0.3640625 0.04343749999999993 0.05625
2 0.6493576388888889 0.3578125 0.022361111111111144 0.021875
3 0.8659895833333333 0.403125 0.031631944444444574 0.0875
3 0.968923611111111 0.46953125 0.062152777777777855 0.0640625
3 0.950642361111111 0.415625 0.03170138888888872 0.090625
3 0.9233680555555555 0.38359375 0.025138888888889 0.0765625
3 0.9547048611111112 0.35234375 0.014618055555555287 0.025
3 0.9439409722222223 0.36015625 0.020972222222222215 0.0296875
3 0.9566840277777778 0.67421875 0.08663194444444429 0.1453125
2 0.7656770833333333 0.31875 0.017673611111111143 0.021875
2 0.9019965277777778 0.30078125 0.022743055555555714 0.0390625
1 0.8900520833333333 0.290625 0.047638888888888786 0.034375
1 0.3309201388888889 0.4421875 0.05861111111111113 0.0359375