1 0.18266782407407406 0.39375578703703706 0.08362268518518516 0.053715277777777716
1 0.25613425925925926 0.40446180555555555 0.07326388888888893 0.06144675925925931
1 0.20283564814814814 0.6385706018518519 0.21875 0.17027777777777792
1 0.14513888888888887 0.5521585648148148 0.16869212962962968 0.10587962962962968
1 0.17413194444444444 0.3507002314814815 0.04583333333333335 0.028449074074074154
1 0.08370949074074073 0.40005787037037044 0.08194444444444444 0.05214120370370381
4 0.10020254629629628 0.3251388888888889 0.06325231481481479 0.03170138888888889
2 0.08107638888888888 0.34063078703703703 0.02719907407407407 0.029872685185185155
1 0.69453125 0.5538831018518519 0.2067708333333334 0.198298611111111
4 0.2306712962962963 0.34721064814814817 0.061400462962962976 0.048865740740740723
3 0.014178240740740738 0.4542361111111111 0.028356481481481476 0.0705324074074074
3 0.23486689814814815 0.6810185185185185 0.13547453703703702 0.16341435185185188
1 0.11310763888888889 0.36197337962962967 0.044618055555555536 0.03312500000000007
1 0.9081018518518519 0.3405034722222222 0.11296296296296297 0.04924768518518521
4 0.40749421296296295 0.3555555555555555 0.17199074074074067 0.12932870370370378
4 0.6859953703703704 0.27866898148148145 0.2583333333333332 0.1143518518518519
3 0.04473379629629629 0.7114988425925926 0.08946759259259258 0.12591435185185187
3 0.015653935185185184 0.5361921296296297 0.03130787037037037 0.10361111111111114
1 0.031351273148148145 0.41911458333333335 0.06270254629629629 0.06312499999999996
2 0.22934027777777777 0.36517939814814815 0.024537037037037024 0.036099537037037076
2 0.28075810185185185 0.3780671296296297 0.028587962962962975 0.04862268518518516
2 0.35706018518518523 0.41380787037037037 0.03923611111111107 0.06587962962962965
2 0.3769386574074074 0.49368634259259264 0.07037037037037033 0.10671296296296298
2 0.4099537037037037 0.4173263888888889 0.04259259259259256 0.06902777777777783