1 0.15317129629629628 0.41980902777777784 0.07925925925925928 0.07354166666666657
3 0.11560185185185186 0.6834895833333333 0.06456018518518518 0.08881944444444442
1 0.21379050925925927 0.5318923611111112 0.1509606481481481 0.09854166666666657
1 0.44725694444444447 0.4453472222222222 0.12540509259259255 0.08861111111111111
2 0.7128414351851852 0.45196180555555554 0.08589120370370366 0.10645833333333332
1 0.27513310185185186 0.6165798611111111 0.20888888888888885 0.15444444444444444
1 0.6117997685185185 0.3838020833333333 0.11096064814814817 0.05552083333333328
1 0.8518055555555556 0.4340104166666666 0.18883101851851833 0.10562500000000004
1 0.9003819444444445 0.32967013888888885 0.07052083333333314 0.0577430555555555
0 0.9511979166666666 0.6863194444444444 0.09760416666666671 0.12333333333333343
2 0.2972222222222222 0.36888888888888893 0.038437500000000034 0.04298611111111104
1 0.9442476851851852 0.5363888888888889 0.11150462962962955 0.13434027777777774
1 0.2209027777777778 0.40109374999999997 0.07861111111111115 0.06260416666666675
2 0.33241898148148147 0.3555902777777778 0.043495370370370344 0.04934027777777779
2 0.5083506944444445 0.38062500000000005 0.0428587962962963 0.06493055555555553
1 0.2822800925925926 0.3543576388888889 0.05828703703703706 0.03562500000000002
2 0.9431597222222223 0.7347222222222222 0.08760416666666657 0.030034722222222143
1 0.8364988425925926 0.3209201388888889 0.06122685185185191 0.03256944444444443
0 0.29517361111111107 0.30791666666666667 0.11703703703703709 0.07906250000000004
1 0.4379918981481482 0.38140625 0.07943287037037035 0.05013888888888891
1 0.6001504629629629 0.4380381944444444 0.14103009259259275 0.08895833333333343
1 0.21461805555555555 0.32144097222222223 0.040266203703703686 0.021180555555555536
1 0.2106770833333333 0.34734375 0.03834490740740737 0.041423611111111036
2 0.29920717592592594 0.3891840277777778 0.03393518518518519 0.04600694444444446
3 0.32644097222222224 0.6639409722222223 0.06907407407407407 0.11232638888888893
1 0.9569965277777778 0.3213715277777778 0.05581018518518519 0.04649305555555552
3 0.13353587962962962 0.7089062500000001 0.07153935185185185 0.0749305555555555
3 0.08169560185185185 0.4941493055555556 0.04122685185185184 0.11638888888888879
4 0.33004629629629634 0.5003645833333333 0.054629629629629584 0.0792361111111111
2 0.15524884259259258 0.4416666666666666 0.04837962962962963 0.07909722222222229
4 0.14127314814814812 0.3246354166666666 0.06603009259259256 0.08729166666666668
2 0.1374710648148148 0.35288194444444443 0.021342592592592614 0.044166666666666646
2 0.1797511574074074 0.35350694444444447 0.024097222222222214 0.037986111111111144
2 0.35755787037037035 0.35737847222222224 0.018483796296296262 0.022256944444444392
2 0.3855439814814815 0.3544097222222222 0.028692129629629637 0.036527777777777805
1 0.4151851851851852 0.35296875 0.033194444444444395 0.033506944444444464
4 0.10793402777777779 0.4880902777777778 0.035243055555555534 0.09440972222222221
4 0.060428240740740734 0.41248263888888886 0.021608796296296306 0.022326388888888892
4 0.07766203703703703 0.41288194444444437 0.026574074074074062 0.02711805555555564