1 0.22089120370370371 0.5630208333333334 0.22010416666666668 0.1909143518518519
1 0.18015625000000002 0.47086226851851853 0.15710648148148146 0.12141203703703703
1 0.5546064814814815 0.45347222222222217 0.11781249999999996 0.08871527777777785
2 0.6739641203703703 0.4813368055555555 0.06318287037037038 0.09450231481481489
1 0.23212962962962963 0.31180555555555556 0.056678240740740723 0.05989583333333339
1 0.2425636574074074 0.38017939814814816 0.0928587962962963 0.09403935185185182
2 0.19940972222222225 0.29809027777777775 0.03156249999999998 0.04334490740740744
2 0.308587962962963 0.3287037037037037 0.045671296296296314 0.050115740740740745
1 0.37611689814814814 0.3905960648148148 0.09730324074074073 0.061400462962962976
2 0.14958912037037037 0.37751736111111106 0.05528935185185184 0.08327546296296298
1 0.15036458333333333 0.2728298611111111 0.050277777777777775 0.03935185185185182
2 0.19086226851851854 0.29152199074074076 0.03472222222222223 0.04814814814814818
2 0.5196064814814815 0.5365740740740741 0.08057870370370371 0.12326388888888892
1 0.14989583333333334 0.33611111111111114 0.07853009259259255 0.05758101851851851
2 0.44391203703703697 0.5220486111111111 0.08212962962962962 0.12175925925925916
2 0.33107060185185183 0.35298032407407404 0.034803240740740725 0.059085648148148096
1 0.33207754629629627 0.42803819444444446 0.1195023148148148 0.1059606481481481
2 0.2696643518518519 0.3085069444444445 0.025300925925925987 0.04155092592592595
1 0.27689814814814817 0.28142361111111114 0.03925925925925924 0.028009259259259255
1 0.31034143518518514 0.3029803240740741 0.04862268518518516 0.026793981481481488
1 0.17010416666666667 0.24542824074074074 0.02517361111111107 0.02436342592592595
1 0.2091261574074074 0.25234375 0.02359953703703699 0.022743055555555537
1 0.10041666666666667 0.26394675925925926 0.03616898148148149 0.03258101851851851
3 0.1013599537037037 0.34759837962962964 0.03967592592592593 0.08425925925925926
3 0.078125 0.31938657407407406 0.02055555555555555 0.03356481481481488
3 0.06759259259259259 0.36979166666666663 0.05218750000000001 0.08628472222222223
3 0.03985532407407407 0.4219039351851852 0.05362268518518518 0.06915509259259256
3 0.04466435185185185 0.6166666666666666 0.08189814814814814 0.09050925925925916
3 0.05600115740740741 0.5631655092592592 0.06292824074074073 0.06012731481481488
3 0.39222800925925927 0.7475405092592593 0.07556712962962964 0.07934027777777786
2 0.4725347222222222 0.45590277777777777 0.04096064814814824 0.046817129629629584
2 0.49290509259259263 0.44884259259259257 0.048993055555555644 0.07679398148148149
2 0.4141435185185185 0.42638888888888893 0.053761574074074045 0.08790509259259256
2 0.45805555555555555 0.4061342592592593 0.04119212962962955 0.07806712962962958
2 0.47078703703703706 0.3753472222222222 0.028449074074073977 0.044791666666666605
2 0.36703125 0.35118634259259257 0.028402777777777822 0.038541666666666606
1 0.4107060185185185 0.362962962962963 0.06449074074074072 0.06018518518518512
1 0.9022395833333334 0.4694733796296296 0.08630787037037066 0.05318287037037024
1 0.7899421296296296 0.437962962962963 0.07847222222222214 0.04976851851851851
1 0.9670023148148148 0.4828125 0.05811342592592581 0.04276620370370363
2 0.23706597222222223 0.2783854166666667 0.03766203703703699 0.023263888888888928
4 0.2411111111111111 0.2597800925925926 0.039270833333333324 0.029571759259259256
1 0.14685763888888886 0.2187789351851852 0.026747685185185156 0.02598379629629637