0 0.3095833333333333 0.6026215277777778 0.5960416666666667 0.4807291666666666
2 0.6420659722222222 0.4211111111111111 0.0452430555555555 0.0691319444444444
2 0.5740277777777777 0.4212152777777778 0.0406944444444445 0.07517361111111107
2 0.7164930555555555 0.37984375 0.04357638888888893 0.06437499999999999
2 0.6997048611111112 0.3611111111111111 0.021111111111111212 0.036840277777777784
2 0.8549305555555555 0.3085763888888889 0.02906249999999986 0.04343749999999993
2 0.8252083333333333 0.3088194444444444 0.022673611111111214 0.0369097222222222
1 0.76171875 0.5969097222222223 0.20107638888888885 0.19781249999999986
1 0.8119791666666668 0.5170312499999999 0.15118055555555543 0.13003472222222215
1 0.6746527777777778 0.36234375 0.049583333333333354 0.053715277777777806
1 0.606232638888889 0.3796354166666667 0.071736111111111 0.0671875
1 0.5018576388888889 0.39611111111111114 0.09982638888888892 0.06687499999999993
1 0.8654166666666667 0.43494791666666666 0.11666666666666678 0.12225694444444439
3 0.8447916666666666 0.3777256944444445 0.03166666666666664 0.02013888888888893
3 0.9235590277777778 0.3874826388888889 0.0296875 0.07156250000000001
3 0.9519444444444446 0.48258680555555566 0.06416666666666657 0.07777777777777786
1 0.7958333333333334 0.2934375 0.03659722222222221 0.03128472222222225
2 0.77375 0.3018402777777778 0.009687500000000071 0.014479166666666644
1 0.8350000000000002 0.2904861111111111 0.03343750000000014 0.02958333333333334
0 0.58546875 0.29347222222222225 0.10131944444444443 0.06381944444444443
4 0.8857118055555556 0.26067708333333334 0.05423611111111128 0.05236111111111112