1 0.6079861111111111 0.511255787037037 0.19304398148148144 0.14417824074074073
1 0.23655092592592591 0.4015104166666667 0.05428240740740744 0.04181712962962969
1 0.28682291666666665 0.3869560185185185 0.06246527777777775 0.05472222222222225
1 0.2693055555555556 0.664525462962963 0.20523148148148146 0.18693287037037046
1 0.20612268518518517 0.5855844907407407 0.15811342592592598 0.12364583333333332
2 0.81609375 0.6109722222222222 0.13211805555555572 0.19406250000000008
2 0.7742476851851852 0.4886747685185185 0.09258101851851848 0.1233680555555555
1 0.4654571759259259 0.4133796296296296 0.10709490740740754 0.08667824074074079
1 0.129224537037037 0.5176331018518519 0.11546296296296296 0.10583333333333336
1 0.452488425925926 0.4758912037037037 0.1249305555555555 0.1094444444444445
1 0.10723379629629629 0.40728587962962964 0.04164351851851853 0.03648148148148138
1 0.20685185185185184 0.4522337962962963 0.0773148148148148 0.08201388888888897
3 0.055503472222222225 0.5832349537037037 0.06642361111111113 0.08300925925925924
3 0.05973379629629629 0.48906828703703703 0.04137731481481481 0.08015046296296298
1 0.6553993055555555 0.3475636574074074 0.06967592592592595 0.03481481481481481
4 0.3366435185185185 0.4098206018518519 0.08962962962962964 0.0764120370370371
1 0.1518576388888889 0.4127199074074074 0.04059027777777775 0.053587962962962976
2 0.10168981481481483 0.3781365740740741 0.024409722222222197 0.03402777777777777
1 0.07951967592592593 0.39336805555555554 0.0386574074074074 0.041006944444444485
3 0.3103761574074074 0.7079976851851851 0.0861574074074074 0.1698379629629631
1 0.18016203703703704 0.39390625 0.04168981481481482 0.03804398148148147
4 0.15931134259259258 0.34836226851851854 0.06747685185185186 0.06590277777777782
2 0.20543402777777775 0.37805555555555553 0.018113425925925953 0.0321412037037037
2 0.33343749999999994 0.45957754629629627 0.05093750000000004 0.08688657407407412