1 0.5951909722222222 0.4896122685185185 0.1848958333333334 0.12384259259259256
1 0.6306770833333333 0.39314236111111106 0.13777777777777783 0.0815393518518519
1 0.1814236111111111 0.375462962962963 0.05385416666666663 0.05347222222222214
2 0.817326388888889 0.49308449074074073 0.104548611111111 0.1411458333333334
1 0.15711805555555555 0.536255787037037 0.1562152777777778 0.11030092592592596
1 0.2065798611111111 0.5991608796296296 0.18822916666666673 0.1286458333333332
1 0.20581597222222223 0.33556134259259257 0.04500000000000002 0.029745370370370415
1 0.1515798611111111 0.4327256944444445 0.10951388888888887 0.07737268518518511
1 0.4331250000000001 0.398119212962963 0.1061805555555555 0.07256944444444446
1 0.0865625 0.3337384259259259 0.03746527777777777 0.03570601851851851
2 0.24078125 0.3561053240740741 0.040868055555555574 0.04207175925925925
1 0.8815625 0.31131365740740746 0.09711805555555557 0.04415509259259256
1 0.11815972222222224 0.3247685185185185 0.02944444444444443 0.030729166666666696
1 0.16678819444444443 0.3362268518518518 0.03861111111111111 0.026388888888888927
2 0.6561805555555555 0.679224537037037 0.09815972222222236 0.1377893518518519
2 0.8710763888888889 0.6876446759259259 0.1570138888888888 0.0931712962962962
1 0.35041666666666665 0.363744212962963 0.07104166666666671 0.05410879629629637
1 0.4467534722222222 0.3547164351851852 0.05954861111111107 0.04120370370370363
3 0.2779861111111111 0.5192997685185186 0.05225694444444447 0.0877314814814815
3 0.046510416666666665 0.7259837962962964 0.07326388888888888 0.10410879629629619
3 0.23500000000000001 0.679224537037037 0.06628472222222222 0.12256944444444447
3 0.022977430555555556 0.5275462962962963 0.04595486111111111 0.06950231481481488
3 0.03149305555555555 0.4496527777777778 0.034930555555555555 0.08396990740740744
3 0.03286458333333333 0.401244212962963 0.019652777777777786 0.021006944444444463
1 0.06105902777777779 0.3986400462962963 0.03687499999999999 0.057523148148148094
2 0.0585763888888889 0.3316550925925926 0.016805555555555563 0.02714120370370372
1 0.14180555555555557 0.3543113425925926 0.03468749999999998 0.04340277777777777
1 0.1370138888888889 0.32173032407407404 0.011909722222222197 0.02228009259259256
1 0.1526736111111111 0.32037037037037036 0.011354166666666643 0.009780092592592559
2 0.26423611111111106 0.3723958333333333 0.022812500000000034 0.05700231481481488
4 0.4793576388888889 0.28799189814814813 0.10121527777777786 0.0661458333333333