1 0.7765625 0.503125 0.209375 0.103125
1 0.365625 0.36875 0.1234375 0.1125
1 0.2703125 0.3671875 0.0765625 0.0421875
1 0.1859375 0.5234375 0.15 0.0875
2 0.490625 0.4234375 0.0546875 0.0625
1 0.70625 0.440625 0.140625 0.0609375
4 0.2484375 0.296875 0.1609375 0.078125
1 0.6203125 0.3359375 0.0734375 0.021875
2 0.19375 0.3734375 0.0359375 0.046875
2 0.1640625 0.359375 0.0296875 0.040625
3 0.0515625 0.415625 0.0296875 0.065625
1 0.09375 0.3109375 0.0328125 0.03125
1 0.2203125 0.340625 0.046875 0.028125
3 0.2578125 0.6640625 0.06875 0.128125
1 0.0796875 0.3828125 0.0421875 0.0609375
1 0.128125 0.3390625 0.0375 0.0546875
1 0.115625 0.2890625 0.0328125 0.01875
3 0.0390625 0.503125 0.05625 0.0671875
2 0.6015625 0.534375 0.0734375 0.125
1 0.228125 0.615625 0.2078125 0.1546875
1 0.784375 0.35625 0.1046875 0.03125
3 0.0640625 0.7109375 0.08125 0.140625
1 0.4734375 0.315625 0.0375 0.0265625
0 0.1265625 0.259375 0.0265625 0.0203125