0 0.5109375 0.3609375 0.15 0.1015625
1 0.7734375 0.4640625 0.1484375 0.0796875
1 0.2328125 0.60625 0.2015625 0.146875
2 0.8328125 0.5171875 0.075 0.1078125
3 0.284375 0.4421875 0.0296875 0.084375
1 0.3140625 0.384375 0.0703125 0.053125
1 0.103125 0.378125 0.06875 0.046875
4 0.375 0.290625 0.1234375 0.0515625
1 0.1140625 0.4515625 0.0921875 0.0765625
1 0.18125 0.5234375 0.140625 0.0859375
1 0.3765625 0.365625 0.059375 0.0421875
1 0.1859375 0.34375 0.040625 0.03125
2 0.4265625 0.434375 0.0375 0.0546875
2 0.5 0.5265625 0.0484375 0.11875
2 0.5546875 0.503125 0.053125 0.1203125
3 0.028125 0.41875 0.03125 0.0609375
2 0.2328125 0.353125 0.0265625 0.0421875
1 0.409375 0.396875 0.053125 0.0609375
1 0.184375 0.38125 0.05625 0.0484375
2 0.2734375 0.353125 0.021875 0.040625
1 0.06875 0.3375 0.040625 0.0296875
1 0.409375 0.703125 0.2 0.15625
1 0.5609375 0.4640625 0.125 0.0765625
0 0.225 0.278125 0.0453125 0.034375
2 0.321875 0.340625 0.0203125 0.0359375
3 0.0390625 0.503125 0.0640625 0.0734375
1 0.1296875 0.334375 0.040625 0.03125
2 0.2578125 0.3265625 0.0140625 0.034375
1 0.16875 0.3078125 0.028125 0.021875
4 0.1296875 0.2828125 0.04375 0.040625
4 0.2046875 0.309375 0.0421875 0.025
1 0.2171875 0.3375 0.0203125 0.0375
2 0.271875 0.321875 0.0125 0.01875
2 0.1578125 0.3453125 0.015625 0.0390625
2 0.1828125 0.3484375 0.0171875 0.015625
2 0.1015625 0.325 0.0140625 0.034375
1 0.0859375 0.303125 0.021875 0.01875
1 0.15 0.3296875 0.0109375 0.0265625
1 0.7640625 0.3515625 0.0625 0.0265625