1 0.10780092592592591 0.5778356481481481 0.21560185185185182 0.17824074074074084
0 0.8503125 0.2632523148148148 0.081527777777778 0.0685185185185185
4 0.5095138888888888 0.36944444444444446 0.1177662037037038 0.10572916666666661
1 0.42040509259259257 0.5240162037037036 0.1368981481481482 0.14386574074074082
1 0.3468981481481482 0.4378472222222222 0.14699074074074064 0.06782407407407405
1 0.6455324074074074 0.3628472222222222 0.08976851851851855 0.04699074074074074
2 0.7386342592592593 0.371875 0.04790509259259253 0.05167824074074075
1 0.7883217592592593 0.4963541666666666 0.14532407407407408 0.09583333333333321
4 0.45182870370370376 0.4292824074074074 0.04313657407407412 0.04994212962962976
1 0.7620486111111111 0.3413773148148148 0.07578703703703696 0.04803240740740744
3 0.9360069444444445 0.4752893518518519 0.06549768518518491 0.06012731481481488
2 0.2594444444444444 0.5003472222222222 0.0679282407407408 0.10700231481481488
1 0.5439583333333333 0.4570601851851851 0.1577430555555555 0.09473379629629619
1 0.7355902777777776 0.5809606481481481 0.22348379629629633 0.15954861111111107
1 0.7395601851851852 0.29386574074074073 0.04628472222222228 0.020428240740740743
1 0.8619444444444444 0.3096064814814815 0.057951388888889 0.03489583333333339
3 0.8306018518518519 0.4027777777777778 0.04427083333333322 0.07181712962962958
1 0.5828472222222223 0.33865740740740746 0.04240740740740741 0.03587962962962958
1 0.6859490740740741 0.3052083333333333 0.05097222222222229 0.020601851851851906
1 0.38591435185185186 0.3771412037037037 0.10135416666666668 0.0598958333333333
1 0.6802893518518519 0.3241319444444445 0.06495370370370371 0.019560185185185118
2 0.8358912037037036 0.3308449074074074 0.02842592592592581 0.03692129629629628
1 0.5783680555555556 0.3949652777777778 0.11756944444444457 0.04178240740740744
2 0.16984953703703703 0.453761574074074 0.06005787037037038 0.07552083333333322
3 0.9254282407407407 0.40862268518518513 0.029722222222222074 0.06192129629629619
1 0.8491666666666667 0.3755787037037037 0.08047453703703696 0.04820601851851851
2 0.04875 0.5034722222222222 0.08274305555555556 0.0919560185185185
2 0.003388310185185184 0.575925925925926 0.006776620370370368 0.11996527777777785