1 0.77578125 0.5755555555555556 0.203125 0.17019675925925934
0 0.37109375 0.41174768518518523 0.209375 0.15935185185185183
1 0.82890625 0.3005613425925926 0.0515625 0.036701388888888874
1 0.28046875 0.5752488425925926 0.1796875 0.13391203703703702
1 0.87265625 0.3285532407407407 0.0828125 0.06372685185185185
1 0.6390625 0.38603009259259263 0.084375 0.07312500000000002
1 0.79453125 0.3531770833333333 0.075 0.06048611111111111
1 0.81953125 0.4918287037037037 0.1640625 0.11961805555555553
2 0.753125 0.3431886574074074 0.0375 0.05524305555555555
1 0.82890625 0.2732175925925926 0.0390625 0.02714120370370372
1 0.77734375 0.29510995370370374 0.046875 0.024131944444444463
1 0.49765625 0.4300289351851852 0.09375 0.09201388888888892
2 0.709375 0.3425405092592593 0.0359375 0.048969907407407476
1 0.56484375 0.37008680555555556 0.0640625 0.055636574074074116
1 0.87109375 0.25978009259259255 0.0328125 0.025486111111111143
1 0.71875 0.3145543981481482 0.0484375 0.04134259259259263
1 0.86796875 0.39957754629629627 0.1125 0.10010416666666666
3 0.9453125 0.35931712962962964 0.0703125 0.08697916666666669
2 0.684375 0.31482638888888886 0.0234375 0.039409722222222235
2 0.6671875 0.3184780092592593 0.0203125 0.0315509259259259
2 0.66171875 0.3433969907407407 0.0203125 0.03780092592592599
2 0.60390625 0.3441030092592593 0.025 0.03630787037037031
4 0.75078125 0.28456018518518517 0.0484375 0.04446759259259263
1 0.84609375 0.25862847222222224 0.025 0.02380787037037031
4 0.81640625 0.24334490740740738 0.059375 0.044629629629629616
2 0.875 0.24499421296296298 0.009375 0.009513888888888822
3 0.67109375 0.4294733796296296 0.05 0.0835532407407408
3 0.95703125 0.44308449074074074 0.0703125 0.0885416666666666
2 0.4203125 0.4843518518518518 0.0609375 0.09152777777777779
2 0.39375 0.6128645833333334 0.071875 0.14950231481481496
2 0.196875 0.6568229166666667 0.1109375 0.1719560185185184
4 0.62265625 0.273287037037037 0.0796875 0.058993055555555604
0 0.75 0.24236111111111108 0.040625 0.038101851851851797