1 0.13605902777777779 0.47138888888888886 0.09680555555555555 0.07361111111111107
2 0.3113888888888889 0.48735532407407406 0.06496527777777779 0.09378472222222226
0 0.1026736111111111 0.3721064814814815 0.07281249999999999 0.05989583333333339
3 0.30633680555555554 0.7436747685185185 0.10496527777777782 0.0818287037037038
1 0.2775694444444444 0.6425868055555556 0.25187500000000007 0.195451388888889
1 0.20194444444444443 0.42098958333333336 0.050520833333333307 0.04938657407407412
0 0.8715104166666666 0.44734375000000004 0.2569791666666667 0.3983912037037037
1 0.21454861111111115 0.5636342592592593 0.15920138888888893 0.10958333333333332
3 0.1544097222222222 0.7609490740740741 0.09045138888888889 0.10601851851851833
1 0.2655034722222222 0.38872106481481483 0.06729166666666667 0.04090277777777782
2 0.10659722222222223 0.425150462962963 0.036527777777777805 0.05021990740740741
1 0.13218749999999999 0.40189814814814817 0.030069444444444482 0.04520833333333325
1 0.14706597222222223 0.3666724537037037 0.040312500000000015 0.030150462962962976
0 0.5783333333333334 0.5385069444444445 0.49031249999999993 0.40423611111111113
1 0.2627604166666667 0.36223958333333334 0.05940972222222225 0.03893518518518517
1 0.31130208333333337 0.3620717592592593 0.04684027777777775 0.03672453703703704
2 0.2697395833333333 0.4487962962962963 0.0546180555555555 0.0714236111111111
2 0.08975694444444446 0.39861689814814816 0.02944444444444445 0.031145833333333338
3 0.0703125 0.4896759259259259 0.046666666666666676 0.06789351851851855
1 0.19546875 0.3633796296296296 0.05131944444444443 0.03228009259259261
1 0.21434027777777778 0.3827604166666666 0.05010416666666666 0.040011574074074116
3 0.057795138888888896 0.5780266203703703 0.05958333333333332 0.07791666666666668
2 0.8124131944444445 0.5020949074074074 0.08520833333333329 0.16342592592592595
2 0.17420138888888886 0.43104166666666666 0.030486111111111124 0.05458333333333343
2 0.14796875 0.4222222222222222 0.037534722222222205 0.03780092592592599
2 0.15861111111111112 0.39739583333333334 0.026111111111111106 0.026296296296296352
1 0.08657986111111111 0.45046296296296295 0.05791666666666666 0.04041666666666668
3 0.10612847222222221 0.6084085648148149 0.06329861111111112 0.12643518518518526
3 0.43465277777777783 0.7589467592592593 0.05079861111111121 0.055636574074074116
1 0.31407986111111114 0.4245717592592593 0.084375 0.07452546296296295
1 0.33751736111111114 0.388119212962963 0.03815972222222221 0.051863425925925896
2 0.19932291666666666 0.3796238425925926 0.019722222222222197 0.022847222222222196