0 0.5031539351851853 0.39232638888888893 0.3054976851851851 0.2372106481481481
1 0.7242766203703704 0.6201736111111111 0.2090856481481481 0.16394675925925917
1 0.7526909722222223 0.33787615740740745 0.04369212962962958 0.04124999999999997
1 0.7927662037037038 0.5418576388888889 0.15399305555555554 0.11003472222222221
1 0.2774594907407407 0.43549189814814815 0.15144675925925927 0.08344907407407405
2 0.32421875 0.4590046296296297 0.08425925925925926 0.0824537037037036
1 0.7082175925925925 0.35805555555555557 0.06753472222222215 0.05253472222222229
1 0.2386863425925926 0.5547511574074073 0.2664930555555555 0.19603009259259246
4 0.104296875 0.3804108796296296 0.20859375 0.21886574074074075
4 0.8069733796296296 0.3058391203703704 0.08368055555555572 0.06682870370370378
2 0.8379340277777778 0.3553530092592593 0.04311342592592595 0.0677893518518518
1 0.7926504629629629 0.3552430555555556 0.04849537037037024 0.04444444444444447
3 0.8599826388888889 0.45575231481481476 0.04947916666666643 0.1131712962962963
3 0.9368055555555556 0.5319155092592592 0.07771990740740727 0.07454861111111111
3 0.9283854166666667 0.4641087962962963 0.06087962962962976 0.1258333333333333
3 0.8693287037037036 0.709380787037037 0.09861111111111107 0.09047453703703709
1 0.8678530092592591 0.4329918981481482 0.09988425925925952 0.08268518518518526
4 0.8867476851851851 0.34447916666666667 0.06209490740740762 0.07431712962962962
2 0.8866608796296298 0.3679050925925926 0.029629629629629763 0.04104166666666664
2 0.30656828703703703 0.6404166666666666 0.12725694444444446 0.14711805555555557