1 0.16291666666666665 0.6247916666666666 0.3258333333333333 0.26875
3 0.8517187499999999 0.8595312500000001 0.11781250000000014 0.1763541666666665
0 0.5995486111111111 0.41239583333333335 0.1352083333333333 0.11666666666666661
0 0.5009548611111111 0.3424479166666667 0.12204861111111107 0.08614583333333332
1 0.7228472222222222 0.7085416666666667 0.24059027777777775 0.22510416666666658
3 0.4380034722222222 0.4994270833333333 0.07309027777777785 0.1296875
1 0.44272569444444443 0.42776041666666664 0.09892361111111114 0.09864583333333332
3 0.6411805555555555 0.61625 0.07284722222222229 0.11875
1 0.7669791666666667 0.44781250000000006 0.055659722222222284 0.047395833333333214
1 0.8708333333333333 0.5627083333333334 0.09236111111111107 0.08416666666666668
1 0.7794097222222222 0.6630208333333333 0.176701388888889 0.15843749999999995
1 0.6886631944444443 0.45119791666666664 0.06684027777777786 0.05906249999999993
1 0.8876736111111111 0.47385416666666663 0.044479166666666715 0.03572916666666668
4 0.6548263888888889 0.3542708333333333 0.13329861111111113 0.10093749999999994
3 0.6289583333333333 0.7789583333333334 0.09833333333333343 0.14229166666666676
3 0.5407118055555555 0.7363020833333334 0.11409722222222225 0.21979166666666677
3 0.4091145833333334 0.49671875 0.06482638888888878 0.10885416666666678
2 0.14012152777777778 0.41932291666666666 0.115625 0.14812499999999992
2 0.7740451388888889 0.5171354166666667 0.05 0.07354166666666657
2 0.7074826388888888 0.48453125 0.0436805555555555 0.06999999999999992
2 0.6268576388888889 0.4861979166666666 0.0531944444444445 0.07687500000000007
2 0.38833333333333336 0.41083333333333333 0.059791666666666646 0.09291666666666672
2 0.7414930555555556 0.4680208333333333 0.04034722222222218 0.060416666666666785
2 0.7984375 0.4757291666666667 0.038680555555555426 0.055624999999999855
2 0.8488541666666667 0.4955208333333333 0.033923611111111286 0.05218749999999996
2 0.9215798611111111 0.49723958333333335 0.03864583333333336 0.05406249999999986
1 0.9295833333333334 0.5595833333333333 0.07947916666666685 0.06614583333333321
3 0.8086111111111112 0.58125 0.05621527777777757 0.0723958333333334
3 0.9291666666666668 0.6487499999999999 0.07621527777777785 0.12989583333333332
1 0.8427604166666665 0.4528645833333333 0.03819444444444429 0.03375000000000004
0 0.8936284722222222 0.4171354166666667 0.047812499999999855 0.0453125