0 0.41624421296296293 0.5278125 0.47480324074074076 0.36937499999999995
0 0.31764467592592593 0.31004050925925924 0.22010416666666668 0.10165509259259257
4 0.49356481481481485 0.3173321759259259 0.09219907407407409 0.054467592592592595
4 0.09063078703703703 0.44958333333333333 0.16052083333333333 0.19916666666666671
1 0.9055960648148147 0.4921122685185185 0.09547453703703682 0.11230324074074076
1 0.6188310185185186 0.6971469907407407 0.21550925925925918 0.10471064814814816
1 0.8442592592592593 0.5567997685185185 0.14097222222222214 0.11922453703703706
1 0.7923206018518518 0.6224074074074074 0.17186342592592574 0.16028935185185186
1 0.7593981481481482 0.4337210648148148 0.1335648148148149 0.08006944444444439
1 0.7313715277777778 0.35755787037037035 0.049548611111111106 0.03821759259259263
1 0.7360127314814815 0.35606481481481483 0.041597222222222285 0.0334143518518518
2 0.8111284722222223 0.36108217592592595 0.021331018518518617 0.034675925925925985
1 0.7910185185185185 0.34126157407407404 0.03672453703703695 0.027094907407407477
2 0.831556712962963 0.36528935185185185 0.018530092592592595 0.04556712962962965
1 0.8270486111111112 0.3449189814814815 0.03525462962962962 0.030196759259259222
2 0.8920138888888889 0.37633680555555554 0.023171296296296263 0.044074074074074064
1 0.8740162037037038 0.3487384259259259 0.03980324074074062 0.02557870370370363
1 0.9236921296296294 0.3385416666666667 0.033460648148147955 0.022361111111111144
2 0.9188715277777778 0.3603356481481481 0.013611111111111285 0.037685185185185155
2 0.9207060185185185 0.3431828703703704 0.014849537037036953 0.02677083333333332
2 0.864554398148148 0.37202546296296296 0.01701388888888893 0.047106481481481485
2 0.7780671296296295 0.3785532407407407 0.021377314814814953 0.036238425925925986
2 0.7644386574074075 0.3666377314814815 0.019861111111111107 0.03777777777777782
2 0.7285706018518519 0.3684490740740741 0.026203703703703774 0.04099537037037031
2 0.6955266203703704 0.36015046296296294 0.021377314814814773 0.036238425925925896
2 0.6483796296296296 0.3766319444444444 0.026342592592592595 0.04568287037037031
2 0.8991724537037037 0.3280266203703704 0.013287037037036953 0.026747685185185156
3 0.8477314814814815 0.46314236111111107 0.028738425925925883 0.07383101851851848
3 0.972835648148148 0.5353414351851852 0.05432870370370395 0.06965277777777779
3 0.9650752314814814 0.44379629629629636 0.027083333333333216 0.07068287037037031
2 0.14833912037037036 0.6050578703703703 0.10348379629629627 0.17177083333333343