1 0.42510416666666667 0.38775462962962964 0.12353009259259266 0.09394675925925924
1 0.20457175925925924 0.4621701388888889 0.1674189814814815 0.1273842592592592
2 0.9298495370370372 0.622650462962963 0.13902777777777758 0.15194444444444438
2 0.726724537037037 0.5201099537037037 0.09201388888888892 0.11846064814814809
1 0.16265046296296296 0.3322222222222222 0.0879398148148148 0.06999999999999992
1 0.2501388888888889 0.5568807870370371 0.23135416666666667 0.18609953703703716
1 0.27110532407407406 0.2977777777777778 0.06813657407407411 0.049409722222222195
1 0.9696932870370372 0.4436111111111112 0.06061342592592567 0.06060185185185176
1 0.39011574074074074 0.33119791666666665 0.0730671296296296 0.054166666666666696
2 0.49467592592592596 0.38750578703703703 0.053402777777777646 0.0663657407407408
2 0.2841898148148148 0.33902199074074074 0.056365740740740744 0.06328703703703704
1 0.872332175925926 0.40302083333333333 0.07093750000000014 0.04320601851851844
1 0.5696064814814814 0.47552662037037036 0.16149305555555565 0.13354166666666673
3 0.0875925925925926 0.6187094907407408 0.11863425925925926 0.1500810185185184
3 0.09604166666666666 0.43484953703703705 0.07062499999999998 0.12751157407407412
1 0.22181712962962963 0.3876388888888889 0.14015046296296294 0.08326388888888889
3 0.2148263888888889 0.38852430555555556 0.04370370370370367 0.059976851851851795
2 0.1794675925925926 0.27958912037037037 0.03211805555555554 0.04731481481481481
2 0.2340335648148148 0.2764351851851852 0.027025462962962977 0.03943287037037031
4 0.19461226851851854 0.20978009259259262 0.055474537037037044 0.04609953703703704
1 0.11212962962962965 0.26260416666666664 0.05679398148148147 0.04143518518518521
1 0.22291666666666665 0.24298032407407408 0.04240740740740741 0.0349768518518518
1 0.9583506944444444 0.42440393518518515 0.08329861111111114 0.05278935185185176
2 0.6289236111111112 0.33782407407407405 0.023414351851851832 0.030011574074074066
2 0.7933969907407408 0.3885532407407407 0.02292824074074069 0.020636574074074064
1 0.16244791666666666 0.2227662037037037 0.0393634259259259 0.036493055555555556
1 0.12208912037037037 0.3038946759259259 0.05803240740740741 0.035208333333333286
4 0.2292824074074074 0.19988425925925926 0.04890046296296298 0.03975694444444446
1 0.29224537037037035 0.23804398148148148 0.034351851851851835 0.030173611111111144
1 0.5235185185185186 0.3104571759259259 0.04973379629629626 0.025717592592592632