1 0.41328125 0.42837962962962967 0.1328125 0.08518518518518511
1 0.76875 0.5819097222222223 0.225 0.15979166666666664
1 0.57578125 0.4266898148148148 0.1171875 0.09097222222222215
2 0.29453125 0.6983043981481482 0.1203125 0.16137731481481482
1 0.790625 0.36485532407407406 0.084375 0.05718750000000004
1 0.2265625 0.508912037037037 0.215625 0.143888888888889
1 0.8734375 0.3741203703703704 0.08125 0.05396990740740737
1 0.6546875 0.3829456018518519 0.0875 0.05884259259259252
2 0.7171875 0.37015625 0.0421875 0.057500000000000016
1 0.67578125 0.32372685185185185 0.0578125 0.037650462962963
1 0.8140625 0.49384837962962963 0.1515625 0.09199074074074076
2 0.4734375 0.3898784722222222 0.0328125 0.0587847222222222
3 0.928125 0.6271875 0.065625 0.07381944444444458
1 0.81875 0.3093344907407407 0.0515625 0.03121527777777775
2 0.86328125 0.4072337962962963 0.0515625 0.07184027777777775
1 0.028125 0.38197916666666665 0.05625 0.06104166666666666
3 0.9625 0.4683564814814815 0.059375 0.07207175925925924
3 0.54609375 0.7252256944444444 0.0609375 0.07524305555555558
2 0.875 0.30219907407407404 0.03125 0.03686342592592595
1 0.8453125 0.2858912037037037 0.0375 0.022986111111111106
4 0.79375 0.2819502314814815 0.0546875 0.045370370370370415
3 0.98203125 0.6107465277777778 0.0359375 0.12450231481481477
1 0.64296875 0.3520428240740741 0.0546875 0.021932870370370415
3 0.946875 0.3781944444444444 0.0296875 0.06806712962962962
2 0.7671875 0.3710185185185185 0.0328125 0.0712847222222222
2 0.5046875 0.4803587962962963 0.0390625 0.10271990740740744
2 0.478125 0.5741145833333333 0.065625 0.13631944444444438
1 0.21328125 0.3499305555555556 0.06875 0.04109953703703706
1 0.16171875 0.3514583333333333 0.053125 0.04063657407407408
1 0.08203125 0.3592881944444445 0.084375 0.040000000000000036
1 0.3734375 0.3194039351851852 0.0296875 0.030567129629629618
1 0.4390625 0.31433449074074077 0.0203125 0.0256018518518518
4 0.4984375 0.29929398148148145 0.0890625 0.05263888888888886
4 0.5515625 0.2875636574074074 0.0203125 0.03810185185185189
4 0.721875 0.29970486111111116 0.040625 0.046516203703703775
2 0.77578125 0.3238888888888889 0.0390625 0.03396990740740744
1 0.765625 0.31325231481481486 0.0265625 0.032037037037037044
2 0.83671875 0.31895833333333334 0.0140625 0.042604166666666644
2 0.88125 0.2762326388888889 0.0109375 0.011261574074074066
2 0.91328125 0.25809606481481484 0.0265625 0.01953703703703704
1 0.9 0.2850520833333333 0.025 0.036678240740740796
2 0.88984375 0.26504050925925926 0.009375 0.01590277777777782
1 0.9203125 0.29851273148148144 0.0328125 0.03690972222222229
1 0.91328125 0.3487210648148148 0.0390625 0.04021990740740744
3 0.9234375 0.6546701388888889 0.053125 0.060949074074074086