4 0.6 0.3734375 0.2015625 0.1484375
1 0.2390625 0.6109375 0.1984375 0.1484375
1 0.1828125 0.528125 0.15 0.096875
1 0.09375 0.3625 0.0859375 0.028125
1 0.2203125 0.409375 0.075 0.0765625
4 0.946875 0.4515625 0.1 0.2515625
1 0.4703125 0.4484375 0.1234375 0.075
1 0.21875 0.3140625 0.034375 0.01875
2 0.359375 0.409375 0.05 0.071875
1 0.3359375 0.35625 0.065625 0.040625
1 0.2921875 0.4078125 0.08125 0.0640625
2 0.621875 0.453125 0.053125 0.0796875
1 0.2390625 0.3578125 0.053125 0.034375
2 0.1734375 0.353125 0.0328125 0.0421875
2 0.1484375 0.3359375 0.0234375 0.0328125
2 0.121875 0.328125 0.0171875 0.03125
2 0.225 0.328125 0.0234375 0.0203125
2 0.134375 0.440625 0.04375 0.0828125
2 0.1421875 0.3375 0.0140625 0.034375
2 0.18125 0.3375 0.0359375 0.040625
1 0.09375 0.334375 0.034375 0.025
3 0.053125 0.4578125 0.021875 0.0828125
3 0.0578125 0.3984375 0.0296875 0.0375
2 0.5671875 0.4953125 0.06875 0.115625
3 0.078125 0.6890625 0.046875 0.0734375
3 0.090625 0.640625 0.0390625 0.03125
3 0.4984375 0.753125 0.0875 0.05625
3 0.0375 0.50625 0.046875 0.0640625
3 0.290625 0.3640625 0.0234375 0.0203125
1 0.2859375 0.3375 0.04375 0.0296875
2 0.1609375 0.3109375 0.03125 0.0171875
1 0.1546875 0.2984375 0.028125 0.0203125
1 0.13125 0.321875 0.009375 0.0328125
2 0.2015625 0.3296875 0.0125 0.0328125
2 0.1921875 0.309375 0.0109375 0.015625
1 0.090625 0.3125 0.0359375 0.0171875
1 0.103125 0.4046875 0.0453125 0.0609375
1 0.825 0.3484375 0.05625 0.0359375
1 0.8984375 0.3546875 0.0421875 0.0359375