1 0.746875 0.5125 0.203125 0.1203125
1 0.1796875 0.521875 0.1421875 0.090625
0 0.2875 0.328125 0.1 0.075
1 0.2453125 0.590625 0.1828125 0.109375
1 0.384375 0.3671875 0.0671875 0.046875
1 0.16875 0.4234375 0.10625 0.06875
1 0.1203125 0.35625 0.06875 0.0359375
2 0.890625 0.3578125 0.0328125 0.0375
1 0.165625 0.325 0.0421875 0.0328125
2 0.2890625 0.3625 0.0390625 0.05625
2 0.33125 0.3703125 0.0296875 0.04375
1 0.7015625 0.6984375 0.296875 0.165625
3 0.059375 0.421875 0.0515625 0.084375
1 0.61875 0.334375 0.040625 0.028125
1 0.0984375 0.390625 0.04375 0.04375
2 0.1015625 0.3046875 0.0484375 0.040625
1 0.44375 0.5203125 0.115625 0.13125
2 0.1875 0.353125 0.0234375 0.04375
3 0.234375 0.6609375 0.04375 0.1296875
3 0.0734375 0.6796875 0.0546875 0.0921875
3 0.040625 0.5109375 0.053125 0.065625
3 0.1375 0.378125 0.0171875 0.01875
1 0.2171875 0.3375 0.040625 0.046875
1 0.0953125 0.2953125 0.0109375 0.0203125
1 0.48125 0.3953125 0.09375 0.0734375