1 0.705758101851852 0.550954861111111 0.26909722222222215 0.18201388888888878
1 0.24910300925925927 0.27350115740740744 0.05306712962962958 0.04138888888888888
2 0.7194155092592592 0.6670949074074074 0.13796296296296298 0.18319444444444438
1 0.19620949074074073 0.5210243055555555 0.20503472222222224 0.13890046296296282
2 0.19927662037037036 0.31171875 0.03518518518518521 0.06454861111111114
1 0.16993634259259258 0.4503587962962963 0.16533564814814813 0.1211342592592592
1 0.12416087962962963 0.35811921296296295 0.12262731481481479 0.10644675925925924
1 0.17355324074074074 0.26837384259259256 0.06423611111111108 0.047800925925925955
1 0.23240740740740745 0.23939236111111112 0.03888888888888893 0.03805555555555555
3 0.07089120370370369 0.3206481481481481 0.03721064814814814 0.07707175925925921
3 0.2221354166666667 0.5799826388888889 0.12349537037037042 0.12988425925925923
4 0.506076388888889 0.33450231481481485 0.23200231481481487 0.19239583333333332
2 0.30789930555555556 0.43582175925925926 0.09027777777777786 0.11846064814814809
2 0.9176504629629629 0.4377199074074074 0.05005787037037024 0.04446759259259263
1 0.28318865740740745 0.30188657407407404 0.05798611111111107 0.04770833333333328
2 0.4100405092592593 0.4608564814814815 0.08015046296296298 0.09800925925925927
2 0.29794560185185187 0.3250925925925926 0.03773148148148149 0.048969907407407476
4 0.1834201388888889 0.23387152777777778 0.04861111111111116 0.04756944444444446
1 0.53984375 0.7720428240740741 0.2077546296296296 0.08584490740740733
1 0.3460358796296297 0.2705034722222222 0.12118055555555554 0.10954861111111107
3 0.040769675925925924 0.3992361111111111 0.08153935185185185 0.09971064814814809
2 0.5192418981481481 0.5060879629629629 0.07951388888888893 0.1229861111111111
4 0.4024016203703704 0.39303819444444443 0.13535879629629619 0.11288194444444448
2 0.3612268518518519 0.34523726851851855 0.03651620370370372 0.05832175925925931
2 0.23182870370370373 0.33934606481481483 0.049537037037037025 0.07256944444444446
2 0.1275462962962963 0.24563078703703703 0.02158564814814814 0.034675925925925985
2 0.14160879629629627 0.2454224537037037 0.02309027777777777 0.03313657407407407
2 0.21278935185185183 0.24202546296296293 0.019791666666666607 0.028402777777777822
2 0.18611111111111112 0.2455439814814815 0.016377314814814792 0.02054398148148149
2 0.13880208333333335 0.21579282407407407 0.013194444444444463 0.018935185185185156
2 0.1463252314814815 0.22348958333333332 0.01620370370370372 0.01585648148148149
1 0.11186342592592594 0.2263425925925926 0.03547453703703703 0.030196759259259222
3 0.06284722222222222 0.2848495370370371 0.023321759259259257 0.03938657407407416
2 0.31993634259259257 0.38489004629629625 0.035995370370370414 0.04425925925925931