1 0.1828125 0.525 0.146875 0.096875
1 0.396875 0.3703125 0.0515625 0.0453125
1 0.465625 0.5640625 0.153125 0.1671875
2 0.7640625 0.4828125 0.0765625 0.10625
2 0.865625 0.5359375 0.090625 0.1234375
1 0.6046875 0.4203125 0.134375 0.08125
1 0.240625 0.60625 0.1921875 0.14375
1 0.2171875 0.39375 0.0640625 0.0609375
0 0.809375 0.3390625 0.2421875 0.084375
2 0.3140625 0.3828125 0.0375 0.0421875
1 0.6515625 0.525 0.1765625 0.121875
1 0.175 0.3125 0.0390625 0.025
2 0.2859375 0.4 0.034375 0.053125
1 0.2140625 0.3421875 0.05 0.0328125
2 0.15 0.2859375 0.0484375 0.034375
1 0.4328125 0.4140625 0.1078125 0.0609375
1 0.2921875 0.3453125 0.0546875 0.0390625
1 0.1328125 0.4078125 0.0765625 0.0515625
2 0.0625 0.3234375 0.05625 0.040625
2 0.24375 0.3375 0.0234375 0.0296875
2 0.1015625 0.3421875 0.0265625 0.0328125
2 0.1078125 0.315625 0.0421875 0.0328125
1 0.14375 0.315625 0.025 0.0296875
3 0.1796875 0.45 0.0515625 0.0625
3 0.378125 0.6625 0.04375 0.1375
3 0.3140625 0.6796875 0.0359375 0.11875
2 0.3703125 0.7390625 0.1140625 0.0828125
3 0.078125 0.6765625 0.0515625 0.1109375
3 0.0734375 0.5140625 0.025 0.0953125
3 0.103125 0.490625 0.028125 0.1078125
3 0.040625 0.48125 0.028125 0.1078125
3 0.171875 0.4140625 0.01875 0.0359375
3 0.053125 0.409375 0.009375 0.0375
2 0.0671875 0.4171875 0.0265625 0.0265625
3 0.075 0.3453125 0.015625 0.0375
2 0.2 0.3171875 0.009375 0.015625
1 0.2203125 0.3140625 0.025 0.01875
1 0.3546875 0.359375 0.0328125 0.0390625
2 0.31875 0.45 0.03125 0.0890625
3 0.3625 0.5453125 0.05 0.109375