1 0.5789351851851852 0.5443749999999999 0.1887731481481481 0.13104166666666667
1 0.2802951388888889 0.6452604166666667 0.1950231481481482 0.17354166666666657
1 0.20541087962962962 0.55921875 0.15046296296296297 0.10666666666666665
1 0.13405671296296298 0.4843229166666667 0.11614583333333331 0.10593749999999993
3 0.20836226851851852 0.6599479166666666 0.0854166666666667 0.07583333333333328
1 0.8327256944444444 0.38984375 0.08396990740740726 0.03677083333333329
1 0.21484375 0.3509895833333333 0.04467592592592595 0.02791666666666668
4 0.360011574074074 0.3567708333333333 0.11180555555555553 0.0729166666666666
1 0.24722222222222223 0.38354166666666667 0.05769675925925925 0.04281250000000005
1 0.1463252314814815 0.35265625 0.04021990740740744 0.03385416666666661
1 0.39965277777777775 0.438125 0.08570601851851851 0.08364583333333328
1 0.9491753472222222 0.40166666666666667 0.10164930555555571 0.05697916666666671
3 0.05625 0.44562500000000005 0.041435185185185186 0.06666666666666679
1 0.675607638888889 0.50328125 0.17118055555555572 0.1189583333333335
0 0.08735532407407408 0.33859374999999997 0.06967592592592593 0.07166666666666668
2 0.7650462962962963 0.7297916666666667 0.12991898148148148 0.18322916666666664
1 0.4526909722222222 0.7339062499999999 0.22789351851851852 0.1772916666666667
3 0.38278356481481485 0.61390625 0.07042824074074075 0.13406249999999992
1 0.45020254629629636 0.41421874999999997 0.06956018518518511 0.06854166666666668
2 0.28446180555555556 0.42109375 0.035243055555555534 0.06781249999999997
2 0.23353587962962963 0.4138020833333334 0.034664351851851814 0.052187500000000143
1 0.1541377314814815 0.39526041666666667 0.06423611111111112 0.051041666666666693
1 0.3148726851851852 0.4005208333333333 0.06267361111111107 0.05093750000000004
4 0.18191550925925926 0.3246354166666666 0.06290509259259255 0.05718750000000004
1 0.5024305555555555 0.3514583333333333 0.03686342592592595 0.027395833333333286
1 0.0650462962962963 0.4095833333333333 0.08472222222222223 0.057083333333333285
1 0.6054108796296296 0.45963541666666663 0.05711805555555571 0.06927083333333321
1 0.776880787037037 0.3759895833333333 0.053009259259259166 0.04250000000000007
1 0.530613425925926 0.3548958333333333 0.024537037037037024 0.03125
2 0.6753472222222222 0.37 0.014699074074074048 0.018125000000000037
2 0.9525173611111111 0.40484375000000006 0.03686342592592595 0.027395833333333286
3 0.8730613425925927 0.3847395833333333 0.015219907407407618 0.032187499999999945