1 0.8718518518518519 0.6619097222222222 0.22782407407407418 0.17702546296296298
2 0.6013078703703704 0.5796585648148149 0.10883101851851862 0.1406944444444445
1 0.8272916666666668 0.5590046296296297 0.2149305555555557 0.12353009259259266
1 0.21553240740740742 0.5463483796296297 0.23583333333333334 0.20381944444444447
1 0.18814236111111113 0.4462962962962963 0.14452546296296295 0.10894675925925927
2 0.6175983796296297 0.49027777777777776 0.07875000000000014 0.08668981481481489
4 0.3603530092592593 0.3005844907407408 0.13833333333333336 0.11657407407407412
2 0.4518923611111111 0.39081597222222225 0.06456018518518522 0.06908564814814815
2 0.5367592592592592 0.4324016203703704 0.08180555555555565 0.07740740740740737
1 0.4107291666666667 0.4622685185185185 0.12755787037037028 0.13812499999999997
2 0.24550347222222219 0.29796296296296293 0.04099537037037031 0.05120370370370377
1 0.33792824074074074 0.3741550925925926 0.10062499999999996 0.08733796296296292
1 0.15310763888888887 0.3233564814814815 0.0911458333333333 0.0729976851851852
1 0.17169560185185184 0.2402951388888889 0.051863425925925896 0.04215277777777775
1 0.2357465277777778 0.24375578703703704 0.03770833333333332 0.02923611111111111
3 0.04417824074074074 0.5912094907407408 0.08835648148148148 0.1480439814814815
3 0.09329861111111111 0.48568287037037033 0.07766203703703703 0.15070601851851856
3 0.05820023148148148 0.37133680555555554 0.0492013888888889 0.10456018518518517
3 0.06800347222222222 0.41929398148148145 0.06195601851851853 0.13930555555555557
2 0.28197337962962965 0.33264467592592595 0.03790509259259256 0.055798611111111104
2 0.17539351851851853 0.26853587962962966 0.02999999999999998 0.04306712962962962
2 0.1948263888888889 0.28239583333333335 0.03317129629629632 0.049409722222222285
2 0.5037789351851852 0.4540856481481482 0.059965277777777715 0.08144675925925923
1 0.19644097222222223 0.38090277777777776 0.1507523148148148 0.10600694444444443
1 0.2495601851851852 0.2777662037037037 0.050277777777777824 0.038981481481481416
1 0.14771412037037038 0.2075462962962963 0.03302083333333332 0.029097222222222198
2 0.19984375000000001 0.23800347222222223 0.02052083333333332 0.028726851851851885
2 0.38883101851851853 0.3592534722222222 0.041053240740740723 0.05901620370370368
4 0.44334490740740745 0.27881944444444445 0.1194212962962963 0.09414351851851847
4 0.20098958333333333 0.1888078703703704 0.03774305555555557 0.033923611111111106
1 0.9386111111111113 0.5107291666666667 0.09576388888888872 0.06376157407407419
1 0.945 0.4921643518518518 0.10206018518518505 0.07019675925925917
1 0.8491493055555555 0.4565046296296297 0.07856481481481481 0.06168981481481488
1 0.5467361111111111 0.3514293981481481 0.05182870370370374 0.03746527777777775
1 0.11815393518518517 0.29497106481481483 0.055034722222222235 0.04849537037037042
1 0.11222800925925927 0.25103587962962964 0.055057870370370354 0.051620370370370414