1 0.38350694444444444 0.44456597222222227 0.09780092592592596 0.09888888888888889
1 0.13411458333333334 0.384375 0.08929398148148149 0.047222222222222145
1 0.2459201388888889 0.37249999999999994 0.07175925925925926 0.04215277777777775
1 0.3299479166666667 0.3870659722222222 0.0700231481481481 0.06083333333333325
1 0.28787615740740746 0.6219791666666666 0.23368055555555553 0.16430555555555557
3 0.15564236111111113 0.7383854166666667 0.11660879629629628 0.16326388888888896
3 0.3286168981481482 0.72828125 0.1041666666666666 0.14270833333333321
4 0.2806423611111111 0.33416666666666667 0.06030092592592595 0.055937500000000015
3 0.1623263888888889 0.48 0.05700231481481479 0.07458333333333336
0 0.7078414351851852 0.5445659722222222 0.546238425925926 0.40368055555555565
4 0.1732928240740741 0.3216840277777778 0.05133101851851851 0.040138888888888856
4 0.9527777777777778 0.27288194444444447 0.09444444444444429 0.1444097222222222
1 0.15653935185185186 0.4230034722222221 0.05914351851851851 0.04031249999999993
1 0.2282986111111111 0.5466145833333333 0.15740740740740744 0.10333333333333332
3 0.12948495370370372 0.5754166666666667 0.07476851851851851 0.12489583333333343
1 0.9971064814814815 0.5188541666666666 0.005787037037037024 0.14152777777777778
1 0.2106481481481482 0.3505902777777778 0.04618055555555554 0.033784722222222285
2 0.9650318287037039 0.4259375 0.06993634259259238 0.10496527777777764
3 0.08535879629629631 0.49736111111111114 0.044907407407407396 0.05871527777777778
2 0.12635995370370373 0.34307291666666667 0.03472222222222223 0.04756944444444446
2 0.09852430555555555 0.34760416666666666 0.026215277777777768 0.0380208333333333
3 0.21030092592592595 0.47267361111111106 0.06892361111111107 0.067048611111111
1 0.8363425925925926 0.3038194444444445 0.071875 0.04371527777777775
2 0.4153645833333333 0.39925347222222224 0.06296296296296297 0.09187499999999993