1 0.18125 0.5234375 0.14375 0.090625
1 0.23125 0.6046875 0.2 0.146875
0 0.6546875 0.5359375 0.4828125 0.3015625
1 0.36875 0.471875 0.1046875 0.1125
2 0.215625 0.346875 0.0234375 0.0390625
1 0.24375 0.3453125 0.05 0.0328125
1 0.128125 0.3953125 0.0640625 0.0453125
1 0.1375 0.3515625 0.059375 0.0375
1 0.18125 0.334375 0.046875 0.0296875
3 0.2578125 0.7109375 0.075 0.140625
3 0.0671875 0.709375 0.08125 0.1359375
3 0.19375 0.45 0.034375 0.05
3 0.15 0.4515625 0.0421875 0.05625
3 0.0609375 0.5375 0.0484375 0.1109375
1 0.275 0.4015625 0.0609375 0.075
1 0.36875 0.390625 0.0875 0.05
1 0.45625 0.378125 0.0734375 0.034375
2 0.303125 0.3546875 0.0234375 0.0421875
2 0.121875 0.3203125 0.0171875 0.025
1 0.071875 0.3484375 0.0515625 0.0453125
4 0.1421875 0.2859375 0.034375 0.03125
4 0.2234375 0.30625 0.040625 0.0484375
3 0.046875 0.45 0.034375 0.04375
1 0.8234375 0.3515625 0.065625 0.0421875
1 0.4453125 0.3203125 0.0546875 0.028125
1 0.178125 0.2734375 0.0203125 0.0203125
2 0.096875 0.3125 0.015625 0.0265625
1 0.1125 0.290625 0.0234375 0.0203125
2 0.253125 0.35625 0.0234375 0.025
1 0.15625 0.3125 0.03125 0.0203125
1 0.39375 0.3078125 0.0359375 0.01875