1 0.27203125 0.4762673611111111 0.2145138888888889 0.11717592592592592
4 0.2533159722222222 0.3013483796296296 0.2851041666666667 0.12394675925925931
1 0.10991319444444445 0.45089699074074074 0.18020833333333336 0.11848379629629627
0 0.7648958333333333 0.32960069444444445 0.09468750000000004 0.056932870370370384
1 0.7835590277777778 0.6264351851851852 0.21666666666666679 0.16561342592592593
1 0.6216319444444445 0.4119386574074074 0.08947916666666664 0.08032407407407405
1 0.7966145833333333 0.35750000000000004 0.04364583333333325 0.03312500000000007
1 0.9059375 0.478605324074074 0.11361111111111129 0.09612268518518512
1 0.7644965277777778 0.3733680555555556 0.058194444444444396 0.044166666666666646
1 0.26881944444444444 0.7029282407407408 0.2885763888888889 0.1317824074074075
2 0.8134375 0.4019212962962963 0.03815972222222221 0.050266203703703737
1 0.07079861111111112 0.32692708333333337 0.09128472222222221 0.05065972222222222
1 0.8401736111111111 0.5463020833333333 0.15763888888888894 0.10269675925925928
1 0.9214930555555554 0.4065914351851852 0.08374999999999985 0.0568518518518518
2 0.7110937500000001 0.3675115740740741 0.02531250000000007 0.04236111111111107
1 0.6959722222222222 0.36137152777777776 0.051875000000000074 0.04255787037037031
2 0.8613368055555556 0.37186921296296294 0.03781250000000007 0.042453703703703737
1 0.35944444444444446 0.4209143518518518 0.13343750000000004 0.08533564814814802
3 0.9895225694444445 0.4497916666666667 0.020954861111111 0.06431712962962965
2 0.8206076388888889 0.36982638888888886 0.026597222222222428 0.036122685185185154
1 0.9685937499999999 0.3554282407407407 0.06281250000000008 0.03642361111111114
4 0.4870486111111111 0.37307870370370366 0.09385416666666657 0.10847222222222222
1 0.6012326388888889 0.7090624999999999 0.23868055555555562 0.1689004629629629
0 0.5494444444444444 0.2999363425925926 0.10576388888888885 0.060138888888888874
3 0.9759895833333333 0.5342592592592592 0.04802083333333336 0.0802083333333334
1 0.9022395833333334 0.37781828703703707 0.053437499999999714 0.042569444444444396
1 0.9172569444444445 0.3464467592592593 0.03555555555555543 0.026817129629629656
0 0.7523958333333333 0.29452546296296295 0.05124999999999993 0.0284953703703704
4 0.8950868055555556 0.2872164351851852 0.03420138888888857 0.03149305555555557
1 0.8653298611111111 0.3562094907407407 0.04180555555555543 0.02686342592592599
4 0.8461805555555555 0.32978009259259256 0.013749999999999929 0.028217592592592666
1 0.6755555555555556 0.3943460648148148 0.031770833333333394 0.047094907407407405
4 0.8855729166666666 0.3193287037037037 0.03093749999999993 0.028344907407407405
1 0.9124479166666667 0.32616319444444447 0.022638888888889142 0.01734953703703699
3 0.972829861111111 0.4538831018518518 0.0328125 0.0705324074074074