1 0.2390625 0.609375 0.2015625 0.1484375
0 0.7078125 0.446875 0.4828125 0.3015625
1 0.1828125 0.528125 0.14375 0.0984375
1 0.25625 0.353125 0.05 0.0390625
2 0.19375 0.3671875 0.0203125 0.046875
2 0.2234375 0.359375 0.025 0.0484375
1 0.365625 0.3734375 0.08125 0.0453125
3 0.0515625 0.409375 0.0359375 0.059375
3 0.0734375 0.71875 0.0765625 0.1265625
3 0.1234375 0.4453125 0.040625 0.071875
4 0.2421875 0.2984375 0.0828125 0.0484375
1 0.115625 0.3078125 0.028125 0.025
2 0.140625 0.3609375 0.028125 0.0359375
4 0.146875 0.3390625 0.0546875 0.05
4 0.13125 0.2765625 0.046875 0.040625