1 0.4015625 0.703125 0.196875 0.1578125
1 0.1171875 0.4453125 0.0921875 0.06875
2 0.2171875 0.409375 0.0328125 0.05625
1 0.215625 0.3703125 0.0640625 0.0390625
1 0.078125 0.3328125 0.046875 0.0375
2 0.1140625 0.33125 0.021875 0.0390625
1 0.1515625 0.3328125 0.0125 0.0375
1 0.190625 0.33125 0.040625 0.03125
1 0.828125 0.3453125 0.053125 0.0390625
0 0.4953125 0.309375 0.090625 0.05
4 0.1140625 0.2703125 0.046875 0.034375
4 0.2125 0.290625 0.0703125 0.040625
4 0.96171875 0.5265625 0.0765625 0.378125
3 0.3734375 0.6015625 0.0453125 0.0359375
3 0.1578125 0.6921875 0.0546875 0.14375
1 0.0375 0.50625 0.0640625 0.071875
3 0.0515625 0.4140625 0.0234375 0.08125
1 0.1859375 0.5296875 0.15625 0.1
1 0.246875 0.6078125 0.14375 0.14375
1 0.5296875 0.5734375 0.1625 0.1390625
2 0.2671875 0.3453125 0.0453125 0.0390625
2 0.453125 0.403125 0.040625 0.0640625
2 0.515625 0.453125 0.0546875 0.0875