4 0.6746180555555557 0.35376157407407405 0.2818402777777777 0.19918981481481488
1 0.35184027777777777 0.45101273148148147 0.11131944444444448 0.11799768518518512
1 0.1426388888888889 0.42745949074074074 0.1104861111111111 0.09924768518518512
2 0.6269965277777778 0.4971643518518519 0.08076388888888886 0.13246527777777786
2 0.4588541666666666 0.5699074074074074 0.07868055555555564 0.15578703703703703
1 0.8171527777777777 0.5675925925925925 0.21826388888888887 0.13755787037037023
1 0.2108159722222222 0.5000578703703704 0.1776041666666667 0.10017361111111107
1 0.25855902777777773 0.58828125 0.21965277777777778 0.16880787037037043
2 0.12928819444444445 0.3207465277777778 0.03510416666666667 0.05277777777777777
2 0.8710763888888888 0.6540219907407407 0.12760416666666644 0.1685185185185185
3 0.07112847222222222 0.38550347222222225 0.04034722222222222 0.06545138888888893
1 0.4046875 0.33715277777777775 0.09156250000000003 0.05954861111111107
1 0.42779513888888887 0.38168402777777777 0.1035763888888889 0.04907407407407405
2 0.19982638888888887 0.3408275462962963 0.036527777777777805 0.049710648148148094
3 0.06218749999999999 0.4836516203703704 0.06684027777777776 0.06487268518518512
4 0.28597222222222224 0.30711805555555555 0.1183680555555556 0.10109953703703703
3 0.18432291666666667 0.6434606481481482 0.08395833333333336 0.13414351851851852
1 0.45564236111111106 0.4448206018518519 0.12881944444444446 0.09056712962962976
1 0.8783159722222222 0.34152199074074074 0.07503472222222243 0.03865740740740744
2 0.7164236111111111 0.6253182870370371 0.08833333333333329 0.16238425925925917
2 0.17149305555555555 0.33718171296296295 0.03197916666666667 0.05266203703703702
2 0.2935590277777778 0.35457175925925927 0.025798611111111036 0.05399305555555554
2 0.3351388888888889 0.35694444444444445 0.027500000000000035 0.05717592592592595
2 0.15487847222222223 0.2978877314814815 0.01694444444444443 0.03026620370370372
2 0.18279513888888888 0.3273726851851852 0.023958333333333304 0.04768518518518512
2 0.19180555555555556 0.3012152777777778 0.018437500000000016 0.028761574074074047
2 0.13111111111111112 0.27372685185185186 0.013402777777777786 0.020775462962962975
2 0.14727430555555557 0.26765046296296297 0.024618055555555518 0.027430555555555534
2 0.09171875 0.2853587962962963 0.013541666666666652 0.023900462962962978
1 0.09503472222222223 0.2719328703703704 0.02270833333333333 0.019560185185185208
2 0.11723958333333333 0.2609375 0.011770833333333331 0.01915509259259256
1 0.09942708333333333 0.35315393518518523 0.05371527777777778 0.05034722222222214
1 0.9893055555555555 0.3511574074074074 0.021388888888888857 0.05138888888888893
2 0.5118750000000001 0.4247395833333334 0.03125 0.07135416666666679
4 0.4611284722222223 0.2865451388888889 0.055208333333333214 0.04884259259259256
2 0.9409548611111112 0.3423321759259259 0.03774305555555557 0.04195601851851851