3 0.2359375 0.440625 0.034375 0.0828125
3 0.0234375 0.4140625 0.0359375 0.065625
3 0.0421875 0.415625 0.021875 0.05625
3 0.0546875 0.4125 0.01875 0.06875
3 0.0359375 0.503125 0.0625 0.0765625
1 0.3671875 0.3828125 0.0515625 0.053125
1 0.184375 0.378125 0.0671875 0.05
1 0.165625 0.3390625 0.0375 0.025
1 0.196875 0.325 0.0375 0.0328125
1 0.1125 0.303125 0.0234375 0.0203125
1 0.1140625 0.4578125 0.090625 0.1015625
1 0.071875 0.334375 0.034375 0.0296875
1 0.103125 0.3765625 0.065625 0.0578125
1 0.2796875 0.378125 0.0609375 0.046875
1 0.340625 0.3546875 0.040625 0.0296875
1 0.45 0.421875 0.0828125 0.0671875
1 0.6078125 0.4171875 0.1 0.059375
1 0.234375 0.6015625 0.16875 0.1453125
1 0.175 0.525 0.14375 0.10625
2 0.234375 0.34375 0.0171875 0.0375
2 0.23125 0.321875 0.009375 0.025
2 0.2421875 0.3234375 0.009375 0.0296875
2 0.2765625 0.334375 0.0171875 0.0296875
0 0.4328125 0.3453125 0.121875 0.08125
4 0.425 0.2890625 0.0890625 0.05
4 0.2375 0.2765625 0.0453125 0.0296875
4 0.1171875 0.2765625 0.04375 0.0328125
1 0.15 0.303125 0.0234375 0.0234375
2 0.3453125 0.4 0.0296875 0.0578125
2 0.4203125 0.46875 0.0375 0.0796875
2 0.39375 0.43125 0.0390625 0.0703125
2 0.61875 0.4421875 0.04375 0.08125
1 0.8609375 0.35625 0.0796875 0.03125
1 0.6953125 0.346875 0.059375 0.021875