1 0.24375 0.6078125 0.1984375 0.146875
1 0.18125 0.5234375 0.1390625 0.0921875
1 0.121875 0.328125 0.040625 0.0375
2 0.428125 0.409375 0.0484375 0.065625
1 0.865625 0.5421875 0.1953125 0.15625
4 0.5234375 0.3875 0.1171875 0.0890625
0 0.3015625 0.3734375 0.1453125 0.153125
2 0.16875 0.3203125 0.0125 0.034375
3 0.034375 0.50625 0.06875 0.0765625
2 0.4375 0.6421875 0.0890625 0.16875
2 0.0875 0.3046875 0.0125 0.028125
1 0.1234375 0.4109375 0.084375 0.0703125
3 0.140625 0.45 0.046875 0.06875
3 0.059375 0.4203125 0.0375 0.08125
3 0.0734375 0.340625 0.0171875 0.0296875
2 0.11875 0.2953125 0.0125 0.0234375
4 0.1859375 0.2625 0.0484375 0.0390625
0 0.225 0.3296875 0.0828125 0.103125
4 0.3046875 0.2796875 0.0609375 0.0390625
1 0.3890625 0.3671875 0.0515625 0.065625
2 0.553125 0.596875 0.071875 0.1546875
2 0.8203125 0.3546875 0.025 0.0203125