1 0.1796875 0.525 0.1484375 0.09375
1 0.6125 0.475 0.1640625 0.09375
0 0.9296875 0.721875 0.1359375 0.1140625
0 0.6734375 0.375 0.3078125 0.178125
1 0.2234375 0.4171875 0.0921875 0.0703125
2 0.6265625 0.5203125 0.0671875 0.1171875
1 0.234375 0.6109375 0.2203125 0.1453125
1 0.35 0.409375 0.078125 0.0671875
1 0.125 0.4109375 0.0765625 0.0546875
2 0.7296875 0.525 0.0796875 0.115625
1 0.1703125 0.3234375 0.046875 0.028125
2 0.9875 0.525 0.0234375 0.065625
2 0.465625 0.4921875 0.0671875 0.10625
1 0.403125 0.378125 0.1125 0.04375
1 0.1578125 0.2984375 0.034375 0.0171875
1 0.9265625 0.365625 0.1203125 0.0609375
1 0.165625 0.3046875 0.0390625 0.0171875
3 0.0890625 0.6796875 0.0734375 0.096875
2 0.18125 0.3484375 0.025 0.0375
4 0.2421875 0.3453125 0.1015625 0.0890625
3 0.046875 0.56875 0.059375 0.1265625
3 0.0484375 0.475 0.025 0.0703125
3 0.078125 0.478125 0.025 0.0921875
3 0.04375 0.390625 0.0328125 0.0234375
1 0.078125 0.38125 0.046875 0.0390625
2 0.08125 0.31875 0.0203125 0.0296875
2 0.1078125 0.309375 0.01875 0.0265625
1 0.1328125 0.3078125 0.0265625 0.0296875
2 0.321875 0.3546875 0.01875 0.034375
1 0.284375 0.3375 0.0296875 0.0421875