1 0.6024305555555556 0.4149074074074074 0.10427083333333335 0.062442129629629764
1 0.8239236111111111 0.3744675925925926 0.04250000000000007 0.0427893518518518
2 0.8063541666666666 0.4358854166666667 0.046666666666666856 0.0662731481481483
1 0.6514409722222222 0.37581597222222224 0.053298611111111074 0.03982638888888897
2 0.8482638888888889 0.3951273148148148 0.03802083333333357 0.047407407407407384
2 0.6849999999999999 0.480931712962963 0.05281249999999993 0.09915509259259263
2 0.6916666666666667 0.4201331018518518 0.039722222222222214 0.050555555555555645
1 0.2129861111111111 0.6113483796296297 0.22913194444444446 0.201701388888889
1 0.7644097222222221 0.37046296296296294 0.06260416666666657 0.038402777777777786
1 0.8350000000000002 0.5534201388888889 0.16680555555555543 0.09928240740740754
3 0.9672395833333333 0.45466435185185183 0.0374305555555555 0.06925925925925931
1 0.7965972222222222 0.6379513888888889 0.2289583333333333 0.162662037037037
2 0.7510416666666666 0.4210127314814815 0.04624999999999986 0.05689814814814813
1 0.5126736111111111 0.3276967592592593 0.04329861111111111 0.025624999999999964
1 0.53125 0.3943344907407408 0.08694444444444435 0.05906249999999993
1 0.11161458333333334 0.3506423611111111 0.09854166666666667 0.03893518518518526
3 0.7692708333333333 0.6906365740740741 0.06961805555555553 0.12594907407407413
0 0.833454861111111 0.3254224537037037 0.05826388888888871 0.04614583333333329
3 0.9764062499999999 0.5384664351851851 0.04718750000000007 0.07902777777777778
2 0.5244270833333333 0.5745833333333333 0.092326388888889 0.1450231481481481
2 0.47866319444444444 0.49348958333333337 0.05423611111111111 0.09605324074074062
2 0.6289756944444445 0.4676099537037037 0.04934027777777779 0.09129629629629629
3 0.9338541666666667 0.4588541666666667 0.0327430555555555 0.06918981481481482
4 0.3705555555555556 0.3271527777777778 0.08822916666666672 0.0528356481481481
1 0.17647569444444444 0.3344270833333334 0.057777777777777796 0.035208333333333286
3 0.2498090277777778 0.3331712962962963 0.02652777777777775 0.03474537037037031
2 0.9077951388888887 0.38195601851851857 0.028715277777777715 0.048831018518518475
1 0.8849305555555557 0.3769328703703704 0.043715277777777575 0.03499999999999996
4 0.9286284722222223 0.32370949074074074 0.04256944444444457 0.044351851851851885
1 0.7185416666666666 0.39242476851851854 0.03260416666666668 0.06606481481481481
1 0.7082118055555556 0.3532349537037037 0.03649305555555564 0.013032407407407387
1 0.7454340277777778 0.3475405092592593 0.030312499999999964 0.01450231481481481
1 0.8663888888888888 0.34620949074074076 0.029652777777777573 0.034791666666666644
1 0.8884895833333333 0.33404513888888887 0.015034722222222286 0.022083333333333323
1 0.9657552083333332 0.40782407407407406 0.06848958333333358 0.038541666666666606
3 0.9417534722222222 0.7244212962962963 0.06149305555555529 0.08366898148148146
1 0.6067881944444444 0.3197222222222222 0.018020833333333285 0.019004629629629656
1 0.5765277777777778 0.32395833333333335 0.024340277777777787 0.020659722222222232
1 0.6319270833333334 0.3232175925925926 0.027326388888888963 0.017581018518518475
0 0.7679166666666667 0.3088368055555556 0.04194444444444443 0.030289351851851797