0 0.115625 0.3046875 0.075 0.0796875
1 0.178125 0.371875 0.071875 0.046875
4 0.2296875 0.3 0.0828125 0.059375
4 0.4671875 0.3484375 0.153125 0.1234375
3 0.165625 0.69375 0.075 0.171875
1 0.2484375 0.6 0.1859375 0.128125
3 0.33125 0.5609375 0.0421875 0.125
3 0.040625 0.50625 0.0625 0.0734375
3 0.0453125 0.4171875 0.021875 0.0671875
1 0.0703125 0.375 0.0734375 0.053125
1 0.184375 0.53125 0.1125 0.1140625
1 0.6703125 0.4265625 0.10625 0.0734375
1 0.946875 0.7015625 0.1046875 0.1234375
2 0.38125 0.4265625 0.04375 0.0703125
1 0.4125 0.396875 0.0796875 0.0609375
2 0.275 0.4234375 0.0375 0.0703125
2 0.259375 0.3765625 0.021875 0.0375
1 0.328125 0.3765625 0.0640625 0.04375
1 0.2484375 0.3484375 0.0515625 0.025
1 0.29375 0.3328125 0.046875 0.03125
1 0.7703125 0.3484375 0.0734375 0.034375
2 0.9203125 0.3609375 0.040625 0.0375
1 0.565625 0.46875 0.1109375 0.10625
1 0.1171875 0.453125 0.0984375 0.1
1 0.40625 0.70625 0.221875 0.1484375
2 0.190625 0.33125 0.0359375 0.025