4 0.7092997685185185 0.4215509259259259 0.08513888888888879 0.06983796296296294
1 0.6321122685185185 0.48102430555555564 0.09774305555555554 0.09853009259259267
1 0.06342592592592593 0.47810763888888885 0.12685185185185185 0.17496527777777776
1 0.8557349537037038 0.48948495370370376 0.06996527777777786 0.0503587962962964
4 0.51 0.49193287037037037 0.14252314814814823 0.14446759259259245
1 0.4149247685185185 0.6813483796296296 0.2573611111111111 0.242326388888889
1 0.6416956018518519 0.4250983796296296 0.07943287037037053 0.05240740740740737
2 0.7543171296296297 0.4685532407407408 0.050115740740740836 0.05711805555555553
1 0.8544270833333332 0.5380034722222222 0.08982638888888914 0.07008101851851851
1 0.6986516203703704 0.70703125 0.24907407407407406 0.20762731481481467
1 0.3124594907407407 0.32104166666666667 0.058101851851851904 0.03416666666666668
4 0.6876793981481482 0.36322337962962964 0.09460648148148146 0.07188657407407409
2 0.803443287037037 0.4726678240740741 0.04018518518518519 0.04725694444444439
3 0.8275 0.8469328703703702 0.09093750000000007 0.08883101851851834
1 0.09979166666666667 0.27318287037037037 0.12475694444444445 0.08123842592592592
3 0.9093865740740741 0.6552662037037037 0.07981481481481474 0.08513888888888896
3 0.9193113425925926 0.55390625 0.04965277777777786 0.04930555555555553
1 0.7646296296296295 0.6383564814814815 0.16972222222222227 0.13030092592592588
3 0.6249768518518518 0.7204513888888889 0.10704861111111122 0.15041666666666664
3 0.8221469907407407 0.7917997685185185 0.06869212962962976 0.08144675925925923
1 0.20525462962962965 0.29197337962962966 0.07520833333333332 0.059976851851851795
1 0.3800636574074074 0.529079861111111 0.17378472222222224 0.17256944444444428
1 0.577667824074074 0.447638888888889 0.05885416666666661 0.0731481481481481
1 0.5351736111111111 0.4109548611111111 0.04699074074074083 0.056956018518518545
2 0.8362615740740742 0.5668402777777779 0.06318287037037038 0.09362268518518527
1 0.843570601851852 0.4567245370370371 0.042754629629629906 0.03804398148148138
2 0.8343287037037037 0.4672164351851852 0.02887731481481488 0.040439814814814845
2 0.8881423611111112 0.4715740740740741 0.024097222222222214 0.03863425925925927
1 0.8758333333333332 0.45447916666666666 0.0318171296296299 0.03747685185185183
2 0.9141608796296297 0.45568287037037036 0.01894675925925924 0.0305787037037037
2 0.9025810185185186 0.4527314814814815 0.01885416666666657 0.029016203703703704
2 0.8673437500000001 0.4258275462962963 0.014895833333333285 0.014791666666666713
1 0.8435358796296295 0.4308622685185185 0.03135416666666657 0.029664351851851834
1 0.9250810185185184 0.4962152777777778 0.033749999999999857 0.043807870370370414
0 0.8187384259259259 0.3864756944444444 0.05581018518518519 0.04806712962962969
4 0.7720775462962963 0.42010416666666667 0.05645833333333332 0.05900462962962969
1 0.5793171296296296 0.3536863425925926 0.04799768518518519 0.047662037037037044
1 0.4444386574074074 0.34199074074074076 0.04082175925925924 0.03171296296296298
1 0.4996296296296297 0.34955439814814815 0.037418981481481595 0.026863425925925898