1 0.70625 0.5 0.1625 0.0984375
1 0.70625 0.425 0.15 0.0609375
0 0.3171875 0.315625 0.11875 0.0765625
1 0.209375 0.3953125 0.0828125 0.05625
1 0.521875 0.496875 0.1640625 0.103125
2 0.8859375 0.5390625 0.0828125 0.0828125
1 0.228125 0.609375 0.215625 0.153125
1 0.125 0.40625 0.0734375 0.0515625
3 0.296875 0.6671875 0.0671875 0.1109375
1 0.228125 0.3265625 0.04375 0.0265625
1 0.1859375 0.5234375 0.1515625 0.084375
4 0.1421875 0.3203125 0.075 0.0671875
1 0.925 0.3609375 0.1046875 0.0484375
2 0.38125 0.3875 0.0375 0.046875
2 0.325 0.3796875 0.0421875 0.0421875
3 0.059375 0.4796875 0.0390625 0.103125
1 0.3 0.3640625 0.065625 0.0359375
3 0.30625 0.5015625 0.05 0.096875
3 0.0640625 0.671875 0.071875 0.096875
3 0.0765625 0.7203125 0.0640625 0.1234375
2 0.896875 0.5 0.0921875 0.0671875
1 0.98125 0.5296875 0.0359375 0.0984375
2 0.3265625 0.4140625 0.0390625 0.0421875
2 0.4171875 0.43125 0.046875 0.0671875
1 0.2140625 0.346875 0.05 0.0375
1 0.4765625 0.4125 0.08125 0.05625
2 0.5578125 0.4078125 0.0375 0.071875
1 0.8265625 0.35 0.0578125 0.034375
1 0.7671875 0.3484375 0.0609375 0.0328125
2 0.6265625 0.334375 0.0171875 0.021875
2 0.0859375 0.3046875 0.015625 0.0234375
1 0.078125 0.2859375 0.0265625 0.021875
1 0.434375 0.36875 0.0625 0.0390625
2 0.425 0.3765625 0.021875 0.0421875
1 0.0640625 0.346875 0.034375 0.040625