1 0.74375 0.6689525462962963 0.20625 0.17951388888888892
1 0.81875 0.46313657407407405 0.071875 0.06828703703703702
1 0.35859375 0.57890625 0.265625 0.20202546296296298
1 0.15625 0.42453703703703705 0.1234375 0.09050925925925934
1 0.36953125 0.46368634259259256 0.1828125 0.11770833333333322
1 0.8125 0.5988425925925925 0.1546875 0.11666666666666678
0 0.66484375 0.40587384259259257 0.2328125 0.20549768518518513
1 0.44609375 0.42824074074074076 0.11875 0.0809606481481481
1 0.86953125 0.42829861111111106 0.053125 0.039467592592592735
1 0.12578125 0.5187210648148148 0.2515625 0.18119212962962977
3 0.88046875 0.5404224537037037 0.0359375 0.09351851851851851
1 0.878125 0.4926793981481482 0.078125 0.06539351851851852
2 0.04921875 0.6471354166666666 0.0984375 0.15677083333333322
2 0.7296875 0.484837962962963 0.046875 0.07986111111111108
2 0.7984375 0.41863425925925923 0.03125 0.05271990740740744
1 0.9078125 0.4031539351851851 0.0328125 0.03559027777777786
2 0.56171875 0.4645543981481481 0.053125 0.08009259259259274
1 0.83125 0.409693287037037 0.05 0.034664351851851904
1 0.01953125 0.45150462962962956 0.0390625 0.09050925925925916
2 0.771875 0.48171296296296295 0.0453125 0.07824074074074083
2 0.51328125 0.4463541666666666 0.0515625 0.08784722222222215
2 0.35 0.389525462962963 0.04375 0.045370370370370415
2 0.23515625 0.47120949074074076 0.078125 0.11695601851851851
3 0.95625 0.6026041666666666 0.0703125 0.08541666666666678
3 0.9546875 0.5314525462962963 0.0328125 0.054340277777777855
3 0.92421875 0.525636574074074 0.0265625 0.05723379629629619
3 0.9625 0.4887731481481481 0.0203125 0.01793981481481488
2 0.775 0.4130787037037037 0.0171875 0.03657407407407405
2 0.88828125 0.4063368055555555 0.015625 0.020891203703703808
2 0.88125 0.39045138888888886 0.01875 0.030381944444444465
1 0.85859375 0.3942997685185185 0.0265625 0.024421296296296368
2 0.9515625 0.40789930555555554 0.025 0.02748842592592595
2 0.2171875 0.31820023148148147 0.0234375 0.025868055555555537
1 0.384375 0.32751736111111107 0.040625 0.032754629629629585