1 0.240625 0.60625 0.1890625 0.14375
1 0.4765625 0.3921875 0.103125 0.0671875
1 0.5515625 0.45625 0.109375 0.084375
1 0.4875 0.6234375 0.209375 0.1578125
1 0.4109375 0.36875 0.0703125 0.0546875
1 0.184375 0.5265625 0.1390625 0.0984375
2 0.2796875 0.396875 0.0421875 0.0546875
1 0.2796875 0.3640625 0.059375 0.046875
1 0.140625 0.328125 0.04375 0.028125
1 0.13125 0.4078125 0.075 0.05625
3 0.1109375 0.45625 0.046875 0.090625
1 0.1890625 0.3546875 0.0578125 0.059375
3 0.0390625 0.50625 0.06875 0.0703125
0 0.78125 0.4546875 0.4140625 0.3203125
1 0.0875 0.334375 0.05625 0.0328125
2 0.384375 0.3796875 0.0265625 0.05
3 0.05 0.45 0.0421875 0.0875
2 0.2125 0.4 0.028125 0.0625
2 0.346875 0.4171875 0.0390625 0.078125
1 0.25 0.3328125 0.0421875 0.0328125
1 0.184375 0.315625 0.040625 0.03125
2 0.0796875 0.2921875 0.0140625 0.01875
1 0.1203125 0.3078125 0.028125 0.0296875
4 0.6 0.3 0.1515625 0.0984375