2 0.16983796296296297 0.3445486111111111 0.0241087962962963 0.04583333333333339
1 0.19543981481481482 0.30336805555555557 0.0522337962962963 0.04645833333333336
1 0.40056712962962965 0.3745659722222222 0.0851157407407408 0.05187499999999989
1 0.18881944444444446 0.4339409722222222 0.13711805555555556 0.08270833333333324
1 0.17291087962962964 0.5061458333333333 0.14994212962962963 0.10486111111111107
1 0.5502314814814815 0.3938888888888889 0.10108796296296294 0.07565972222222221
1 0.22321180555555556 0.5901562499999999 0.20392361111111112 0.1638541666666667
1 0.8626273148148147 0.60484375 0.2123379629629632 0.20465277777777793
1 0.44755208333333335 0.4188194444444444 0.10425925925925927 0.07885416666666671
1 0.29907986111111107 0.3190277777777778 0.0554282407407408 0.05121527777777777
2 0.1995486111111111 0.3423263888888889 0.028888888888888874 0.05218749999999996
2 0.23753472222222224 0.3086805555555555 0.03182870370370363 0.03975694444444446
1 0.34165509259259264 0.34463541666666664 0.07408564814814814 0.0453819444444445
1 0.7569560185185185 0.46270833333333333 0.17962962962962958 0.10552083333333329
1 0.9239583333333334 0.36605902777777777 0.11652777777777779 0.06350694444444445
1 0.8351967592592592 0.3477256944444444 0.0896412037037038 0.04104166666666664
1 0.9841261574074075 0.3639409722222222 0.021238425925925952 0.06295138888888889
2 0.10885995370370369 0.2959201388888889 0.01762731481481481 0.030069444444444392
3 0.05724537037037038 0.6696006944444445 0.06976851851851851 0.07027777777777793
3 0.06654513888888888 0.6217534722222222 0.055196759259259265 0.03559027777777786
3 0.04686921296296297 0.47380208333333335 0.04989583333333333 0.09951388888888886
3 0.06690393518518518 0.38666666666666666 0.03807870370370372 0.03989583333333337
4 0.1701909722222222 0.26800347222222226 0.05731481481481482 0.07312499999999993