1 0.3550520833333334 0.4861979166666667 0.10392361111111104 0.11001157407407405
1 0.10359375 0.44644097222222223 0.09027777777777776 0.05798611111111107
1 0.21319444444444446 0.4255208333333333 0.07295138888888886 0.05109953703703703
1 0.29765625 0.4325520833333333 0.07336805555555559 0.06984953703703703
1 0.2764409722222222 0.6721932870370371 0.24163194444444444 0.1947337962962962
3 0.1559201388888889 0.7988715277777778 0.1287847222222222 0.17494212962962957
3 0.32635416666666667 0.7755208333333334 0.11427083333333332 0.1541087962962962
4 0.24348958333333334 0.38370949074074073 0.062291666666666676 0.06319444444444447
3 0.13999999999999999 0.5391203703703704 0.061111111111111074 0.08032407407407405
0 0.6853298611111112 0.5600983796296296 0.5663194444444445 0.4737268518518519
4 0.13647569444444446 0.3805266203703704 0.052569444444444446 0.047222222222222235
4 0.9114583333333334 0.2679398148148148 0.12055555555555557 0.15590277777777778
1 0.12861111111111112 0.483275462962963 0.060381944444444446 0.047511574074074046
1 0.21085069444444446 0.6010706018518519 0.1604166666666666 0.12303240740740726
3 0.11486111111111111 0.6373263888888889 0.08409722222222223 0.13113425925925917
1 0.9802430555555557 0.5087962962962963 0.03951388888888872 0.1439814814814815
1 0.17607638888888888 0.4061921296296297 0.04770833333333333 0.03923611111111107
2 0.939045138888889 0.42039930555555555 0.09777777777777778 0.11446759259259257
3 0.06482638888888889 0.5636574074074074 0.04822916666666668 0.06267361111111107
2 0.09175347222222223 0.4054108796296296 0.03861111111111111 0.05138888888888893
2 0.06536458333333334 0.4122395833333334 0.028993055555555557 0.04010416666666679
3 0.18659722222222225 0.5283564814814815 0.07350694444444446 0.07609953703703702
1 0.7906076388888889 0.30951967592592594 0.07298611111111111 0.05266203703703702
2 0.38288194444444446 0.4388310185185185 0.0693402777777778 0.09936342592592595