1 0.4961516203703704 0.5113483796296296 0.17216435185185192 0.135613425925926
1 0.8556712962962962 0.7132523148148149 0.28865740740740764 0.2553472222222222
1 0.43949652777777776 0.3945543981481482 0.09623842592592595 0.06788194444444447
0 0.16689814814814813 0.2886574074074074 0.09068287037037041 0.08658564814814813
1 0.24456018518518516 0.5719675925925927 0.23327546296296298 0.18292824074074082
3 0.24010416666666665 0.6836226851851852 0.09890046296296298 0.13975694444444448
1 0.7296585648148148 0.4685590277777778 0.12349537037037024 0.0868287037037037
1 0.20043402777777777 0.49822337962962965 0.17835648148148148 0.13409722222222217
1 0.3124131944444445 0.442818287037037 0.10248842592592596 0.11010416666666671
1 0.3366898148148148 0.38129629629629636 0.08790509259259256 0.053761574074074045
3 0.06938657407407409 0.6503356481481481 0.0965277777777778 0.1600462962962963
2 0.6546296296296296 0.7202777777777778 0.1284143518518519 0.1774652777777778
1 0.15720486111111112 0.3643460648148148 0.07905092592592596 0.06775462962962964
3 0.1583912037037037 0.43855324074074076 0.12413194444444442 0.10401620370370371
1 0.529369212962963 0.4170891203703704 0.1114583333333334 0.05706018518518512
4 0.2776331018518518 0.3050983796296296 0.13263888888888892 0.12282407407407411
4 0.5102719907407407 0.3443113425925926 0.17158564814814808 0.11998842592592585
2 0.6241319444444444 0.4873032407407408 0.06597222222222214 0.09421296296296297
2 0.590769675925926 0.4300405092592593 0.03894675925925917 0.08151620370370374
1 0.8050636574074073 0.5222280092592593 0.13587962962962977 0.1259722222222223
2 0.7842013888888889 0.5494097222222222 0.06938657407407404 0.10204861111111115
2 0.2779224537037037 0.3550868055555555 0.03802083333333339 0.056516203703703735
1 0.955758101851852 0.43197916666666664 0.08848379629629619 0.0600462962962963
1 0.8584201388888889 0.40234375 0.0740162037037038 0.05834490740740748
1 0.7962962962962963 0.3909490740740741 0.05821759259259256 0.05354166666666664
0 0.3521701388888889 0.2720659722222222 0.053125 0.042569444444444396
0 0.15876736111111112 0.2378298611111111 0.07332175925925925 0.039594907407407384
0 0.20517939814814815 0.2467650462962963 0.03761574074074074 0.04557870370370374
1 0.3380208333333333 0.33288194444444447 0.05046296296296297 0.055046296296296315
2 0.36970486111111106 0.34483217592592597 0.03298611111111107 0.047106481481481485
1 0.9223958333333332 0.5934664351851853 0.15520833333333356 0.1059606481481481
1 0.09910300925925926 0.2928414351851852 0.05480324074074074 0.04570601851851848