3 0.23749421296296297 0.40661458333333333 0.04124999999999997 0.08708333333333336
3 0.027644675925925927 0.37921875 0.04113425925925925 0.07145833333333336
3 0.046377314814814816 0.3803125 0.025428240740740737 0.05947916666666666
3 0.05888888888888889 0.3779166666666667 0.023958333333333325 0.071875
3 0.0335619212962963 0.4686458333333333 0.0671238425925926 0.08572916666666668
1 0.37300925925925926 0.3491666666666667 0.05510416666666664 0.0598958333333333
1 0.19111111111111112 0.3433333333333334 0.07071759259259261 0.059375
1 0.175 0.3045833333333333 0.039270833333333324 0.030729166666666696
1 0.20790509259259257 0.28989583333333335 0.03932870370370374 0.038541666666666696
1 0.1252951388888889 0.26807291666666666 0.025162037037037076 0.023541666666666662
1 0.11477430555555554 0.42338541666666674 0.09767361111111113 0.11427083333333332
1 0.08211805555555556 0.29906249999999995 0.03616898148148149 0.033645833333333285
1 0.10991319444444443 0.34171874999999996 0.06921296296296298 0.06708333333333334
1 0.28637152777777775 0.3440104166666667 0.06444444444444439 0.05583333333333336
1 0.3482349537037037 0.32036458333333334 0.04243055555555557 0.03562500000000002
1 0.4523668981481482 0.38838541666666665 0.08804398148148138 0.07927083333333336
1 0.6101331018518519 0.38411458333333337 0.10361111111111114 0.07250000000000005
1 0.22380787037037037 0.5676041666666667 0.17928240740740745 0.16812500000000002
1 0.17049768518518518 0.49072916666666666 0.1524189814814815 0.12572916666666673
2 0.2436805555555556 0.309375 0.020601851851851906 0.04041666666666668
2 0.2422800925925926 0.28760416666666666 0.011122685185185156 0.025729166666666713
2 0.2532002314814815 0.28921875 0.011157407407407404 0.030416666666666713
2 0.2859143518518518 0.3003125 0.018981481481481488 0.03249999999999993
0 0.4412268518518519 0.31104166666666666 0.1272222222222222 0.09749999999999996
4 0.4377372685185185 0.2550520833333333 0.09260416666666664 0.06239583333333334
4 0.25199074074074074 0.24166666666666664 0.04711805555555557 0.0359375
4 0.1317361111111111 0.241875 0.04557870370370374 0.03895833333333334
1 0.16277777777777777 0.2679166666666667 0.0251851851851852 0.02666666666666666
2 0.34945601851851854 0.36635416666666665 0.03481481481481481 0.06166666666666663
2 0.41922453703703705 0.43510416666666674 0.04280092592592588 0.08562499999999992
2 0.3952951388888889 0.39765625 0.04429398148148156 0.07635416666666668
2 0.6193171296296296 0.40927083333333336 0.05062499999999996 0.08770833333333332
1 0.8674826388888889 0.3240104166666667 0.081527777777778 0.042916666666666714
1 0.7027951388888889 0.31390624999999994 0.061134259259259235 0.030625000000000034