3 0.8542129629629629 0.7823611111111111 0.13188657407407406 0.13559027777777785
1 0.1755497685185185 0.4458159722222222 0.1874884259259259 0.12434027777777779
1 0.5208391203703704 0.42376736111111113 0.09879629629629641 0.06930555555555565
3 0.7055092592592592 0.7540277777777777 0.1027662037037036 0.14586805555555565
1 0.7798321759259259 0.57265625 0.17269675925925937 0.10996527777777772
1 0.3883622685185185 0.5350173611111111 0.1759606481481482 0.14281249999999995
1 0.5550347222222223 0.45815972222222223 0.12452546296296294 0.0839236111111111
1 0.9109548611111112 0.4121006944444444 0.06657407407407376 0.049861111111111
0 0.5911111111111111 0.3205208333333333 0.09141203703703696 0.04729166666666664
1 0.31795138888888885 0.6711111111111111 0.240625 0.21604166666666663
1 0.6995833333333333 0.43086805555555563 0.08581018518518527 0.059652777777777645
3 0.93515625 0.5487326388888889 0.08123842592592609 0.12197916666666657
1 0.741087962962963 0.3997222222222222 0.07414351851851855 0.04534722222222225
0 0.8183564814814815 0.35763888888888895 0.09491898148148152 0.0848263888888889
1 0.7217534722222222 0.6519270833333334 0.22626157407407418 0.179826388888889
1 0.306875 0.4925347222222222 0.17054398148148148 0.1286458333333334
0 0.9061516203703703 0.36897569444444445 0.06754629629629641 0.06861111111111118
1 0.17722222222222223 0.32305555555555554 0.06765046296296298 0.04052083333333334
1 0.4373148148148148 0.4054861111111111 0.0943518518518518 0.07388888888888889
3 0.8534201388888889 0.5563020833333333 0.06851851851851834 0.087361111111111
4 0.6889930555555555 0.34850694444444447 0.11999999999999993 0.08694444444444445
2 0.5885011574074074 0.5066145833333333 0.060949074074074086 0.09187499999999993
2 0.6838831018518519 0.4923090277777778 0.05642361111111107 0.09489583333333336
2 0.3912731481481481 0.4185416666666667 0.05601851851851851 0.08708333333333336
2 0.1416550925925926 0.4810416666666667 0.07967592592592591 0.1219444444444445
3 0.8399074074074073 0.6811458333333333 0.08746527777777793 0.15177083333333333
1 0.8579571759259259 0.4688020833333333 0.08489583333333357 0.07211805555555557
1 0.7766145833333333 0.4536979166666667 0.07913194444444453 0.08135416666666657
1 0.5971354166666666 0.40043402777777776 0.06681712962962968 0.05454861111111118
1 0.29564814814814816 0.3319444444444445 0.07603009259259261 0.0516319444444445
4 0.4251331018518519 0.3387326388888889 0.07726851851851854 0.04541666666666666
2 0.33801504629629625 0.40484375000000006 0.03777777777777782 0.06638888888888879
1 0.028234953703703703 0.4563194444444445 0.056469907407407406 0.137638888888889
2 0.6561342592592593 0.3939236111111111 0.030717592592592526 0.05062500000000005
2 0.7845428240740742 0.39130208333333333 0.01444444444444457 0.03777777777777782
1 0.8097974537037038 0.40203125 0.049143518518518545 0.044791666666666605