1 0.3944270833333333 0.4105034722222222 0.1015625 0.07390046296296297
1 0.32276041666666666 0.37589699074074073 0.06260416666666666 0.05063657407407405
1 0.2886458333333334 0.6240162037037037 0.21020833333333327 0.16053240740740743
1 0.22098958333333335 0.5443576388888889 0.14281249999999995 0.10815972222222214
0 0.6923958333333333 0.5548032407407407 0.5212499999999999 0.3372685185185185
2 0.285625 0.3916666666666667 0.039270833333333324 0.05133101851851851
3 0.21156250000000001 0.461400462962963 0.053125 0.0721064814814815
0 0.9766666666666666 0.642650462962963 0.046666666666666856 0.3200231481481481
2 0.24640625 0.36449652777777775 0.035520833333333356 0.04184027777777777
1 0.11499999999999999 0.36898148148148147 0.09437500000000001 0.036226851851851906
4 0.5817708333333333 0.32158564814814816 0.15093749999999986 0.08975694444444446
1 0.24703124999999998 0.3504918981481482 0.048958333333333305 0.03298611111111107
4 0.24312499999999998 0.32696759259259256 0.05322916666666666 0.050289351851851904
1 0.8406770833333332 0.3709201388888889 0.07979166666666657 0.051273148148148096
1 0.6939062500000001 0.36704282407407407 0.07989583333333332 0.0528356481481481
3 0.3120833333333334 0.7184027777777777 0.07416666666666671 0.13055555555555554
3 0.12864583333333332 0.7022569444444444 0.09604166666666666 0.13136574074074084
3 0.15859375 0.4617766203703704 0.05364583333333335 0.07991898148148131
3 0.11729166666666666 0.4851851851851852 0.04291666666666667 0.08263888888888893
3 0.08328125 0.489380787037037 0.0503125 0.10005787037037042
4 0.4033854166666667 0.3461516203703704 0.06624999999999996 0.05856481481481479
2 0.17161458333333335 0.36484375 0.024791666666666677 0.04456018518518521
2 0.19458333333333333 0.35868055555555556 0.024479166666666698 0.03987268518518512
1 0.9391145833333333 0.386255787037037 0.03697916666666643 0.04033564814814809