1 0.384375 0.4 0.08125 0.06875
1 0.303125 0.390625 0.0640625 0.059375
1 0.540625 0.45625 0.1328125 0.0765625
2 0.4578125 0.4015625 0.0375 0.0625
4 0.8140625 0.3765625 0.3703125 0.259375
3 0.0515625 0.415625 0.034375 0.0671875
1 0.2359375 0.6140625 0.2140625 0.15625
2 0.1328125 0.346875 0.0265625 0.0359375
1 0.184375 0.525 0.1484375 0.090625
1 0.3765625 0.3546875 0.06875 0.021875
1 0.25 0.3515625 0.0546875 0.0390625
1 0.296875 0.334375 0.0609375 0.0359375
3 0.040625 0.5046875 0.059375 0.065625
3 0.2609375 0.6625 0.065625 0.1265625
1 0.2 0.3828125 0.065625 0.078125
2 0.4390625 0.49375 0.059375 0.09375
3 0.0671875 0.6921875 0.0625 0.0890625
1 0.1125 0.303125 0.034375 0.0234375
1 0.0625 0.3796875 0.0734375 0.053125
4 0.1640625 0.2890625 0.059375 0.0453125
1 0.23125 0.325 0.040625 0.0265625
1 0.1640625 0.3296875 0.0390625 0.0359375
1 0.540625 0.334375 0.053125 0.0296875
1 0.4734375 0.3234375 0.0375 0.025
1 0.234375 0.29375 0.03125 0.0203125