1 0.25914930555555554 0.4838425925925926 0.12184027777777776 0.10642361111111107
1 0.4064236111111111 0.42426504629629636 0.1203125 0.07204861111111108
0 0.8072395833333333 0.3590625 0.10652777777777764 0.07809027777777774
1 0.7909375 0.3916550925925926 0.06493055555555553 0.055613425925925955
1 0.5082638888888888 0.5954166666666667 0.15913194444444442 0.17255787037037038
4 0.24354166666666668 0.32491319444444444 0.22420138888888888 0.09076388888888882
1 0.7373437500000001 0.6300810185185185 0.22881944444444446 0.15953703703703717
0 0.5309201388888889 0.31431712962962965 0.0880208333333334 0.04814814814814809
1 0.6543402777777778 0.36930555555555555 0.06274305555555557 0.04152777777777779
3 0.7262673611111111 0.527505787037037 0.04312499999999986 0.05685185185185197
1 0.08253472222222222 0.3592708333333333 0.12097222222222222 0.05175925925925924
1 0.58078125 0.3885416666666667 0.07246527777777771 0.04947916666666661
2 0.7244097222222223 0.37581597222222224 0.03319444444444457 0.044212962962962975
0 0.3970486111111111 0.318587962962963 0.11045138888888895 0.06097222222222225
3 0.7348784722222221 0.7207291666666666 0.07461805555555542 0.09791666666666679
1 0.8003993055555554 0.548148148148148 0.15104166666666644 0.09592592592592589
3 0.3756423611111111 0.5715625 0.07722222222222222 0.12137731481481477
1 0.12989583333333332 0.6656423611111111 0.24885416666666665 0.22385416666666663
1 0.17303819444444443 0.5568344907407408 0.19097222222222224 0.08090277777777785
3 0.923576388888889 0.43270833333333336 0.028229166666666573 0.03789351851851848
2 0.6615104166666667 0.43664351851851857 0.0515625 0.07103009259259245
3 0.9257118055555555 0.5077893518518518 0.05302083333333343 0.10384259259259263
2 0.5611805555555556 0.42499421296296297 0.049583333333333354 0.06163194444444446
1 0.853298611111111 0.43088541666666663 0.07090277777777772 0.04945601851851862
3 0.7824479166666667 0.4595428240740741 0.058368055555555645 0.08362268518518512
1 0.22505208333333332 0.4419039351851851 0.17114583333333339 0.09153935185185187
3 0.9586979166666666 0.504369212962963 0.04052083333333343 0.10365740740740748
3 0.8976215277777777 0.5065914351851852 0.04194444444444443 0.10055555555555565
2 0.4646527777777778 0.7323611111111111 0.1412152777777777 0.12076388888888889
3 0.9083506944444444 0.687337962962963 0.13135416666666658 0.2502199074074074
4 0.8143402777777778 0.28724537037037035 0.04697916666666657 0.0381712962962963
4 0.8890451388888888 0.27740740740740744 0.037326388888888576 0.031782407407407384
0 0.6579340277777778 0.30603587962962964 0.051458333333333425 0.0335532407407408
4 0.7403125 0.2994386574074074 0.05940972222222225 0.036793981481481455
2 0.8728819444444443 0.34205439814814814 0.020277777777777572 0.034652777777777824
2 0.9184027777777779 0.33803819444444444 0.018715277777777574 0.034629629629629656
1 0.8945659722222222 0.3290856481481481 0.02156249999999993 0.028425925925925986
1 0.028177083333333332 0.5419733796296297 0.056354166666666664 0.17457175925925927