1 0.804513888888889 0.5205092592592593 0.23206018518518512 0.19729166666666664
1 0.819675925925926 0.23302662037037036 0.061574074074074045 0.061134259259259235
1 0.8306423611111111 0.42353587962962963 0.16400462962962975 0.12972222222222224
2 0.6754629629629629 0.3092534722222222 0.047511574074074046 0.060717592592592594
2 0.6248553240740741 0.3365625 0.04918981481481488 0.06388888888888893
2 0.7876446759259259 0.27620949074074075 0.0393518518518519 0.05111111111111111
2 0.7371527777777779 0.2855266203703704 0.04589120370370381 0.059108796296296263
0 0.33203125 0.6025520833333333 0.6357060185185185 0.4761458333333334
1 0.8609375 0.1856597222222222 0.034085648148148094 0.0353472222222222
0 0.5776331018518519 0.30745949074074075 0.18032407407407405 0.14893518518518523
2 0.7282118055555555 0.27640625 0.047106481481481485 0.0497800925925926
1 0.6927083333333333 0.26807291666666666 0.04085648148148149 0.04959490740740744
3 0.9156539351851851 0.2904050925925926 0.075 0.08650462962962964
2 0.6479456018518519 0.3264930555555555 0.04450231481481488 0.06375000000000001
1 0.733275462962963 0.2441898148148148 0.04178240740740744 0.032453703703703686
2 0.7508969907407408 0.25539930555555557 0.0328125 0.04311342592592595
3 0.9587962962962961 0.5484143518518518 0.08240740740740762 0.20608796296296283
2 0.8568287037037038 0.328125 0.06087962962962976 0.084525462962963
1 0.3217303240740741 0.3666608796296297 0.0685185185185185 0.03792824074074073
1 0.847482638888889 0.28695023148148147 0.08009259259259238 0.05543981481481479
1 0.07343750000000002 0.46239583333333334 0.10862268518518518 0.06721064814814817
1 0.16357060185185185 0.4253125000000001 0.06568287037037038 0.045648148148148236
1 0.5552372685185185 0.39962962962962967 0.05248842592592595 0.06866898148148151
3 0.9632378472222222 0.36638310185185186 0.07352430555555571 0.07873842592592588
3 0.767361111111111 0.615462962962963 0.09328703703703703 0.11670138888888885
2 0.8567708333333333 0.22097800925925926 0.02650462962962976 0.0413657407407408
2 0.7734664351851851 0.23126736111111112 0.02129629629629619 0.027164351851851797
2 0.7113715277777778 0.2651736111111111 0.020023148148148096 0.034930555555555555
2 0.6670717592592592 0.27274305555555556 0.019560185185185118 0.02243055555555564
4 0.7632233796296297 0.20810763888888886 0.0484375 0.04357638888888893
1 0.8149594907407407 0.19015046296296295 0.0671875 0.04413194444444444