1 0.70625 0.6453125 0.3296875 0.175
1 0.29375 0.3859375 0.06875 0.05625
1 0.2296875 0.6109375 0.215625 0.15
1 0.7140625 0.4734375 0.1484375 0.0828125
1 0.1375 0.353125 0.0625 0.0484375
2 0.36875 0.4375 0.0609375 0.075
1 0.209375 0.3203125 0.0390625 0.0265625
1 0.184375 0.525 0.1453125 0.0875
2 0.203125 0.3796875 0.0359375 0.05625
1 0.1265625 0.40625 0.0765625 0.0453125
2 0.1359375 0.4390625 0.05 0.0734375
1 0.2828125 0.3421875 0.05625 0.0234375
3 0.3921875 0.71875 0.0890625 0.1234375
3 0.0765625 0.70625 0.075 0.06875
1 0.9265625 0.3609375 0.1046875 0.0484375
1 0.640625 0.421875 0.1296875 0.078125
3 0.0484375 0.4828125 0.0453125 0.115625
3 0.0765625 0.6546875 0.0578125 0.053125
2 0.8046875 0.353125 0.0171875 0.0140625
1 0.834375 0.35 0.0390625 0.0359375
1 0.0765625 0.38125 0.0609375 0.0484375
2 0.0984375 0.3109375 0.0171875 0.03125
2 0.125 0.3046875 0.0125 0.0265625
2 0.1375 0.296875 0.0109375 0.0203125
2 0.1546875 0.3078125 0.0125 0.034375
2 0.175 0.303125 0.0109375 0.0234375
0 0.0796875 0.2875 0.0328125 0.0359375