1 0.3043113425925926 0.5869386574074074 0.2648726851851852 0.20399305555555552
1 0.22465277777777776 0.5073148148148148 0.19357638888888892 0.13167824074074092
2 0.5635706018518519 0.4224247685185185 0.06284722222222214 0.09682870370370367
2 0.5696469907407408 0.37514467592592593 0.0528356481481481 0.07915509259259253
1 0.5049189814814815 0.3604976851851852 0.1125 0.0900462962962962
1 0.6766203703703704 0.32576388888888885 0.0931712962962962 0.07344907407407408
1 0.794068287037037 0.5380613425925926 0.22748842592592594 0.20517361111111115
1 0.8400462962962963 0.4480092592592593 0.18472222222222215 0.1452546296296296
1 0.8900462962962962 0.3608796296296296 0.11521990740740762 0.12137731481481487
2 0.06967592592592593 0.4229861111111111 0.02662037037037037 0.045046296296296265
2 0.05196759259259259 0.430949074074074 0.03443287037037037 0.045451388888889
2 0.7991608796296296 0.3162789351851852 0.04299768518518512 0.06616898148148147
1 0.729369212962963 0.29171874999999997 0.033159722222222146 0.053182870370370415
1 0.7622685185185185 0.27122685185185186 0.05353009259259256 0.055798611111111104
1 0.811574074074074 0.27101851851851855 0.061168981481481664 0.05151620370370367
3 0.9690682870370371 0.38935763888888886 0.061863425925925954 0.0880208333333334
3 0.9490740740740741 0.32729166666666665 0.037673611111111074 0.0487384259259259
3 0.9557002314814815 0.27372106481481484 0.03119212962962976 0.042164351851851835
4 0.7188946759259259 0.24138310185185183 0.10266203703703702 0.07706018518518523
4 0.6765914351851852 0.2193113425925926 0.07569444444444447 0.06474537037037038
4 0.862037037037037 0.1963888888888889 0.05023148148148167 0.05094907407407408
4 0.8338831018518519 0.19706597222222222 0.03275462962962976 0.04224537037037037
0 0.9135127314814815 0.19137152777777777 0.06145833333333321 0.05932870370370371
4 0.8133969907407408 0.1722974537037037 0.054918981481481666 0.0511921296296296
2 0.8513020833333333 0.24469328703703702 0.027835648148148096 0.03575231481481485
1 0.8077835648148148 0.2320775462962963 0.04021990740740762 0.03327546296296298
2 0.9026909722222222 0.23733217592592593 0.03414351851851834 0.03763888888888891
2 0.4838252314814815 0.2981886574074074 0.01799768518518512 0.0227662037037037
1 0.45894097222222224 0.3026099537037037 0.03385416666666661 0.02982638888888891
1 0.5342881944444444 0.28696180555555556 0.04166666666666678 0.03023148148148156
1 0.29380787037037037 0.3667476851851852 0.08252314814814818 0.03858796296296294
1 0.024623842592592593 0.43236689814814816 0.01938657407407407 0.060266203703703704