1 0.6890625 0.578125 0.1984375 0.1296875
1 0.8875 0.5015625 0.2234375 0.0859375
1 0.271875 0.3703125 0.0609375 0.0515625
1 0.59375 0.45625 0.1125 0.1171875
1 0.2296875 0.609375 0.2171875 0.15
0 0.575 0.3171875 0.1140625 0.0546875
1 0.4484375 0.4140625 0.1015625 0.05625
3 0.3265625 0.715625 0.084375 0.1203125
2 0.36875 0.428125 0.034375 0.075
1 0.234375 0.3390625 0.05 0.034375
3 0.1828125 0.446875 0.0375 0.059375
0 0.9234375 0.3484375 0.1484375 0.103125
3 0.078125 0.70625 0.0828125 0.078125
1 0.19375 0.33125 0.0484375 0.028125
3 0.21875 0.696875 0.0625 0.090625
1 0.1765625 0.3109375 0.0359375 0.015625
3 0.0875 0.478125 0.0390625 0.103125
4 0.803125 0.4390625 0.2046875 0.0796875
4 0.3671875 0.3328125 0.11875 0.109375
0 0.253125 0.2765625 0.0546875 0.0375
4 0.4609375 0.303125 0.0765625 0.05
1 0.69375 0.3453125 0.05625 0.03125
1 0.8203125 0.3515625 0.059375 0.0375
0 0.859375 0.665625 0.28125 0.23125
1 0.16875 0.5203125 0.1375 0.084375
3 0.034375 0.4796875 0.05625 0.11875
3 0.04375 0.4046875 0.025 0.040625
3 0.0875 0.40625 0.03125 0.021875
1 0.140625 0.4015625 0.0515625 0.05625
2 0.165625 0.3828125 0.01875 0.0515625
3 0.0984375 0.35 0.0171875 0.0296875
1 0.078125 0.3796875 0.0515625 0.0375
1 0.1515625 0.3421875 0.04375 0.0453125
1 0.290625 0.3390625 0.025 0.034375
1 0.2140625 0.315625 0.025 0.015625
2 0.2140625 0.3234375 0.009375 0.021875
2 0.25625 0.328125 0.0125 0.0265625
0 0.18125 0.2703125 0.0375 0.0296875
0 0.146875 0.2625 0.0296875 0.0296875
0 0.115625 0.259375 0.0296875 0.021875
2 0.1265625 0.3328125 0.0140625 0.0328125
2 0.1359375 0.3078125 0.0390625 0.0125
2 0.096875 0.3140625 0.0171875 0.0375
1 0.078125 0.3171875 0.0234375 0.034375
1 0.103125 0.290625 0.0234375 0.0109375
1 0.13125 0.2875 0.025 0.0109375