4 0.7125 0.5296875 0.1890625 0.13125
0 0.215625 0.3578125 0.115625 0.1015625
4 0.7125 0.2953125 0.3046875 0.1375
1 0.3359375 0.3578125 0.0546875 0.0484375
1 0.884375 0.359375 0.05 0.028125
1 0.184375 0.5359375 0.1609375 0.1109375
4 0.1859375 0.2890625 0.0625 0.0375
2 0.54375 0.5078125 0.059375 0.1109375
4 0.3953125 0.4203125 0.078125 0.078125
1 0.8328125 0.4671875 0.10625 0.0875
4 0.1171875 0.4609375 0.0984375 0.1109375
1 0.43125 0.3703125 0.0625 0.034375
1 0.228125 0.5859375 0.2171875 0.1234375
2 0.096875 0.340625 0.015625 0.0390625
1 0.1453125 0.3328125 0.03125 0.0375
1 0.3890625 0.3765625 0.0625 0.021875
3 0.0375 0.49375 0.0640625 0.090625
3 0.0515625 0.3984375 0.0578125 0.0984375
2 0.1 0.309375 0.0234375 0.0203125
2 0.125 0.303125 0.015625 0.0328125
2 0.4546875 0.40625 0.0359375 0.0578125
3 0.2234375 0.7 0.0734375 0.1640625