2 0.7765625 0.4578125 0.0578125 0.0875
2 0.7640625 0.5140625 0.0796875 0.109375
1 0.2421875 0.609375 0.1953125 0.146875
2 0.596875 0.4234375 0.0421875 0.06875
1 0.18125 0.5265625 0.1453125 0.096875
1 0.1828125 0.315625 0.034375 0.0265625
1 0.1265625 0.409375 0.0828125 0.0640625
1 0.6609375 0.465625 0.1484375 0.1
0 0.80625 0.3296875 0.159375 0.0546875
2 0.1890625 0.34375 0.0296875 0.0375
3 0.0390625 0.5046875 0.0703125 0.078125
0 0.121875 0.303125 0.071875 0.059375
2 0.2234375 0.340625 0.021875 0.0328125
2 0.303125 0.35 0.03125 0.04375
3 0.3828125 0.58125 0.06875 0.1578125
3 0.065625 0.4203125 0.040625 0.08125
3 0.178125 0.4125 0.0296875 0.071875
2 0.128125 0.3375 0.0140625 0.04375
2 0.3890625 0.4 0.0296875 0.0765625
4 0.496875 0.29375 0.1296875 0.0875
1 0.5796875 0.3265625 0.0375 0.0203125