1 0.19733217592592595 0.4223958333333333 0.05682870370370372 0.0636805555555556
1 0.843912037037037 0.4525 0.2679166666666667 0.20256944444444436
1 0.7954224537037037 0.3622916666666667 0.20437499999999992 0.13093749999999993
2 0.6321238425925926 0.4057118055555556 0.09379629629629634 0.1081944444444444
1 0.16439814814814815 0.5963368055555556 0.17615740740740743 0.12874999999999998
2 0.5593807870370371 0.395625 0.07071759259259255 0.08739583333333342
1 0.2305902777777778 0.6643055555555556 0.23969907407407404 0.2003819444444444
0 0.7590335648148148 0.23904513888888887 0.23471064814814824 0.14253472222222224
0 0.31013888888888885 0.45421875 0.2460532407407408 0.22861111111111115
2 0.15276041666666668 0.41090277777777773 0.044050925925925945 0.05871527777777778
1 0.06628472222222223 0.49734375000000003 0.13256944444444446 0.09708333333333333
1 0.22795717592592593 0.37958333333333333 0.05065972222222222 0.038576388888888855
2 0.18509837962962963 0.444513888888889 0.04671296296296292 0.05097222222222229
2 0.11489583333333334 0.40472222222222226 0.061238425925925946 0.059097222222222176
2 0.07748842592592593 0.40399305555555554 0.04671296296296297 0.05097222222222229
1 0.46711226851851856 0.3727083333333333 0.09570601851851848 0.061423611111111144
1 0.41736111111111107 0.54078125 0.1856481481481481 0.18357638888888878
3 0.15381365740740743 0.5247916666666667 0.055358796296296295 0.06520833333333335
1 0.4914467592592593 0.42288194444444444 0.15335648148148148 0.11263888888888882
3 0.2457638888888889 0.7505729166666667 0.06971064814814812 0.096736111111111
3 0.09056134259259259 0.7758680555555555 0.09738425925925927 0.11607638888888908
3 0.032120949074074076 0.816232638888889 0.06424189814814815 0.1404166666666665
3 0.013671875 0.5891840277777778 0.02734375 0.12628472222222217
3 0.02952546296296297 0.5893229166666666 0.05905092592592594 0.117048611111111
3 0.06022569444444446 0.5768055555555556 0.06778935185185184 0.11697916666666668
3 0.11069444444444446 0.5546180555555555 0.026944444444444438 0.033368055555555644
3 0.12612847222222223 0.46532986111111113 0.034212962962962924 0.050694444444444466
3 0.04619212962962963 0.5107986111111111 0.021516203703703708 0.020763888888888894
2 0.054398148148148154 0.45131944444444444 0.02777777777777779 0.04743055555555564
2 0.02835648148148149 0.4167881944444445 0.052592592592592594 0.04486111111111111
0 0.29140046296296296 0.3227777777777778 0.09313657407407412 0.07072916666666665
4 0.22181712962962963 0.33836805555555555 0.06537037037037034 0.04982638888888893
0 0.15044560185185185 0.34463541666666664 0.04597222222222221 0.0384722222222222
2 0.65046875 0.28046875 0.019039351851851904 0.03163194444444448
2 0.81875 0.508454861111111 0.12893518518518512 0.17451388888888886