1 0.8370138888888888 0.34816550925925926 0.040451388888888926 0.03327546296296298
1 0.7973437499999999 0.6306076388888889 0.2275347222222223 0.17392361111111115
1 0.8419270833333334 0.546400462962963 0.15451388888888892 0.10934027777777774
0 0.38927083333333334 0.5860648148148149 0.5015277777777778 0.4110532407407407
1 0.8750347222222221 0.32675347222222223 0.04180555555555543 0.02866898148148147
2 0.6541145833333333 0.42442129629629627 0.051284722222222176 0.06657407407407412
2 0.6861979166666666 0.4097164351851852 0.039999999999999855 0.058194444444444396
0 0.11984375 0.5744328703703704 0.20802083333333338 0.43636574074074075
2 0.905329861111111 0.3244270833333333 0.013611111111111285 0.025648148148148132
1 0.8763194444444444 0.4258101851851852 0.06493055555555571 0.057928240740740655
3 0.8683506944444446 0.47450231481481475 0.051423611111111 0.06969907407407412
2 0.7679340277777778 0.38979166666666665 0.023333333333333428 0.033946759259259274
1 0.8049826388888889 0.3815798611111111 0.052291666666666715 0.054155092592592526
1 0.79078125 0.342650462962963 0.04343749999999993 0.030312499999999964
1 0.7774652777777777 0.44640625000000006 0.08663194444444429 0.09023148148148152
1 0.8680034722222223 0.36146412037037035 0.05486111111111107 0.04181712962962969
2 0.23112847222222221 0.37754629629629627 0.023263888888888928 0.03238425925925927
1 0.18289930555555553 0.3797222222222222 0.05493055555555557 0.0433796296296296
4 0.3061111111111111 0.3635069444444444 0.08270833333333324 0.03702546296296294
1 0.629079861111111 0.3872685185185185 0.07451388888888885 0.0631018518518518
1 0.6917013888888889 0.37570601851851854 0.04541666666666657 0.03976851851851855
1 0.7605729166666666 0.3644675925925926 0.040173611111111104 0.027025462962962977
1 0.7309201388888888 0.3637094907407407 0.028229166666666573 0.038877314814814844
3 0.820486111111111 0.46734375000000006 0.044618055555555716 0.05687500000000014
3 0.9677256944444445 0.5007002314814815 0.04201388888888893 0.10350694444444439
3 0.9354861111111111 0.5294270833333334 0.041874999999999926 0.10038194444444457
3 0.9383333333333332 0.41811342592592593 0.052013888888888714 0.04790509259259253
1 0.9306423611111111 0.3678298611111111 0.03312500000000007 0.043807870370370414
3 0.956892361111111 0.6778530092592593 0.08045138888888914 0.09146990740740754
3 0.7875347222222222 0.7080439814814815 0.06857638888888892 0.10488425925925923