1 0.15696180555555556 0.4599074074074074 0.18805555555555556 0.08417824074074076
2 0.12817708333333333 0.5448784722222222 0.09034722222222222 0.13499999999999995
1 0.740451388888889 0.39623842592592595 0.06499999999999986 0.05671296296296298
2 0.5250347222222222 0.4251215277777778 0.06923611111111114 0.08173611111111115
0 0.4487847222222222 0.31201967592592594 0.12309027777777767 0.0633912037037037
2 0.8043923611111111 0.38186342592592587 0.03482638888888871 0.04555555555555557
3 0.9431944444444443 0.5118402777777777 0.06284722222222214 0.07856481481481481
1 0.6697395833333333 0.35195023148148147 0.06246527777777775 0.03482638888888889
1 0.6349652777777777 0.4134317129629629 0.09809027777777786 0.06320601851851855
1 0.8443055555555556 0.34542824074074074 0.05770833333333343 0.03322916666666664
1 0.7977256944444444 0.5318634259259258 0.15687499999999996 0.08550925925925909
3 0.9125694444444445 0.42721064814814813 0.04184027777777786 0.0627893518518519
2 0.7690277777777779 0.3511226851851852 0.04513888888888893 0.03157407407407407
3 0.9296875 0.42890046296296297 0.030902777777777855 0.06270833333333332
1 0.8205902777777778 0.3163368055555556 0.03847222222222228 0.02215277777777782
2 0.20262152777777778 0.34692708333333333 0.037256944444444426 0.02995370370370374
1 0.7291666666666666 0.6149768518518519 0.2 0.14206018518518526
3 0.789861111111111 0.691232638888889 0.06447916666666664 0.1504282407407409
3 0.7088888888888889 0.6843807870370371 0.0610069444444445 0.14259259259259255
3 0.8927604166666667 0.7146585648148148 0.07645833333333343 0.10365740740740748
1 0.8475520833333332 0.4658043981481481 0.1250694444444445 0.07277777777777779
1 0.343125 0.33311921296296293 0.04847222222222225 0.03628472222222214
4 0.7803645833333334 0.2894675925925926 0.03874999999999993 0.028402777777777822
4 0.8702256944444443 0.2721585648148148 0.026111111111111286 0.025185185185185154