1 0.8453125 0.534375 0.2390625 0.1109375
1 0.6046875 0.4140625 0.1 0.0734375
0 0.63125 0.31875 0.1390625 0.05625
1 0.540625 0.425 0.096875 0.053125
1 0.2421875 0.609375 0.1859375 0.15625
3 0.0734375 0.7203125 0.0859375 0.1203125
1 0.1265625 0.409375 0.0765625 0.0546875
2 0.7765625 0.59375 0.0828125 0.11875
1 0.3625 0.384375 0.084375 0.0484375
1 0.296875 0.459375 0.0890625 0.096875
1 0.5015625 0.3859375 0.0703125 0.04375
4 0.1984375 0.2984375 0.0625 0.0421875
3 0.2296875 0.7109375 0.0734375 0.1359375
1 0.1828125 0.51875 0.1578125 0.0828125
2 0.6859375 0.4453125 0.0421875 0.075
2 0.4625 0.4421875 0.0375 0.0796875
2 0.3703125 0.4375 0.034375 0.0671875
2 0.65625 0.53125 0.0625 0.1296875
2 0.8359375 0.453125 0.078125 0.04375
1 0.2328125 0.375 0.0609375 0.053125
2 0.1890625 0.4515625 0.0390625 0.0578125
2 0.0484375 0.48125 0.03125 0.103125
2 0.14375 0.45625 0.0296875 0.0421875
1 0.825 0.3515625 0.065625 0.0359375
2 0.9125 0.365625 0.0421875 0.040625
2 0.7640625 0.3515625 0.0296875 0.0375
1 0.275 0.3515625 0.046875 0.04375
1 0.45 0.365625 0.0703125 0.0484375
1 0.39375 0.359375 0.0515625 0.0421875
2 0.309375 0.346875 0.01875 0.0421875
2 0.31875 0.340625 0.0171875 0.0375
1 0.2390625 0.325 0.040625 0.0265625
1 0.125 0.359375 0.046875 0.0359375
1 0.078125 0.3875 0.0609375 0.0421875
1 0.1125 0.321875 0.0375 0.0265625
0 0.1171875 0.2859375 0.0578125 0.0546875
0 0.271875 0.2875 0.04375 0.0328125
0 0.225 0.275 0.034375 0.025
4 0.1828125 0.271875 0.034375 0.0234375
0 0.0953125 0.253125 0.053125 0.0265625