3 0.1265625 0.434375 0.0328125 0.0765625
2 0.1859375 0.39375 0.0265625 0.05
1 0.80625 0.56875 0.284375 0.1296875
1 0.8796875 0.696875 0.2359375 0.1671875
1 0.240625 0.60625 0.19375 0.1484375
2 0.2328125 0.4046875 0.0359375 0.059375
1 0.4609375 0.4484375 0.1296875 0.075
1 0.184375 0.525 0.1453125 0.0921875
2 0.55625 0.4390625 0.0515625 0.0828125
2 0.884375 0.4875 0.0859375 0.0796875
1 0.3109375 0.4421875 0.11875 0.090625
1 0.3421875 0.340625 0.05625 0.025
1 0.565625 0.4 0.09375 0.0453125
3 0.0421875 0.39375 0.034375 0.028125
4 0.696875 0.4484375 0.1921875 0.1546875
1 0.9171875 0.4640625 0.1546875 0.1015625
1 0.403125 0.39375 0.0875 0.0546875
1 0.2625 0.35 0.053125 0.0359375
1 0.3234375 0.365625 0.053125 0.0234375
2 0.9578125 0.3765625 0.040625 0.0328125
1 0.1984375 0.3609375 0.065625 0.028125
3 0.0359375 0.509375 0.0421875 0.0640625
1 0.3375 0.3515625 0.0421875 0.0234375
2 0.48125 0.3890625 0.0328125 0.0421875
0 0.171875 0.3078125 0.09375 0.06875
0 0.3703125 0.29375 0.0609375 0.0296875
2 0.45625 0.4984375 0.046875 0.1125
3 0.0546875 0.45625 0.025 0.0859375
3 0.10625 0.421875 0.021875 0.065625
2 0.1 0.3390625 0.015625 0.0375
1 0.078125 0.31875 0.028125 0.034375
2 0.0984375 0.3140625 0.0109375 0.009375
1 0.1453125 0.40625 0.0359375 0.0609375