1 0.4 0.446875 0.1265625 0.071875
1 0.50625 0.428125 0.1078125 0.0625
1 0.2296875 0.6109375 0.225 0.1546875
4 0.8125 0.3953125 0.353125 0.2078125
1 0.84375 0.5328125 0.271875 0.1421875
1 0.2453125 0.4 0.10625 0.0640625
2 0.628125 0.478125 0.0734375 0.09375
4 0.2140625 0.3296875 0.0640625 0.053125
2 0.259375 0.4546875 0.0453125 0.071875
1 0.396875 0.3890625 0.09375 0.034375
3 0.0390625 0.5046875 0.0609375 0.065625
1 0.5265625 0.3953125 0.1 0.05
1 0.2890625 0.325 0.04375 0.021875
1 0.8796875 0.709375 0.2359375 0.14375
3 0.0703125 0.69375 0.0734375 0.0890625
1 0.184375 0.5265625 0.14375 0.090625
1 0.1015625 0.315625 0.05 0.03125
3 0.490625 0.765625 0.0609375 0.03125
2 0.3515625 0.371875 0.03125 0.05
1 0.29375 0.3828125 0.053125 0.05
1 0.1546875 0.3484375 0.0890625 0.034375
2 0.25 0.3515625 0.03125 0.025
1 0.1390625 0.309375 0.0421875 0.01875
1 0.440625 0.3703125 0.0609375 0.0375
3 0.103125 0.7203125 0.0625 0.025
3 0.05 0.4265625 0.028125 0.05
3 0.1296875 0.4375 0.0296875 0.0703125
3 0.046875 0.3984375 0.0296875 0.0359375
1 0.25 0.325 0.0328125 0.0265625
1 0.1421875 0.353125 0.0328125 0.040625
2 0.1671875 0.3765625 0.0234375 0.0578125
1 0.175 0.3203125 0.0234375 0.0234375
1 0.446875 0.3171875 0.03125 0.01875
1 0.49375 0.328125 0.0359375 0.0203125
1 0.5296875 0.321875 0.04375 0.0296875
1 0.3671875 0.3078125 0.0203125 0.0171875