1 0.23992476851851854 0.618113425925926 0.19765046296296296 0.1650462962962962
2 0.305 0.38926504629629627 0.03828703703703704 0.05451388888888893
1 0.18310763888888887 0.5530671296296296 0.1531597222222222 0.11342592592592596
0 0.6749421296296296 0.5059606481481482 0.5607291666666667 0.4283564814814815
2 0.37255787037037036 0.3617766203703704 0.0318518518518518 0.04178240740740744
1 0.3736979166666667 0.4429398148148148 0.1294675925925926 0.09537037037037041
2 0.18199074074074076 0.36493055555555554 0.017835648148148132 0.04438657407407405
2 0.2199016203703704 0.38851273148148147 0.027372685185185118 0.05567129629629619
1 0.10763310185185185 0.48246527777777776 0.10780092592592591 0.10862268518518511
2 0.16516782407407407 0.3936631944444444 0.027372685185185208 0.05567129629629628
1 0.09944444444444445 0.3500289351851852 0.03968750000000001 0.043634259259259345
2 0.3512789351851852 0.37505787037037036 0.03665509259259263 0.04976851851851851
2 0.25841435185185185 0.3714699074074074 0.02721064814814813 0.04473379629629628
3 0.03622106481481482 0.45387731481481486 0.027534722222222217 0.0666087962962962
3 0.03493923611111111 0.5445601851851852 0.06987847222222222 0.08703703703703702
0 0.49144097222222227 0.29568865740740746 0.20747685185185177 0.09045138888888893
4 0.9463078703703705 0.42485532407407406 0.09053240740740734 0.20792824074074084
1 0.41148148148148145 0.6859375 0.20858796296296306 0.16545138888888894
3 0.02021990740740741 0.42714120370370373 0.019189814814814816 0.030381944444444465
2 0.12865740740740741 0.3809606481481481 0.022592592592592588 0.04924768518518521
2 0.14497685185185186 0.33350694444444445 0.01275462962962961 0.017650462962962975
2 0.2318402777777778 0.37323495370370374 0.019444444444444466 0.04756944444444446
2 0.2604050925925926 0.34250578703703705 0.011168981481481488 0.01603009259259256
2 0.3193634259259259 0.36843171296296295 0.019421296296296298 0.04600694444444446
1 0.3055902777777778 0.34942129629629626 0.056805555555555554 0.039583333333333394
1 0.28301504629629626 0.3447916666666667 0.03168981481481481 0.03084490740740744
1 0.1547974537037037 0.355787037037037 0.03481481481481481 0.030960648148148095
1 0.08428240740740742 0.3193576388888889 0.023715277777777776 0.019618055555555534
2 0.07466435185185186 0.33611111111111114 0.012893518518518521 0.027025462962962977
1 0.05175925925925926 0.4064525462962963 0.041342592592592584 0.049942129629629586