1 0.2359375 0.60625 0.2109375 0.15
4 0.5109375 0.3609375 0.2140625 0.11875
1 0.7421875 0.58125 0.2703125 0.1484375
1 0.125 0.4046875 0.0796875 0.04375
1 0.3890625 0.409375 0.10625 0.05
2 0.93125 0.5328125 0.096875 0.1125
1 0.3109375 0.34375 0.05 0.034375
1 0.1875 0.3515625 0.0625 0.0515625
1 0.1953125 0.5125 0.159375 0.0703125
1 0.184375 0.4484375 0.115625 0.0578125
2 0.246875 0.3453125 0.0203125 0.0390625
1 0.353125 0.3875 0.084375 0.04375
2 0.5234375 0.4734375 0.046875 0.103125
3 0.0625 0.503125 0.0359375 0.0875
2 0.3703125 0.446875 0.0578125 0.0734375
2 0.2875 0.4125 0.0453125 0.0640625
2 0.2515625 0.3953125 0.0359375 0.053125
2 0.6484375 0.446875 0.0609375 0.090625
3 0.021875 0.425 0.0265625 0.08125
3 0.0546875 0.4375 0.0421875 0.0578125
2 0.1015625 0.3140625 0.046875 0.0296875
2 0.6921875 0.4703125 0.0609375 0.0703125
3 0.078125 0.71875 0.0515625 0.0828125
3 0.078125 0.675 0.0546875 0.1015625
3 0.103125 0.5734375 0.05625 0.1515625
4 0.2734375 0.278125 0.0765625 0.046875
1 0.925 0.3625 0.0890625 0.05625
1 0.8203125 0.3484375 0.0625 0.040625
2 0.1453125 0.3140625 0.0203125 0.03125
1 0.075 0.2828125 0.025 0.0234375
4 0.1015625 0.2546875 0.0265625 0.0203125
1 0.0703125 0.3875 0.06875 0.0375
2 0.4875 0.4421875 0.028125 0.0828125
2 0.2203125 0.33125 0.0140625 0.034375
1 0.121875 0.3 0.015625 0.0203125