1 0.4214236111111111 0.4557986111111111 0.08649305555555564 0.08465277777777783
1 0.2029513888888889 0.5274305555555555 0.1494791666666667 0.09697916666666657
1 0.1432638888888889 0.4137152777777778 0.08538194444444444 0.05965277777777782
1 0.26152777777777775 0.6161458333333334 0.20993055555555556 0.15763888888888894
3 0.05694444444444444 0.5085763888888889 0.07017361111111112 0.0686805555555555
0 0.7417274305555555 0.5973611111111111 0.516545138888889 0.40680555555555564
2 0.20218750000000002 0.44000000000000006 0.04972222222222218 0.06510416666666678
2 0.29444444444444445 0.3733680555555555 0.033333333333333395 0.04756944444444446
3 0.11677083333333334 0.6956597222222223 0.044895833333333315 0.061875000000000034
2 0.3394097222222222 0.3665625 0.030138888888888892 0.045937499999999964
1 0.1807638888888889 0.34430555555555553 0.04236111111111111 0.03996527777777779
1 0.2607986111111111 0.35388888888888886 0.03781250000000007 0.04298611111111113
1 0.11961805555555556 0.33826388888888886 0.04527777777777779 0.03534722222222229
1 0.20989583333333334 0.3324652777777778 0.03895833333333334 0.033645833333333285
1 0.5191319444444444 0.33621527777777777 0.036979166666666785 0.024236111111111125
3 0.08493055555555555 0.43583333333333335 0.025659722222222216 0.05052083333333339
3 0.047986111111111104 0.37725694444444446 0.009930555555555554 0.012708333333333321
3 0.09038194444444445 0.3828819444444444 0.019999999999999997 0.028541666666666642