1 0.45625 0.41875 0.096875 0.06875
1 0.23125 0.5890625 0.1796875 0.10625
1 0.20625 0.3390625 0.0453125 0.03125
1 0.3375 0.390625 0.040625 0.05
2 0.3671875 0.3765625 0.025 0.0546875
1 0.1703125 0.325 0.040625 0.025
1 0.9109375 0.4875 0.1671875 0.103125
1 0.18125 0.5265625 0.1453125 0.09375
2 0.2328125 0.353125 0.0265625 0.0375
1 0.784375 0.575 0.2 0.171875
3 0.0546875 0.415625 0.0203125 0.0703125
4 0.615625 0.4140625 0.1265625 0.09375
3 0.2578125 0.6765625 0.0515625 0.1234375
1 0.16875 0.3109375 0.040625 0.021875
1 0.471875 0.5328125 0.146875 0.1484375
1 0.5203125 0.39375 0.0703125 0.0546875
4 0.2796875 0.415625 0.0859375 0.096875
1 0.9484375 0.38125 0.0890625 0.0328125
2 0.1328125 0.378125 0.04375 0.0703125
2 0.1234375 0.3328125 0.0140625 0.028125
2 0.4046875 0.3828125 0.0203125 0.0546875
1 0.421875 0.3703125 0.078125 0.0453125
1 0.0609375 0.3796875 0.075 0.0578125
3 0.040625 0.39375 0.0078125 0.028125
3 0.0625 0.39375 0.009375 0.0390625
2 0.1125 0.31875 0.0125 0.025
2 0.0890625 0.3078125 0.0078125 0.025
4 0.2484375 0.3 0.090625 0.0515625
3 0.040625 0.5109375 0.065625 0.0578125
0 0.040625 0.4703125 0.0328125 0.01875
3 0.0765625 0.696875 0.0515625 0.0765625
1 0.8046875 0.3515625 0.04375 0.028125
4 0.284375 0.3421875 0.0671875 0.0390625