1 0.32156250000000003 0.44810185185185186 0.10548611111111103 0.08503472222222222
1 0.19859953703703703 0.5233333333333333 0.1278240740740741 0.10179398148148149
1 0.2539930555555555 0.5971412037037037 0.1590856481481481 0.1564583333333333
4 0.9231828703703704 0.4211921296296296 0.1536342592592593 0.13671296296296304
1 0.9329398148148147 0.32563657407407404 0.08378472222222229 0.037106481481481525
0 0.9544791666666667 0.2866782407407407 0.09104166666666665 0.07237268518518522
2 0.5031597222222223 0.5560532407407408 0.06657407407407412 0.14074074074074083
2 0.5832407407407407 0.45957175925925925 0.04988425925925917 0.10399305555555553
2 0.7066319444444444 0.45160879629629636 0.05760416666666668 0.1012731481481481
2 0.43024305555555553 0.41899305555555555 0.042337962962962904 0.05991898148148138
2 0.2541319444444444 0.3905671296296296 0.023171296296296263 0.044884259259259277
2 0.36015046296296294 0.37724537037037037 0.04082175925925924 0.061400462962962976
3 0.0654861111111111 0.4144328703703704 0.027268518518518504 0.07785879629629626
3 0.0863425925925926 0.3789236111111111 0.056215277777777774 0.0543981481481481
4 0.10186342592592593 0.32178240740740743 0.04035879629629631 0.045775462962962976
1 0.1616087962962963 0.33120370370370367 0.02133101851851853 0.03542824074074069
1 0.2304976851851852 0.3323263888888889 0.03714120370370377 0.042488425925925985
1 0.2632175925925926 0.3275 0.030567129629629618 0.031226851851851832
1 0.3148726851851852 0.32795138888888886 0.05106481481481477 0.038530092592592616
1 0.36827546296296293 0.33457175925925925 0.06498842592592595 0.03457175925925924
1 0.6254861111111112 0.3008912037037037 0.055613425925925955 0.034085648148148094
1 0.8180439814814815 0.3034259259259259 0.05873842592592595 0.03424768518518526
3 0.049421296296296297 0.5060300925925926 0.05217592592592594 0.07603009259259252
3 0.0821875 0.7140277777777777 0.04446759259259261 0.1317939814814814
3 0.2768055555555556 0.6804629629629629 0.04856481481481474 0.16476851851851854
0 0.3334722222222222 0.26908564814814817 0.07482638888888893 0.05068287037037038
4 0.24721064814814814 0.26260416666666664 0.05598379629629626 0.0465856481481481