1 0.275 0.4140625 0.08125 0.075
1 0.45625 0.4203125 0.0703125 0.0765625
4 0.60625 0.40625 0.1375 0.115625
3 0.225 0.459375 0.05 0.0578125
0 0.7078125 0.3328125 0.1421875 0.06875
0 0.1125 0.315625 0.084375 0.0640625
2 0.209375 0.371875 0.0328125 0.0453125
1 0.228125 0.6109375 0.2171875 0.153125
2 0.671875 0.4609375 0.071875 0.08125
2 0.3375 0.421875 0.046875 0.0546875
1 0.2625 0.3421875 0.0515625 0.0265625
1 0.28125 0.3671875 0.0625 0.0234375
3 0.3734375 0.728125 0.0625 0.09375
3 0.228125 0.6984375 0.071875 0.096875
1 0.1828125 0.5234375 0.14375 0.0859375
3 0.2421875 0.4328125 0.03125 0.0453125
3 0.0890625 0.4796875 0.040625 0.09375
0 0.4890625 0.30625 0.0828125 0.040625
2 0.575 0.565625 0.078125 0.1375
1 0.1890625 0.3171875 0.0375 0.021875
3 0.4640625 0.7265625 0.096875 0.109375
1 0.128125 0.40625 0.0765625 0.053125
3 0.0765625 0.70625 0.0640625 0.1484375
3 0.38125 0.6140625 0.065625 0.1203125
3 0.0234375 0.475 0.0328125 0.103125
1 0.2375 0.3265625 0.05 0.0296875
1 0.4921875 0.384375 0.059375 0.034375
2 0.159375 0.3234375 0.0203125 0.0296875
1 0.1609375 0.3015625 0.03125 0.0171875
4 0.403125 0.3 0.090625 0.034375
2 0.35 0.3828125 0.04375 0.0390625
3 0.0546875 0.4765625 0.040625 0.1015625
2 0.85 0.7 0.1625 0.1625
2 0.91875 0.53125 0.1625 0.1671875
1 0.828125 0.34375 0.0703125 0.0421875
4 0.2546875 0.278125 0.0625 0.0515625
4 0.1359375 0.2546875 0.0484375 0.0359375
1 0.325 0.35 0.0484375 0.0421875