1 0.3397511574074074 0.5124131944444444 0.20694444444444446 0.12607638888888886
1 0.30799768518518517 0.4039583333333333 0.1468055555555555 0.057951388888889
1 0.4279050925925926 0.3791493055555556 0.0889930555555555 0.05538194444444446
1 0.7292361111111111 0.5800347222222222 0.21982638888888886 0.159375
4 0.7295370370370371 0.3119791666666667 0.08844907407407412 0.07249999999999997
1 0.7748321759259259 0.34970486111111115 0.06758101851851847 0.06222222222222218
1 0.29919560185185184 0.46045138888888887 0.18046296296296305 0.09996527777777793
2 0.7360300925925927 0.3864930555555556 0.05214120370370381 0.06465277777777771
1 0.6780671296296296 0.3127083333333333 0.04082175925925924 0.03142361111111107
1 0.78359375 0.49112847222222217 0.14728009259259273 0.0922569444444445
2 0.5077372685185185 0.3600173611111111 0.03797453703703706 0.03597222222222225
1 0.6314236111111111 0.3108854166666667 0.051296296296296263 0.024097222222222214
2 0.5513483796296297 0.36041666666666666 0.04487268518518519 0.04718749999999998
2 0.7194155092592592 0.33814236111111107 0.02887731481481488 0.04024305555555561
3 0.4592245370370371 0.7447569444444444 0.0752893518518519 0.03451388888888882
1 0.4731076388888889 0.4184375 0.12907407407407412 0.07430555555555554
1 0.6063252314814814 0.43199652777777775 0.14305555555555555 0.09986111111111118
3 0.9288194444444443 0.4729861111111111 0.06583333333333315 0.05902777777777786
2 0.905324074074074 0.29092013888888885 0.028692129629629547 0.037118055555555605
1 0.8471527777777776 0.3784375 0.07842592592592582 0.06114583333333332
1 0.6110879629629629 0.36477430555555557 0.08788194444444457 0.03663194444444447
1 0.79515625 0.32230902777777776 0.07428240740740755 0.0438194444444445
2 0.8701157407407407 0.3065104166666667 0.02391203703703724 0.03534722222222229
1 0.8582175925925928 0.2969097222222222 0.05516203703703724 0.03673611111111112
1 0.638582175925926 0.33472222222222225 0.07638888888888892 0.02677083333333332
1 0.4753703703703704 0.39340277777777777 0.12234953703703706 0.039722222222222214
2 0.5315567129629629 0.5366145833333333 0.0751504629629629 0.13736111111111118
0 0.15063657407407408 0.3244618055555556 0.18634259259259262 0.09399305555555557
1 0.521875 0.2923784722222222 0.05075231481481488 0.04121527777777771