4 0.7190046296296296 0.2499826388888889 0.06146990740740747 0.07458333333333336
1 0.7838020833333333 0.25335069444444447 0.05974537037037031 0.05263888888888886
1 0.40822916666666664 0.4527951388888889 0.1476736111111112 0.11434027777777782
1 0.77328125 0.513888888888889 0.22325231481481483 0.19579861111111113
1 0.6461053240740741 0.2860243055555555 0.058067129629629656 0.036944444444444356
1 0.636869212962963 0.2676909722222222 0.04398148148148149 0.033194444444444485
1 0.5050347222222222 0.4578645833333333 0.17753472222222227 0.13909722222222226
2 0.20964699074074072 0.5865798611111112 0.11818287037037037 0.13958333333333323
1 0.8099247685185185 0.4169791666666667 0.1665393518518517 0.1307986111111111
1 0.10797453703703704 0.525607638888889 0.21594907407407407 0.31440972222222213
2 0.7639756944444445 0.2940625 0.04256944444444457 0.05343750000000007
1 0.5290972222222223 0.37244791666666666 0.10990740740740748 0.07673611111111107
2 0.5598321759259259 0.33515625 0.039456018518518474 0.05486111111111107
2 0.8811168981481481 0.1896701388888889 0.020532407407407405 0.030590277777777786
1 0.8326099537037038 0.20119791666666664 0.044027777777778 0.03944444444444439
1 0.6690219907407406 0.3552951388888889 0.13518518518518513 0.11534722222222218
3 0.9597395833333333 0.5407465277777778 0.07253472222222221 0.0922569444444445
3 0.9478472222222223 0.3538368055555555 0.0882175925925928 0.10076388888888888
3 0.845 0.3209201388888889 0.05221064814814795 0.08979166666666663
3 0.917829861111111 0.2942534722222222 0.037870370370370665 0.05166666666666666
1 0.4609027777777778 0.30050347222222223 0.05500000000000007 0.044618055555555536
2 0.6669618055555555 0.42255208333333333 0.06322916666666671 0.10121527777777768
1 0.4807291666666667 0.3652256944444444 0.07230324074074072 0.06100694444444441
1 0.3905266203703704 0.41765624999999995 0.1084143518518518 0.08604166666666657
0 0.8634375000000001 0.15140625 0.05190972222222214 0.04916666666666667
1 0.8428761574074073 0.2913368055555556 0.08496527777777771 0.08343749999999997
1 0.9228298611111111 0.25185763888888885 0.015821759259259237 0.027256944444444466
1 0.9118402777777778 0.259375 0.023703703703703737 0.036979166666666695
1 0.9362673611111111 0.23017361111111115 0.023726851851851905 0.04010416666666661
2 0.7321990740740741 0.2611111111111111 0.026851851851851904 0.04024305555555552
1 0.8019328703703703 0.2306770833333333 0.05500000000000007 0.044618055555555536
1 0.7935127314814816 0.20762152777777781 0.04236111111111107 0.02531250000000007
1 0.6807060185185185 0.2540277777777778 0.033055555555555574 0.03427083333333334