2 0.653125 0.49375 0.06875 0.075
1 0.2296875 0.6109375 0.225 0.15
1 0.1328125 0.4078125 0.0640625 0.05625
2 0.384375 0.3734375 0.0296875 0.05625
1 0.1859375 0.34375 0.0328125 0.0359375
0 0.9203125 0.7140625 0.1484375 0.1328125
1 0.9609375 0.3765625 0.078125 0.053125
2 0.209375 0.375 0.03125 0.04375
2 0.278125 0.3828125 0.025 0.053125
1 0.6203125 0.334375 0.0390625 0.0265625
1 0.2359375 0.334375 0.040625 0.025
2 0.246875 0.36875 0.03125 0.0453125
3 0.5 0.6375 0.0515625 0.0875
1 0.184375 0.5265625 0.153125 0.090625
3 0.0796875 0.7 0.0765625 0.075
2 0.1125 0.328125 0.015625 0.034375
3 0.05625 0.484375 0.040625 0.103125
2 0.2625 0.3484375 0.01875 0.0390625
4 0.5703125 0.3921875 0.1515625 0.128125
3 0.05625 0.40625 0.0265625 0.0421875
3 0.4984375 0.721875 0.0484375 0.1171875
3 0.6 0.675 0.0515625 0.2046875
3 0.078125 0.6390625 0.053125 0.034375
3 0.0859375 0.48125 0.025 0.10625
3 0.1921875 0.453125 0.021875 0.0484375
3 0.0359375 0.39375 0.015625 0.0234375
3 0.0578125 0.3953125 0.0109375 0.0203125
1 0.871875 0.3515625 0.053125 0.0265625
2 0.8359375 0.359375 0.0171875 0.0203125
2 0.76875 0.3484375 0.01875 0.0171875
2 0.7375 0.3453125 0.01875 0.025
2 0.7078125 0.3421875 0.0203125 0.025
2 0.5828125 0.321875 0.0140625 0.0125
1 0.6546875 0.340625 0.0515625 0.0171875
2 0.5140625 0.31875 0.0140625 0.0140625
2 0.4359375 0.3125 0.009375 0.0140625
2 0.4125 0.36875 0.01875 0.0546875
2 0.284375 0.346875 0.01875 0.0234375
2 0.1640625 0.328125 0.0125 0.0328125
2 0.19375 0.3109375 0.009375 0.0234375
2 0.1703125 0.309375 0.0125 0.01875
2 0.1296875 0.31875 0.00625 0.0265625
1 0.1453125 0.3140625 0.0203125 0.025
2 0.1203125 0.321875 0.009375 0.0296875
2 0.090625 0.3140625 0.0109375 0.03125
2 0.0671875 0.3140625 0.0125 0.0234375
1 0.06875 0.346875 0.028125 0.0390625
1 0.1546875 0.29375 0.0171875 0.0125
1 0.1796875 0.30625 0.0109375 0.0203125
1 0.109375 0.3046875 0.021875 0.025
2 0.328125 0.5140625 0.0640625 0.109375