1 0.6388252314814815 0.4369502314814815 0.08943287037037032 0.056597222222222146
1 0.7810416666666666 0.6622106481481481 0.2261689814814815 0.1744791666666668
0 0.4570196759259259 0.3485243055555555 0.10040509259259256 0.06209490740740744
0 0.13387152777777778 0.3636284722222222 0.26329861111111114 0.12725694444444446
1 0.24596064814814814 0.5273148148148149 0.16185185185185186 0.13535879629629619
3 0.7832407407407407 0.748263888888889 0.07098379629629648 0.09583333333333321
1 0.8220601851851852 0.4021122685185185 0.0597337962962964 0.0528356481481481
3 0.9294097222222222 0.7692418981481481 0.08175925925925931 0.07476851851851851
0 0.14553240740740742 0.6729166666666666 0.2815740740740741 0.2754050925925927
2 0.7118692129629629 0.38926504629629627 0.02526620370370374 0.03778935185185191
3 0.6685243055555555 0.7569444444444444 0.08170138888888889 0.06695601851851851
3 0.8044386574074075 0.44765625 0.042581018518518476 0.05625
1 0.874826388888889 0.4630208333333333 0.08163194444444458 0.05758101851851851
1 0.7975983796296295 0.367505787037037 0.032928240740740834 0.018055555555555537
3 0.9519560185185185 0.5452546296296296 0.049236111111110856 0.11140046296296298
3 0.9167476851851852 0.535619212962963 0.04135416666666671 0.10144675925925917
1 0.754369212962963 0.3291666666666667 0.06745370370370374 0.0409143518518519
1 0.7868402777777778 0.3909143518518518 0.039282407407407405 0.03258101851851851
3 0.9796672453703703 0.5419270833333334 0.04066550925925938 0.109375
1 0.7439699074074074 0.4010127314814815 0.056516203703703735 0.04010416666666661
1 0.6752256944444445 0.3967013888888889 0.040891203703703735 0.03894675925925926
3 0.9560648148148149 0.4674768518518519 0.02530092592592581 0.042476851851851904
3 0.8243749999999999 0.5037905092592593 0.03946759259259238 0.05758101851851851
1 0.46656250000000005 0.4772858796296296 0.1037962962962963 0.09826388888888893
2 0.5354976851851851 0.5073784722222222 0.04601851851851855 0.09866898148148148
4 0.5883101851851851 0.3637152777777778 0.1412152777777777 0.09010416666666661
1 0.8304108796296296 0.580758101851852 0.1428009259259259 0.09334490740740727
3 0.9173958333333333 0.41229745370370374 0.048680555555555574 0.036400462962962975
2 0.8726851851851851 0.3847800925925926 0.050474537037037234 0.06776620370370372
1 0.7695023148148149 0.36932870370370374 0.028252314814814737 0.019270833333333393