0 0.686857638888889 0.3720833333333333 0.22562499999999996 0.18312500000000007
1 0.1110300925925926 0.6796354166666667 0.2220601851851852 0.13447916666666657
1 0.3803877314814815 0.36994791666666665 0.12126157407407404 0.0765625
1 0.7110706018518519 0.5938020833333333 0.24355324074074075 0.19677083333333342
4 0.7443344907407408 0.29510416666666667 0.07125000000000004 0.04677083333333334
1 0.527170138888889 0.36171875 0.09726851851851848 0.065625
1 0.2981655092592593 0.4968229166666667 0.24859953703703708 0.17687500000000006
2 0.5194155092592593 0.44005208333333334 0.06364583333333336 0.10229166666666671
1 0.8639525462962963 0.40385416666666674 0.0818287037037038 0.06770833333333322
1 0.12236111111111111 0.45640625 0.21108796296296295 0.1479166666666666
1 0.7773263888888889 0.5131249999999999 0.160798611111111 0.11343749999999986
1 0.07891203703703704 0.2966666666666667 0.12254629629629629 0.07197916666666666
3 0.9226388888888888 0.5034375000000001 0.0795370370370371 0.08156250000000007
3 0.4370833333333334 0.7132291666666667 0.12531250000000008 0.0923958333333335
2 0.35445023148148147 0.41369791666666667 0.038530092592592526 0.04614583333333329
2 0.3238483796296296 0.40484375000000006 0.04846064814814817 0.05614583333333343
2 0.8393055555555555 0.33390624999999996 0.02887731481481488 0.04083333333333332
3 0.8490740740740741 0.6943229166666667 0.08258101851851833 0.10666666666666665
2 0.8780555555555555 0.31031250000000005 0.013425925925925952 0.016458333333333287
1 0.8494270833333333 0.3075520833333333 0.04072916666666657 0.030729166666666606
1 0.8622569444444445 0.2880208333333333 0.03879629629629626 0.024375000000000036
1 0.3958159722222222 0.2934375 0.08310185185185182 0.036666666666666715
1 0.87234375 0.3410416666666667 0.051585648148148165 0.056354166666666664
1 0.2764699074074074 0.29828125 0.08034722222222221 0.042708333333333307
1 0.4718460648148149 0.34984375 0.05480324074074083 0.05812499999999998
2 0.8147743055555555 0.4195833333333333 0.056099537037037094 0.08000000000000007
1 0.8319675925925925 0.30015625 0.03898148148148124 0.027500000000000035
2 0.45986111111111116 0.43390625 0.05564814814814802 0.09864583333333332
2 0.40444444444444444 0.42359375000000005 0.0517824074074074 0.0859375
2 0.2647511574074074 0.40411458333333333 0.04626157407407412 0.07156249999999993
3 0.9186631944444444 0.45234375 0.04112268518518505 0.08989583333333329
3 0.9082175925925926 0.3791145833333333 0.06315972222222221 0.04156250000000004
1 0.7993229166666665 0.33890624999999996 0.03668981481481488 0.04135416666666671
2 0.9014930555555555 0.30874999999999997 0.017384259259259238 0.030729166666666696
2 0.8165162037037037 0.32453125 0.01885416666666657 0.029270833333333357
1 0.7841261574074074 0.30645833333333333 0.03576388888888893 0.025729166666666713
1 0.8881249999999999 0.29796875 0.01976851851851862 0.01843749999999993
1 0.5497048611111112 0.42791666666666667 0.031643518518518474 0.06125000000000007