1 0.9073437500000001 0.5019270833333334 0.08505787037037038 0.07885416666666671
1 0.48559027777777786 0.4761458333333334 0.1333912037037038 0.11010416666666671
1 0.7860590277777778 0.6853645833333333 0.21820601851851862 0.18427083333333344
1 0.7445601851851852 0.4856249999999999 0.09664351851851852 0.09208333333333343
1 0.7639351851851852 0.42385416666666664 0.06460648148148138 0.044791666666666785
1 0.8180324074074073 0.4461458333333333 0.05423611111111128 0.05500000000000007
1 0.8458680555555557 0.6076041666666667 0.1586342592592594 0.11645833333333329
4 0.5149479166666666 0.32161458333333337 0.1985069444444445 0.1346875
1 0.8491030092592592 0.41473958333333333 0.05186342592592581 0.039270833333333324
1 0.6640162037037036 0.41875 0.07603009259259252 0.054895833333333324
0 0.1142997685185185 0.5977604166666667 0.18355324074074075 0.32677083333333334
3 0.9680671296296296 0.516875 0.05790509259259267 0.09572916666666664
3 0.8032002314814815 0.7456770833333333 0.09347222222222236 0.1510416666666666
1 0.8705844907407407 0.39359374999999996 0.030983796296296263 0.026979166666666644
2 0.08510416666666668 0.335 0.052268518518518506 0.047083333333333324
3 0.9719270833333333 0.6036979166666667 0.05614583333333343 0.08656249999999996
2 0.9032233796296296 0.40744791666666663 0.03755787037037024 0.033645833333333285
2 0.6316493055555557 0.42515625 0.033333333333333215 0.07229166666666664
3 0.9534606481481482 0.7907291666666667 0.06991898148148153 0.08718749999999993
2 0.8869039351851853 0.4530729166666667 0.023252314814814667 0.02802083333333343
3 0.9276504629629629 0.458125 0.018402777777777858 0.024583333333333356
0 0.91015625 0.3759895833333333 0.05030092592592581 0.03916666666666666
1 0.9353067129629629 0.39557291666666666 0.032627314814814665 0.028645833333333304
1 0.8071296296296296 0.4010416666666667 0.017245370370370237 0.03229166666666661