1 0.7121412037037038 0.4294791666666667 0.06122685185185191 0.06645833333333329
1 0.6365856481481481 0.4432291666666666 0.08438657407407409 0.058645833333333286
1 0.22732060185185182 0.33296875000000004 0.10658564814814815 0.07104166666666671
1 0.7342187499999999 0.661875 0.1942824074074075 0.1361458333333335
1 0.7961805555555556 0.6049479166666666 0.15314814814814817 0.11625000000000014
1 0.8234259259259259 0.42515625 0.054328703703703594 0.044166666666666646
1 0.39317708333333334 0.5475520833333333 0.17337962962962958 0.16750000000000007
2 0.6010590277777779 0.5590624999999999 0.08637731481481481 0.1258333333333333
4 0.07432291666666667 0.4263541666666667 0.14864583333333334 0.23395833333333335
2 0.7630555555555556 0.45479166666666665 0.04072916666666675 0.05885416666666661
2 0.9201215277777777 0.41125 0.04182870370370395 0.043333333333333356
1 0.7775636574074074 0.4142708333333333 0.04945601851851862 0.03760416666666675
3 0.9475347222222222 0.51640625 0.02850694444444457 0.06739583333333332
2 0.5454456018518519 0.4809895833333333 0.06329861111111121 0.08375000000000003
2 0.8307523148148149 0.4420833333333333 0.029189814814814953 0.03781250000000007
2 0.8150289351851852 0.47078125000000004 0.03893518518518526 0.05093750000000004
1 0.5881539351851852 0.41338541666666667 0.07638888888888892 0.051875000000000074
3 0.8996701388888889 0.5202604166666667 0.030486111111111214 0.08156250000000007
3 0.7101678240740741 0.7338541666666666 0.061979166666666606 0.14447916666666671
3 0.8850462962962963 0.7760416666666667 0.0752083333333335 0.11729166666666675
3 0.9448032407407407 0.60859375 0.08039351851851854 0.08177083333333339
3 0.93140625 0.5059375 0.02248842592592588 0.07479166666666667
2 0.8830729166666667 0.4463541666666666 0.023217592592592595 0.04677083333333343
2 0.7172511574074074 0.49479166666666663 0.03802083333333321 0.07270833333333329
2 0.6854282407407407 0.4856249999999999 0.03834490740740755 0.08364583333333328
2 0.7140451388888889 0.44447916666666665 0.02473379629629626 0.0453125
2 0.7578935185185185 0.41765625 0.019861111111111107 0.03874999999999993
1 0.68078125 0.4046875 0.030613425925925954 0.03322916666666664
0 0.8334085648148148 0.3788541666666666 0.04499999999999993 0.04510416666666668
4 0.8727662037037037 0.39791666666666664 0.025833333333333285 0.02979166666666666
0 0.8701793981481482 0.353125 0.02417824074074062 0.0265625