1 0.8828125 0.6015625 0.2328125 0.15
1 0.18125 0.521875 0.14375 0.0828125
1 0.60625 0.478125 0.1578125 0.084375
1 0.43125 0.5125 0.184375 0.1109375
1 0.2296875 0.609375 0.2171875 0.15
0 0.56875 0.384375 0.14375 0.096875
1 0.465625 0.3796875 0.06875 0.0515625
1 0.1265625 0.40625 0.08125 0.05
4 0.89375 0.45625 0.2109375 0.19375
1 0.671875 0.4359375 0.14375 0.071875
4 0.2109375 0.3 0.071875 0.0484375
4 0.3234375 0.3171875 0.1 0.059375
2 0.3796875 0.4265625 0.0359375 0.0578125
2 0.24375 0.371875 0.0453125 0.0578125
1 0.1640625 0.353125 0.0546875 0.046875
2 0.70625 0.45 0.075 0.0515625
1 0.9203125 0.35 0.1421875 0.040625
3 0.040625 0.503125 0.0609375 0.065625
3 0.065625 0.4046875 0.03125 0.0375
2 0.2921875 0.4515625 0.0453125 0.0796875
2 0.3203125 0.39375 0.040625 0.0609375
2 0.7515625 0.6671875 0.0859375 0.171875
3 0.76875 0.7265625 0.065625 0.109375
2 0.2828125 0.39375 0.03125 0.0546875
2 0.140625 0.43125 0.0484375 0.059375
3 0.503125 0.765625 0.1015625 0.03125
1 0.125 0.3453125 0.053125 0.034375
3 0.090625 0.659375 0.0609375 0.053125
3 0.015625 0.71875 0.03125 0.075
3 0.084375 0.6828125 0.065625 0.0953125
1 0.3828125 0.38125 0.0703125 0.0734375
1 0.55 0.3234375 0.04375 0.03125