1 0.49855324074074076 0.43614583333333334 0.10567129629629637 0.07562499999999997
1 0.20355902777777776 0.4881770833333333 0.16030092592592596 0.1197916666666666
1 0.8981192129629629 0.6225520833333333 0.20376157407407405 0.1632291666666667
2 0.89453125 0.6908854166666666 0.10034722222222214 0.14229166666666657
1 0.23972800925925924 0.5809895833333333 0.24421296296296297 0.19708333333333333
1 0.35697337962962966 0.42203125 0.09774305555555554 0.07197916666666657
1 0.6743055555555555 0.6575 0.19739583333333321 0.1955208333333333
1 0.948755787037037 0.4916666666666667 0.10248842592592596 0.071875
1 0.1759548611111111 0.3109895833333334 0.06105324074074074 0.049270833333333285
1 0.29048032407407404 0.3521354166666667 0.06938657407407404 0.06385416666666668
1 0.5897858796296296 0.5006770833333334 0.13292824074074083 0.09614583333333329
1 0.1558738425925926 0.35796875000000006 0.08182870370370372 0.06312499999999996
3 0.26637731481481486 0.29052083333333334 0.056365740740740744 0.048958333333333395
3 0.07685185185185187 0.623125 0.0919560185185185 0.12614583333333335
3 0.07960069444444444 0.38171875 0.04207175925925925 0.0838541666666666
3 0.09525462962962963 0.34145833333333336 0.0375 0.04458333333333329
2 0.21634837962962966 0.30744791666666665 0.032638888888888926 0.039583333333333394
3 0.06206597222222223 0.4343229166666666 0.06990740740740739 0.07791666666666668
1 0.4528935185185185 0.6131249999999999 0.1864583333333334 0.19479166666666678
2 0.8468171296296297 0.7071875000000001 0.1462962962962962 0.1625
3 0.08541666666666667 0.5808333333333333 0.046932870370370375 0.04677083333333343
4 0.22986111111111107 0.2725 0.04704861111111107 0.04989583333333334
3 0.942679398148148 0.8191145833333333 0.11464120370370381 0.2046875
2 0.6155671296296296 0.5234375 0.05237268518518512 0.06739583333333332
2 0.42853009259259256 0.5023958333333333 0.06753472222222215 0.05593749999999993
3 0.35040509259259256 0.6444791666666667 0.0958333333333334 0.1466666666666665
3 0.03564814814814815 0.6047916666666666 0.033912037037037046 0.20020833333333332
3 0.0752025462962963 0.32609374999999996 0.02806712962962963 0.04239583333333332
2 0.16255787037037037 0.3911458333333333 0.06452546296296298 0.10093750000000004
1 0.11860532407407406 0.31963541666666667 0.04502314814814814 0.03729166666666668
1 0.1072337962962963 0.2861458333333333 0.034375 0.04437499999999996
1 0.257175925925926 0.33666666666666667 0.02384259259259256 0.05458333333333334
1 0.31495949074074076 0.31869791666666664 0.038541666666666696 0.030625000000000034
1 0.40081018518518513 0.36416666666666664 0.044039351851851906 0.05281250000000002
4 0.34982638888888895 0.37635416666666666 0.08553240740740745 0.07895833333333328
1 0.35234375 0.33911458333333333 0.04317129629629628 0.02937500000000002
2 0.1716435185185185 0.27874999999999994 0.0338541666666667 0.030312499999999964
2 0.20552662037037037 0.2888020833333333 0.016898148148148183 0.03541666666666661
1 0.14123263888888887 0.2572395833333333 0.02459490740740744 0.0328125
1 0.17679398148148148 0.24947916666666664 0.022685185185185208 0.023333333333333338
2 0.11918402777777777 0.25109375 0.02615740740740744 0.032916666666666664
2 0.1482928240740741 0.23744791666666668 0.042881944444444466 0.02156250000000002
0 0.31374421296296295 0.26484375 0.07685185185185191 0.05499999999999998
4 0.4747395833333334 0.31921875 0.09803240740740726 0.07979166666666675
2 0.5551793981481481 0.3658854166666667 0.01660879629629619 0.027604166666666607
2 0.6385416666666666 0.38625 0.019502314814814882 0.02156249999999993
3 0.6906828703703705 0.40531249999999996 0.018287037037037025 0.03083333333333336
1 0.757175925925926 0.433125 0.06840277777777785 0.03729166666666668
2 0.8004050925925925 0.4430208333333333 0.018055555555555713 0.024583333333333356
1 0.8407118055555556 0.45817708333333335 0.06394675925925916 0.043229166666666784
2 0.8798900462962964 0.46390624999999996 0.021238425925925952 0.0263541666666665