2 0.49810763888888887 0.49016782407407405 0.07913194444444435 0.13193287037037038
2 0.3880034722222222 0.47717013888888893 0.0692013888888889 0.11894675925925924
2 0.4509722222222222 0.4458449074074074 0.06246527777777775 0.10768518518518526
2 0.31916666666666665 0.3599247685185185 0.046875 0.07258101851851854
1 0.7173784722222222 0.6775578703703704 0.28440972222222227 0.26105324074074066
1 0.7838541666666666 0.4621006944444444 0.10458333333333343 0.10831018518518505
1 0.43128472222222225 0.36268518518518517 0.09124999999999997 0.0889120370370371
1 0.10604166666666667 0.38500578703703703 0.10649305555555558 0.11620370370370373
1 0.24024305555555556 0.34686921296296297 0.12555555555555556 0.08913194444444442
1 0.15697916666666667 0.4665451388888888 0.14840277777777774 0.11214120370370359
1 0.19972222222222222 0.5570833333333333 0.20465277777777774 0.18520833333333328
1 0.3436284722222222 0.42335069444444445 0.09309027777777779 0.0952430555555555
1 0.36071180555555554 0.35465277777777776 0.06017361111111112 0.05612268518518526
1 0.6580208333333333 0.48733217592592587 0.1878819444444444 0.12354166666666658
4 0.5442534722222222 0.3989178240740741 0.15975694444444458 0.12208333333333332
2 0.2933506944444445 0.29189236111111116 0.028506944444444394 0.04512731481481484
1 0.12098958333333334 0.3117418981481482 0.09666666666666668 0.07048611111111107
3 0.026675347222222222 0.4340335648148148 0.053350694444444444 0.07700231481481482
3 0.052881944444444454 0.35346643518518517 0.037986111111111096 0.0830324074074074
3 0.04595486111111111 0.316412037037037 0.023402777777777772 0.035509259259259275
4 0.5692361111111112 0.34539930555555554 0.21788194444444448 0.1671875
0 0.39151041666666664 0.25796296296296295 0.0755208333333334 0.05068287037037038
2 0.185 0.25697916666666665 0.016805555555555518 0.027372685185185208
2 0.20616319444444448 0.2543229166666666 0.015104166666666608 0.024166666666666715
0 0.23979166666666668 0.21672453703703703 0.04534722222222225 0.03820601851851855
2 0.12175347222222221 0.25947916666666665 0.02020833333333334 0.033784722222222195
1 0.14862847222222222 0.25107060185185187 0.03746527777777779 0.036238425925925896