1 0.5075520833333333 0.4375 0.11604166666666664 0.0765625
1 0.43265624999999996 0.3890625 0.08395833333333336 0.0640625
0 0.0853125 0.38046875 0.170625 0.1140625
1 0.7398958333333334 0.58515625 0.19666666666666668 0.1609375
1 0.07979166666666666 0.525 0.15958333333333333 0.11875
1 0.78640625 0.496875 0.15531249999999996 0.103125
1 0.8476041666666667 0.4109375 0.121875 0.09375
1 0.3567708333333333 0.4140625 0.08541666666666661 0.0390625
2 0.6875 0.3515625 0.03562499999999993 0.0421875
1 0.3422395833333333 0.4796875 0.1729166666666667 0.109375
0 0.26578124999999997 0.34921875 0.19020833333333337 0.0875
2 0.7175 0.346875 0.02937499999999993 0.0421875
2 0.5784374999999999 0.3703125 0.042604166666666644 0.053125
2 0.8222395833333334 0.25234375 0.08479166666666664 0.053125
1 0.6308854166666666 0.3921875 0.10500000000000007 0.075
2 0.7611979166666667 0.34765625 0.04729166666666664 0.053125
2 0.6221354166666666 0.34765625 0.033333333333333215 0.03125
2 0.23145833333333332 0.7234375 0.1486458333333333 0.1671875
1 0.75125 0.32109375 0.04812499999999993 0.0421875
1 0.49749999999999994 0.30703125 0.12270833333333328 0.059375
1 0.81765625 0.32109375 0.06437500000000007 0.0515625
3 0.9204166666666668 0.3734375 0.053125 0.0703125
2 0.8798437499999998 0.290625 0.04979166666666686 0.04375
2 0.3439583333333333 0.57109375 0.11468749999999997 0.1265625
3 0.6951041666666666 0.6359375 0.13468750000000007 0.16875
3 0.9328645833333333 0.45625 0.06927083333333357 0.078125
3 0.8584895833333333 0.34140625 0.0203125 0.046875
2 0.7030729166666667 0.4109375 0.04624999999999986 0.084375
2 0.5444270833333333 0.3765625 0.03302083333333332 0.0265625