1 0.3793981481481482 0.46687500000000004 0.13255787037037034 0.10263888888888886
1 0.10808449074074074 0.4336805555555555 0.0993287037037037 0.0871180555555556
1 0.23535879629629627 0.32503472222222224 0.04964120370370377 0.04277777777777771
1 0.3826157407407408 0.6742708333333333 0.21083333333333326 0.1638541666666665
2 0.37854166666666667 0.39045138888888886 0.045324074074074086 0.05506944444444448
1 0.16907407407407407 0.5082118055555556 0.1571412037037037 0.08968750000000014
2 0.36473958333333334 0.35595486111111113 0.0404050925925926 0.04704861111111107
2 0.6567997685185185 0.6105902777777777 0.09704861111111107 0.16815972222222228
1 0.06399305555555555 0.3154861111111111 0.03557870370370371 0.04215277777777775
1 0.1591898148148148 0.31515624999999997 0.04155092592592595 0.033055555555555574
2 0.14486689814814815 0.3509027777777778 0.03562500000000002 0.04371527777777775
1 0.21356481481481482 0.5865972222222222 0.20053240740740738 0.13218750000000004
0 0.5530324074074074 0.29453125 0.10777777777777775 0.05628472222222225
2 0.181556712962963 0.37657986111111114 0.03893518518518517 0.050104166666666575
3 0.1476736111111111 0.6511631944444444 0.10976851851851852 0.12347222222222207
3 0.03810185185185185 0.3993402777777778 0.03452546296296297 0.05927083333333325
1 0.05391782407407407 0.36586805555555557 0.07809027777777777 0.05496527777777782
1 0.4764930555555556 0.29715277777777777 0.050694444444444466 0.025659722222222216
4 0.8465856481481481 0.446111111111111 0.2876620370370372 0.334236111111111
4 0.1830034722222222 0.27508680555555554 0.052719907407407396 0.04135416666666671
1 0.18119791666666668 0.3360243055555555 0.04633101851851853 0.036388888888888894
2 0.08442129629629629 0.3106770833333333 0.01351851851851853 0.034930555555555555
2 0.12171296296296297 0.31604166666666667 0.015034722222222196 0.03343749999999997
2 0.08267939814814815 0.29046874999999994 0.011493055555555553 0.01923611111111114
1 0.09995949074074074 0.2865798611111111 0.020960648148148152 0.022777777777777786
1 0.12056712962962964 0.30204861111111114 0.036678240740740754 0.02659722222222225
4 0.10401041666666666 0.2551909722222222 0.04472222222222224 0.03475694444444448
1 0.12208912037037037 0.2770138888888889 0.02550925925925922 0.018298611111111106
1 0.14671875 0.2884027777777778 0.022476851851851887 0.021284722222222198
1 0.1922800925925926 0.30432291666666667 0.03052083333333333 0.02944444444444443
3 0.025535300925925923 0.49670138888888893 0.051070601851851846 0.06947916666666672