3 0.0328125 0.5015625 0.0625 0.075
3 0.0609375 0.4171875 0.0265625 0.08125
3 0.034375 0.3890625 0.0234375 0.0359375
1 0.909375 0.5375 0.1625 0.140625
2 0.4765625 0.459375 0.0390625 0.084375
2 0.33125 0.3625 0.01875 0.0453125
1 0.5703125 0.4953125 0.125 0.0984375
1 0.2703125 0.4390625 0.1265625 0.084375
1 0.41875 0.4390625 0.078125 0.0640625
2 0.3140625 0.359375 0.0171875 0.0390625
1 0.1171875 0.4484375 0.0953125 0.0859375
1 0.18125 0.534375 0.153125 0.1140625
1 0.2375 0.6046875 0.1890625 0.171875
4 0.46875 0.3171875 0.05625 0.028125
2 0.1953125 0.3609375 0.01875 0.0453125
1 0.2328125 0.3546875 0.05 0.034375
1 0.2625 0.340625 0.0359375 0.0421875
0 0.1078125 0.315625 0.078125 0.059375
2 0.1046875 0.34375 0.01875 0.0375
1 0.184375 0.334375 0.03125 0.0328125
4 0.9109375 0.3625 0.1359375 0.059375