1 0.24376736111111114 0.6018518518518519 0.19701388888888882 0.14974537037037053
2 0.6218229166666667 0.4286053240740741 0.06374999999999993 0.05717592592592595
1 0.21274305555555556 0.4709664351851853 0.2035763888888889 0.093611111111111
1 0.9711458333333333 0.3955787037037037 0.05770833333333343 0.0509722222222222
3 0.07918402777777778 0.4002604166666666 0.06749999999999998 0.08534722222222228
1 0.13053819444444445 0.32135995370370374 0.058680555555555534 0.03991898148148145
1 0.3557118055555556 0.4027951388888889 0.09350694444444443 0.06074074074074076
1 0.19664930555555554 0.5199305555555556 0.15986111111111115 0.09452546296296305
2 0.5449826388888889 0.5204050925925926 0.08086805555555561 0.12459490740740745
1 0.8823697916666667 0.7254398148148148 0.23526041666666658 0.17238425925925932
2 0.968923611111111 0.6478298611111111 0.062152777777777855 0.11200231481481496
1 0.36322916666666666 0.3544849537037037 0.055347222222222214 0.03049768518518512
2 0.6239930555555555 0.4911168981481481 0.06937499999999996 0.09943287037037045
2 0.19454861111111113 0.3199652777777778 0.009826388888888893 0.02045138888888891
1 0.2053472222222222 0.31387731481481485 0.03663194444444447 0.031782407407407474
1 0.5869965277777778 0.33749421296296295 0.05381944444444429 0.032037037037037044
2 0.20036458333333332 0.33567129629629633 0.016423611111111125 0.03616898148148149
1 0.16510416666666666 0.29531828703703705 0.041284722222222216 0.030289351851851797
2 0.2380902777777778 0.3112384259259259 0.020972222222222215 0.029988425925925988
2 0.7410590277777779 0.6279629629629631 0.09923611111111122 0.17797453703703708
2 0.2901736111111111 0.4057291666666667 0.04208333333333334 0.0662268518518518
1 0.2647569444444445 0.3514641203703704 0.06343750000000004 0.04311342592592595
1 0.4918402777777778 0.4485474537037037 0.1344444444444445 0.07540509259259257
1 0.5123784722222222 0.38871527777777776 0.09958333333333336 0.05302083333333343
2 0.12050347222222224 0.36182291666666666 0.018437500000000016 0.056504629629629655
2 0.39364583333333336 0.38773726851851853 0.02156249999999993 0.05655092592592599
2 0.3527430555555555 0.4449247685185185 0.03621527777777782 0.0833217592592593
2 0.8086458333333333 0.5766377314814815 0.06222222222222236 0.1290046296296296
1 0.6928298611111112 0.355462962962963 0.05697916666666671 0.033645833333333285
2 0.5085069444444444 0.3199305555555555 0.012951388888888892 0.020497685185185154
1 0.07364583333333333 0.3619097222222222 0.07256944444444444 0.032314814814814775
3 0.08203125 0.6689641203703705 0.07076388888888889 0.09164351851851862
3 0.2731944444444444 0.6608622685185186 0.0672569444444445 0.14469907407407412