0 0.5260069444444444 0.32718749999999996 0.15711805555555552 0.11968750000000003
1 0.785625 0.42645833333333333 0.1550694444444444 0.09770833333333329
1 0.2405034722222222 0.5770312499999999 0.21288194444444447 0.17177083333333343
2 0.843125 0.47895833333333326 0.08371527777777779 0.11635416666666672
3 0.2970833333333333 0.41208333333333336 0.03628472222222223 0.08822916666666672
1 0.3286458333333333 0.3536458333333333 0.07468749999999993 0.06114583333333332
1 0.1181076388888889 0.35046875 0.07298611111111111 0.05479166666666666
4 0.3922569444444445 0.25864583333333335 0.12784722222222228 0.06624999999999996
1 0.12677083333333333 0.4234375 0.09711805555555557 0.08760416666666675
1 0.1917361111111111 0.49499999999999994 0.1473958333333333 0.10343750000000007
1 0.3915798611111111 0.33380208333333333 0.06194444444444445 0.04937500000000004
1 0.20180555555555557 0.31437499999999996 0.042916666666666714 0.03562499999999993
2 0.4400347222222223 0.4017708333333333 0.041874999999999926 0.058958333333333356
2 0.5101388888888889 0.49333333333333335 0.057395833333333354 0.12552083333333322
2 0.5659375 0.4692708333333334 0.06211805555555561 0.1273958333333333
3 0.041579861111111116 0.39234375 0.03576388888888889 0.06479166666666662
2 0.2481597222222222 0.32302083333333337 0.029097222222222198 0.04562500000000007
1 0.42355902777777776 0.36453125000000003 0.057673611111111175 0.06781249999999997
1 0.19951388888888888 0.3520833333333333 0.060520833333333315 0.05552083333333328
2 0.2888368055555556 0.32265625 0.024375000000000036 0.04375
1 0.08512152777777778 0.3096354166666667 0.042881944444444466 0.034062499999999926
1 0.41473958333333333 0.6718229166666667 0.2115277777777777 0.1810416666666665
1 0.5728819444444444 0.4296875 0.12996527777777783 0.09135416666666671
0 0.24258680555555556 0.24828125 0.047673611111111125 0.0390625
2 0.33782986111111113 0.30921875 0.022708333333333285 0.03895833333333334
3 0.05048611111111111 0.47625 0.06888888888888889 0.08104166666666668
1 0.14605902777777777 0.30557291666666664 0.04291666666666667 0.03562500000000002
2 0.27416666666666667 0.29625 0.016388888888888876 0.03541666666666661
1 0.18536458333333333 0.27869791666666666 0.030208333333333347 0.025416666666666643
4 0.14727430555555557 0.25463541666666667 0.046250000000000034 0.045208333333333336
4 0.22138888888888886 0.28020833333333334 0.044340277777777715 0.029479166666666678
1 0.23295138888888892 0.3076041666666667 0.022743055555555537 0.04052083333333334
2 0.2881423611111111 0.29140625 0.014479166666666644 0.019687500000000035
2 0.17368055555555556 0.31625000000000003 0.018055555555555537 0.04020833333333336
2 0.1987847222222222 0.3192708333333333 0.019131944444444438 0.01843749999999993
2 0.11770833333333335 0.2972916666666666 0.016388888888888876 0.03541666666666661
1 0.10314236111111111 0.27557291666666667 0.023888888888888894 0.021875
1 0.16630208333333335 0.30109375 0.013090277777777803 0.027395833333333286
1 0.7792187500000001 0.31421875000000005 0.06472222222222221 0.033958333333333354