1 0.10355324074074072 0.43531250000000005 0.08260416666666667 0.061562500000000145
1 0.33005208333333336 0.39140625 0.0910648148148148 0.07458333333333336
1 0.4190914351851852 0.3558854166666666 0.08457175925925924 0.06947916666666672
1 0.16711226851851851 0.47078125000000004 0.13546296296296298 0.09000000000000004
1 0.1605150462962963 0.55296875 0.16035879629629632 0.11968749999999986
2 0.5014236111111112 0.41968750000000005 0.06374999999999993 0.08833333333333329
1 0.21772569444444442 0.62078125 0.21508101851851852 0.18406249999999993
1 0.5544328703703704 0.37333333333333335 0.11959490740740737 0.08427083333333325
1 0.2963946759259259 0.36484375 0.07438657407407412 0.05322916666666666
1 0.7922685185185185 0.2609375 0.08804398148148138 0.046354166666666696
1 0.2581828703703704 0.3510416666666667 0.061562499999999964 0.04614583333333329
4 0.13252314814814814 0.3570833333333333 0.07519675925925924 0.06885416666666666
1 0.612355324074074 0.4574479166666666 0.16230324074074076 0.15718750000000004
4 0.10670717592592593 0.31442708333333336 0.07280092592592595 0.08270833333333324
1 0.2308680555555555 0.33729166666666666 0.04938657407407412 0.0515625
1 0.8898032407407408 0.25677083333333334 0.11582175925925924 0.07156250000000001
3 0.06140046296296296 0.73796875 0.12280092592592592 0.1765625
2 0.1507986111111111 0.38 0.032037037037037044 0.04729166666666664
2 0.11161458333333334 0.38494791666666667 0.0340046296296296 0.055208333333333394
2 0.18016782407407406 0.33911458333333333 0.023900462962962978 0.04052083333333334
4 0.17622685185185186 0.29500000000000004 0.03475694444444444 0.039687499999999966
3 0.022060185185185183 0.5336979166666667 0.044120370370370365 0.1265625
3 0.046875 0.5223958333333334 0.04793981481481482 0.11374999999999993
2 0.0964525462962963 0.4521354166666667 0.046342592592592616 0.05291666666666668
2 0.057928240740740745 0.35427083333333337 0.015601851851851834 0.030625000000000034