1 0.5296875 0.484375 0.125 0.10625
1 0.23125 0.6109375 0.2234375 0.15
1 0.1625 0.3234375 0.0359375 0.0265625
2 0.2375 0.3921875 0.0515625 0.0640625
3 0.0375 0.5046875 0.065625 0.065625
1 0.109375 0.309375 0.0328125 0.0296875
1 0.184375 0.5265625 0.146875 0.090625
2 0.1875 0.3390625 0.028125 0.028125
0 0.834375 0.55 0.3296875 0.459375
1 0.465625 0.325 0.0296875 0.021875
3 0.06875 0.4203125 0.0453125 0.0796875
1 0.13125 0.40625 0.0734375 0.0671875
1 0.6125 0.4234375 0.10625 0.0640625
4 0.54375 0.321875 0.05625 0.0375
4 0.1484375 0.25625 0.03125 0.0328125
0 0.2703125 0.2875 0.0625 0.0328125
1 0.165625 0.3015625 0.0234375 0.0125
1 0.1328125 0.296875 0.0234375 0.0203125
1 0.0640625 0.334375 0.025 0.028125
3 0.1234375 0.4203125 0.025 0.0671875