1 0.1796875 0.5234375 0.146875 0.090625
1 0.228125 0.603125 0.1734375 0.134375
1 0.6109375 0.4203125 0.1171875 0.078125
0 0.4375 0.3546875 0.159375 0.109375
1 0.81875 0.475 0.1859375 0.10625
1 0.2125 0.353125 0.0625 0.04375
1 0.2328125 0.446875 0.1125 0.078125
1 0.31875 0.3765625 0.071875 0.06875
1 0.5875 0.68125 0.184375 0.2015625
2 0.403125 0.4015625 0.0375 0.0609375
2 0.1375 0.328125 0.0171875 0.0296875
3 0.046875 0.4171875 0.01875 0.08125
1 0.95625 0.3640625 0.084375 0.0515625
2 0.309375 0.390625 0.021875 0.071875
2 0.1171875 0.3125 0.0171875 0.0296875
2 0.096875 0.296875 0.0234375 0.0328125
3 0.25625 0.6578125 0.0578125 0.1453125
3 0.075 0.66875 0.05 0.0796875
3 0.140625 0.403125 0.015625 0.0578125
3 0.06875 0.4234375 0.0171875 0.071875
3 0.0828125 0.421875 0.015625 0.078125
3 0.040625 0.5078125 0.0515625 0.059375
1 0.10625 0.4015625 0.0375 0.0625
1 0.1515625 0.3703125 0.0625 0.0421875
2 0.1703125 0.3359375 0.0171875 0.0359375
2 0.171875 0.3109375 0.0140625 0.0125
1 0.1421875 0.3078125 0.028125 0.01875
2 0.4421875 0.3953125 0.0296875 0.059375
2 0.528125 0.43125 0.0359375 0.078125
1 0.709375 0.3484375 0.05 0.0265625
4 0.215625 0.26875 0.0625 0.046875