4 0.8341724537037039 0.3047106481481482 0.06504629629629619 0.0706018518518519
1 0.8423032407407408 0.38081597222222224 0.08518518518518511 0.0665162037037037
0 0.40092592592592596 0.45142361111111107 0.4048032407407408 0.31010416666666674
1 0.7475405092592593 0.5954340277777778 0.22517361111111106 0.1799189814814815
2 0.14250578703703703 0.5868923611111111 0.09612268518518521 0.10898148148148153
1 0.8000578703703705 0.5078298611111111 0.1575231481481481 0.1232870370370371
1 0.13074363425925925 0.7271238425925926 0.2614872685185185 0.2594328703703702
4 0.7420717592592593 0.2785185185185185 0.07766203703703703 0.07409722222222222
1 0.7345775462962962 0.3330439814814815 0.05173611111111107 0.04835648148148151
1 0.10230034722222223 0.5767708333333333 0.20460069444444445 0.13626157407407397
2 0.7728298611111111 0.3349594907407408 0.032928240740740834 0.046238425925925954
4 0.8394097222222221 0.24777199074074074 0.04525462962962976 0.04192129629629626
3 0.9252604166666668 0.4215972222222223 0.040972222222222146 0.0948611111111111
3 0.912818287037037 0.37743055555555555 0.05706018518518512 0.06568287037037042
4 0.04279513888888889 0.4311689814814814 0.08559027777777778 0.08421296296296284
2 0.7884259259259259 0.33620370370370367 0.03946759259259256 0.05423611111111111
3 0.9205150462962962 0.6553067129629631 0.07199074074074048 0.08953703703703689
3 0.9429398148148149 0.4721759259259259 0.07951388888888858 0.08195601851851855
3 0.8488715277777779 0.4146412037037037 0.04074074074074048 0.08861111111111111
2 0.841087962962963 0.3291608796296296 0.028240740740740834 0.04609953703703704
1 0.647164351851852 0.34922453703703704 0.06597222222222214 0.053460648148148146
4 0.6944444444444444 0.3185590277777778 0.0487268518518519 0.05138888888888893
1 0.7725405092592592 0.3005381944444444 0.035243055555555534 0.02445601851851853
1 0.8861689814814815 0.2734027777777778 0.032175925925925955 0.025925925925925953
1 0.8601851851851852 0.2781076388888889 0.023090277777777855 0.03346064814814813