1 0.5290219907407407 0.3912673611111111 0.1322916666666666 0.10491898148148149
1 0.1308449074074074 0.31385416666666666 0.1078125 0.08964120370370372
1 0.31197916666666664 0.41108217592592594 0.12442129629629628 0.12474537037037034
1 0.1501736111111111 0.45215856481481487 0.19774305555555555 0.16901620370370374
1 0.16657986111111112 0.5353587962962963 0.27152777777777776 0.21953703703703695
1 0.8074074074074075 0.6149768518518519 0.26892361111111107 0.20539351851851856
1 0.27025462962962965 0.32296874999999997 0.07563657407407405 0.0755208333333334
2 0.33359375 0.29789351851851853 0.045659722222222233 0.04906249999999997
1 0.3733796296296297 0.3386342592592593 0.09571759259259256 0.07344907407407408
2 0.6158854166666666 0.437349537037037 0.08472222222222214 0.09311342592592595
1 0.15439814814814815 0.20601273148148147 0.05 0.044618055555555536
2 0.9358796296296296 0.43554398148148155 0.05671296296296298 0.05119212962962969
3 0.1457175925925926 0.5753530092592593 0.1507523148148148 0.1650231481481482
1 0.12115162037037037 0.24509259259259258 0.07366898148148149 0.048958333333333305
1 0.26721643518518523 0.24841435185185184 0.04728009259259256 0.02891203703703704
0 0.20254629629629628 0.2074074074074074 0.06811342592592595 0.05800925925925924
1 0.2692997685185185 0.2833275462962963 0.07771990740740745 0.06162037037037038
2 0.19427083333333334 0.23507523148148152 0.038831018518518515 0.04092592592592599
3 0.06374421296296297 0.3056597222222222 0.08385416666666667 0.10240740740740736
2 0.13923611111111112 0.26361111111111113 0.04195601851851851 0.04108796296296298
3 0.030266203703703698 0.5576446759259259 0.060532407407407396 0.14408564814814823
3 0.03414351851851852 0.3887731481481482 0.06828703703703703 0.0997685185185185
2 0.11684027777777777 0.20873842592592595 0.03414351851851851 0.04068287037037042
1 0.23142361111111112 0.23781828703703703 0.049131944444444464 0.05391203703703704
4 0.45402199074074073 0.2480671296296296 0.15856481481481488 0.12340277777777775