1 0.9209027777777777 0.4769907407407407 0.15819444444444458 0.13652777777777772
1 0.7554224537037038 0.5028935185185185 0.1431481481481482 0.14309027777777777
1 0.5065856481481481 0.5329629629629629 0.12129629629629637 0.1128009259259258
1 0.5406539351851851 0.4528472222222222 0.11795138888888879 0.07837962962962948
1 0.5254398148148148 0.40013310185185186 0.057361111111111106 0.053182870370370415
1 0.3319386574074074 0.4443229166666667 0.08645833333333339 0.07276620370370371
1 0.3554918981481482 0.4021180555555556 0.06541666666666668 0.058101851851851904
1 0.4653530092592592 0.7306539351851852 0.2270138888888889 0.16585648148148166
1 0.13951388888888888 0.4791840277777778 0.11366898148148148 0.08605324074074083
1 0.2801041666666667 0.6331192129629629 0.19675925925925924 0.15403935185185186
1 0.21770254629629626 0.5579456018518518 0.17056712962962967 0.10021990740740741
1 0.2032465277777778 0.4295891203703704 0.10817129629629632 0.07028935185185184
1 0.6570833333333334 0.4266550925925926 0.11762731481481481 0.07212962962962965
1 0.11181134259259258 0.4112789351851852 0.07947916666666668 0.058518518518518546
1 0.5114641203703704 0.34121527777777777 0.038715277777777855 0.024548611111111108
4 0.3976851851851852 0.34330439814814817 0.11886574074074066 0.0659259259259259
4 0.44706018518518514 0.40795138888888893 0.10693287037037039 0.0764930555555555
0 0.2323263888888889 0.31344328703703705 0.0377199074074074 0.03543981481481477
2 0.20005787037037037 0.3530497685185185 0.020532407407407405 0.034930555555555555
4 0.17949652777777778 0.3025173611111111 0.05030092592592594 0.037372685185185175
2 0.08866319444444445 0.3559895833333333 0.018726851851851856 0.03019675925925931
2 0.13949652777777777 0.3434548611111111 0.015277777777777769 0.02385416666666664
0 0.13800925925925928 0.29972800925925924 0.03287037037037037 0.032175925925925955
0 0.46233796296296303 0.3264988425925926 0.060000000000000143 0.043900462962962995
1 0.6658680555555556 0.34032986111111113 0.03246527777777786 0.02436342592592595
1 0.7782465277777778 0.34131944444444445 0.05811342592592581 0.03760416666666675
1 0.7767650462962964 0.34283564814814815 0.0533449074074074 0.03590277777777775
2 0.6604513888888889 0.5367418981481482 0.08576388888888893 0.11954861111111122
2 0.6893460648148148 0.6577256944444445 0.11386574074074077 0.15002314814814816
3 0.0696412037037037 0.5457581018518518 0.06959490740740741 0.0785069444444444
3 0.0445775462962963 0.4685706018518518 0.03489583333333333 0.07123842592592596
3 0.07241898148148149 0.4639351851851852 0.03217592592592593 0.07895833333333328
2 0.3322395833333333 0.48021412037037037 0.049849537037037095 0.0888425925925926
2 0.3964756944444444 0.47041666666666665 0.048125000000000015 0.08567129629629626
2 0.4172569444444445 0.44997106481481486 0.03678240740740755 0.07753472222222228
2 0.28294560185185186 0.4171296296296296 0.02931712962962969 0.05391203703703695
2 0.1270486111111111 0.3290451388888889 0.011909722222222197 0.019074074074074153
1 0.10055555555555555 0.3446412037037037 0.03090277777777777 0.02431712962962962
1 0.25080439814814814 0.3990162037037037 0.03155092592592599 0.036817129629629616
2 0.5838773148148148 0.33868055555555554 0.01511574074074069 0.020729166666666642
2 0.630011574074074 0.3408275462962963 0.018159722222222285 0.01925925925925931
1 0.5305092592592592 0.33241898148148147 0.023171296296296263 0.025648148148148132
1 0.96171875 0.34441550925925923 0.061967592592592526 0.05175925925925924