1 0.768449074074074 0.6171006944444445 0.18578703703703708 0.1544675925925926
1 0.8859085648148148 0.38805555555555554 0.07974537037037024 0.05526620370370363
0 0.32840277777777777 0.5344039351851853 0.5802430555555556 0.44482638888888887
3 0.6271064814814815 0.593923611111111 0.06863425925925917 0.10204861111111115
3 0.7134259259259259 0.6589236111111111 0.0731481481481481 0.14894675925925932
3 0.9676996527777778 0.5217939814814814 0.06460069444444443 0.09276620370370381
1 0.8957407407407407 0.48253472222222216 0.11436342592592581 0.11644675925925937
3 0.8895428240740741 0.4052199074074074 0.04490740740740762 0.03938657407407416
3 0.9648032407407406 0.43982638888888886 0.034849537037037234 0.06899305555555557
0 0.44372685185185184 0.3124074074074074 0.1096643518518519 0.06329861111111112
2 0.8445428240740741 0.3633564814814815 0.021840277777777927 0.051712962962962905
2 0.8761342592592593 0.34827546296296297 0.018020833333333285 0.028252314814814827
2 0.864068287037037 0.3366435185185185 0.01806712962962962 0.02981481481481483
2 0.8297164351851851 0.3376793981481481 0.022800925925925954 0.03141203703703699
1 0.9379861111111112 0.3259375 0.03042824074074062 0.025219907407407406
2 0.9149594907407408 0.31360532407407404 0.014710648148147954 0.02197916666666666
1 0.9218981481481482 0.3104282407407407 0.011354166666666643 0.014143518518518495
1 0.8351157407407408 0.5462789351851851 0.1531944444444445 0.10892361111111111
4 0.7911863425925926 0.3559375 0.07276620370370353 0.0833333333333334
2 0.8729282407407407 0.3983101851851852 0.029699074074073906 0.05333333333333332
1 0.5297800925925926 0.31567708333333333 0.025694444444444464 0.023622685185185156
0 0.7938368055555556 0.28715277777777776 0.03511574074074062 0.025254629629629655
0 0.8492361111111112 0.2843981481481482 0.03847222222222228 0.03309027777777782