2 0.5234375 0.5140625 0.0546875 0.1203125
2 0.4109375 0.5125 0.046875 0.109375
2 0.4671875 0.475 0.0421875 0.1
2 0.31875 0.4046875 0.034375 0.065625
1 0.7796875 0.675 0.24375 0.2109375
1 0.803125 0.45625 0.0875 0.090625
1 0.43125 0.3953125 0.0765625 0.0734375
1 0.1109375 0.4515625 0.0875 0.0984375
1 0.2375 0.4 0.1125 0.065625
1 0.178125 0.5265625 0.13125 0.0859375
1 0.2390625 0.6109375 0.1765625 0.1484375
1 0.35625 0.4640625 0.078125 0.0796875
1 0.359375 0.3953125 0.0515625 0.0453125
1 0.6828125 0.49375 0.1703125 0.0890625
4 0.5515625 0.41875 0.1421875 0.09375
2 0.2796875 0.340625 0.0203125 0.040625
1 0.1109375 0.378125 0.0859375 0.053125
3 0.0328125 0.509375 0.059375 0.065625
3 0.0515625 0.4265625 0.021875 0.078125
3 0.0375 0.390625 0.0171875 0.0328125
4 0.565625 0.3640625 0.19375 0.128125
0 0.3703125 0.296875 0.06875 0.0359375
2 0.1640625 0.3171875 0.0125 0.025
2 0.184375 0.3125 0.0109375 0.021875
0 0.2109375 0.271875 0.0390625 0.0296875
2 0.1015625 0.3265625 0.0140625 0.03125
1 0.1265625 0.315625 0.03125 0.0296875