1 0.24663194444444442 0.5324305555555556 0.21122685185185192 0.1343055555555555
1 0.32633101851851853 0.42270833333333335 0.1512731481481481 0.09260416666666664
1 0.041741898148148146 0.40114583333333337 0.08348379629629629 0.057083333333333285
1 0.5460416666666668 0.4535416666666666 0.11729166666666657 0.11763888888888889
1 0.7276388888888888 0.3166493055555556 0.06631944444444446 0.04979166666666668
2 0.6806655092592593 0.3780729166666667 0.05577546296296294 0.07586805555555554
1 0.8122627314814815 0.45420138888888884 0.1560300925925926 0.09750000000000014
2 0.7846469907407407 0.31567708333333333 0.03665509259259263 0.05003472222222225
2 0.832019675925926 0.27999999999999997 0.03327546296296298 0.03270833333333334
3 0.8540856481481482 0.31883680555555555 0.038425925925925954 0.06416666666666675
1 0.8120312500000001 0.25902777777777775 0.05512731481481481 0.03211805555555554
1 0.6819502314814814 0.29135416666666664 0.056782407407407476 0.038437500000000034
2 0.6642303240740741 0.32805555555555554 0.038217592592592456 0.05010416666666666
2 0.6121354166666666 0.3662847222222222 0.044629629629629616 0.06131944444444439
2 0.4954629629629629 0.38942708333333337 0.05097222222222229 0.06784722222222221
1 0.7634664351851852 0.2697743055555556 0.039409722222222145 0.02517361111111107
1 0.7725752314814814 0.2873263888888889 0.05032407407407398 0.024097222222222214
2 0.6347280092592593 0.316875 0.03658564814814813 0.04534722222222225
3 0.9163657407407406 0.33090277777777777 0.049525462962962764 0.07559027777777771
3 0.9557175925925925 0.4150347222222222 0.06517361111111128 0.07784722222222218
1 0.15248842592592593 0.6685590277777778 0.3000231481481481 0.22569444444444448
1 0.8944328703703703 0.23038194444444446 0.033368055555555644 0.03895833333333325
2 0.5439583333333333 0.38336805555555553 0.038124999999999964 0.04385416666666675
3 0.7388194444444445 0.6159548611111111 0.0909143518518519 0.12895833333333329
1 0.7654918981481481 0.5546527777777778 0.22752314814814803 0.18031250000000015
3 0.9418402777777779 0.6139583333333334 0.08259259259259259 0.09423611111111115
1 0.24765046296296295 0.35828125 0.08353009259259263 0.052118055555555556
1 0.8539641203703704 0.37973958333333335 0.13868055555555542 0.08579861111111109
1 0.8607233796296295 0.2396875 0.02077546296296262 0.03215277777777779
0 0.6059085648148148 0.25960069444444445 0.08201388888888897 0.055173611111111145
4 0.5384317129629629 0.2821180555555555 0.039548611111111145 0.03454861111111107
4 0.8191030092592593 0.20328125 0.030127314814814808 0.031006944444444427
4 0.894710648148148 0.21163194444444447 0.045983796296296474 0.04732638888888889
2 0.4114872685185185 0.31352430555555555 0.017534722222222143 0.024201388888888963