2 0.13125 0.3421875 0.025 0.028125
1 0.2375 0.60625 0.184375 0.140625
1 0.184375 0.525 0.146875 0.09375
1 0.3703125 0.3953125 0.0734375 0.05
1 0.1015625 0.3765625 0.078125 0.0515625
1 0.896875 0.575 0.20625 0.1828125
1 0.115625 0.44375 0.10625 0.0828125
3 0.025 0.4171875 0.034375 0.0546875
1 0.175 0.3703125 0.065625 0.0421875
1 0.3265625 0.3609375 0.05625 0.0375
1 0.25 0.365625 0.071875 0.0421875
1 0.1 0.3234375 0.034375 0.028125
1 0.071875 0.328125 0.04375 0.021875
2 0.1796875 0.3328125 0.025 0.0296875
2 0.4890625 0.40625 0.040625 0.06875
1 0.98046875 0.375 0.0390625 0.05625
3 0.053125 0.4125 0.0296875 0.0625
1 0.1734375 0.3171875 0.03125 0.021875
2 0.2921875 0.3765625 0.025 0.0515625
4 0.4859375 0.3015625 0.1203125 0.0625
1 0.4984375 0.3890625 0.075 0.05625
1 0.1046875 0.2984375 0.028125 0.025
1 0.6375 0.334375 0.05625 0.0203125
2 0.128125 0.328125 0.021875 0.0296875
3 0.19375 0.4375 0.0265625 0.08125
2 0.3515625 0.440625 0.028125 0.075
3 0.034375 0.5046875 0.0515625 0.0734375
2 0.203125 0.3359375 0.0171875 0.03125
2 0.2375 0.3265625 0.01875 0.0296875
2 0.2203125 0.3203125 0.0125 0.028125
2 0.2046875 0.3125 0.0109375 0.0234375
2 0.3171875 0.40625 0.0234375 0.0671875
0 0.3875 0.3390625 0.109375 0.065625
2 0.5734375 0.328125 0.01875 0.0171875
0 0.384375 0.2890625 0.0640625 0.0328125
0 0.2453125 0.2796875 0.040625 0.028125
1 0.1375 0.2984375 0.0265625 0.01875