2 0.6608506944444444 0.39949074074074076 0.05760416666666668 0.06886574074074074
1 0.48248263888888887 0.43982638888888886 0.13850694444444436 0.1359953703703704
1 0.8293923611111111 0.5610474537037037 0.16989583333333336 0.14097222222222214
1 0.7537152777777777 0.6383796296296296 0.23204861111111122 0.20699074074074061
2 0.3130902777777778 0.38249999999999995 0.08003472222222215 0.082662037037037
0 0.36157986111111107 0.25743055555555555 0.14274305555555564 0.09105324074074073
3 0.7153298611111112 0.6735532407407407 0.11687499999999992 0.1752314814814815
1 0.2027604166666667 0.4203703703703704 0.2875 0.22741898148148146
3 0.9789236111111113 0.47522569444444446 0.042152777777777574 0.0808101851851852
1 0.7228125000000001 0.36605324074074075 0.07430555555555571 0.058946759259259275
2 0.4403125 0.5660879629629629 0.1368402777777778 0.16862268518518525
3 0.9145486111111112 0.7322453703703704 0.146875 0.1489583333333334
3 0.966154513888889 0.5634201388888889 0.067690972222222 0.10628472222222225
3 0.958454861111111 0.4688020833333333 0.04607638888888914 0.08999999999999986
1 0.8738020833333333 0.46755208333333337 0.12260416666666671 0.12881944444444446
1 0.7768576388888888 0.4012326388888889 0.09572916666666664 0.08515046296296305
1 0.8234201388888888 0.35617476851851854 0.059826388888888714 0.04873842592592599
1 0.9038368055555555 0.3678587962962963 0.05024305555555557 0.043495370370370344
2 0.9439409722222223 0.3537326388888889 0.01822916666666643 0.02445601851851853
2 0.9672395833333333 0.34921875 0.011770833333333286 0.01939814814814813
0 0.9058506944444444 0.3074247685185185 0.04718750000000007 0.04487268518518519
0 0.6977777777777778 0.2962557870370371 0.06315972222222221 0.053611111111111144
2 0.5339409722222223 0.293431712962963 0.018298611111111106 0.02601851851851853
2 0.5072048611111111 0.29109953703703706 0.016666666666666784 0.02436342592592595