1 0.8108738425925924 0.5864409722222221 0.23968750000000014 0.170451388888889
1 0.6884375 0.35365162037037035 0.09092592592592581 0.05846064814814813
0 0.16946180555555557 0.683420138888889 0.26546296296296296 0.2627893518518519
1 0.21182291666666667 0.4486284722222222 0.1229976851851852 0.046203703703703705
2 0.6656712962962963 0.4179108796296296 0.055914351851851764 0.07381944444444458
2 0.9184606481481481 0.27847800925925925 0.022534722222222213 0.037650462962962906
2 0.8916261574074074 0.28727430555555555 0.027407407407407547 0.04081018518518516
4 0.8467245370370371 0.2813541666666667 0.06601851851851848 0.059837962962962975
3 0.8344675925925926 0.4174421296296297 0.05545138888888914 0.0660069444444444
4 0.7111168981481482 0.3011168981481481 0.09561342592592581 0.05849537037037038
1 0.9225231481481482 0.3206539351851852 0.06353009259259253 0.044201388888888894
3 0.8937962962962963 0.41622106481481486 0.05150462962962976 0.07847222222222214
0 0.3787905092592593 0.5755729166666667 0.5562384259259259 0.3992592592592592
1 0.1799421296296296 0.3722685185185185 0.08871527777777777 0.047511574074074046
1 0.8462210648148147 0.4970775462962963 0.16061342592592603 0.10114583333333335
2 0.8429803240740741 0.336875 0.03540509259259252 0.04399305555555557
4 0.6432928240740741 0.3172511574074074 0.07833333333333332 0.056805555555555554
1 0.8802199074074075 0.37177083333333333 0.07355324074074047 0.055208333333333304
2 0.6396006944444445 0.3868402777777778 0.03614583333333332 0.056493055555555574
3 0.9678877314814814 0.4399016203703704 0.058958333333333356 0.09883101851851847
3 0.9419675925925926 0.4377488425925925 0.04599537037037038 0.09092592592592581
2 0.8135185185185184 0.3277141203703704 0.03862268518518519 0.04557870370370374
2 0.6184027777777777 0.3588599537037037 0.02859953703703706 0.03457175925925924
3 0.9594907407407408 0.3641493055555555 0.03365740740740719 0.04085648148148149
3 0.5369212962962964 0.6721006944444444 0.13961805555555565 0.22125000000000003
3 0.9590653935185184 0.6610243055555556 0.08186921296296319 0.1711111111111112
4 0.6021006944444445 0.2816030092592593 0.09129629629629629 0.06471064814814813
4 0.8155034722222222 0.242505787037037 0.052592592592592524 0.04412037037037031
1 0.8951041666666667 0.2536400462962963 0.05322916666666657 0.028506944444444394