1 0.2587962962962963 0.4265625 0.06423611111111108 0.04918981481481488
1 0.18159722222222222 0.6098958333333334 0.1717013888888889 0.12806712962962977
1 0.5696469907407408 0.46154513888888893 0.14554398148148148 0.1380208333333332
1 0.24774305555555554 0.6827546296296296 0.23663194444444446 0.19600694444444428
1 0.38168402777777777 0.5093460648148149 0.1262731481481481 0.12326388888888892
1 0.4457465277777778 0.4483506944444445 0.11556712962962959 0.08697916666666679
4 0.2800636574074074 0.38041087962962966 0.12824074074074074 0.09212962962962959
1 0.10243055555555555 0.5506365740740741 0.13217592592592592 0.11412037037037023
2 0.2616898148148148 0.49629629629629635 0.0653356481481481 0.07887731481481489
1 0.06420717592592592 0.4842881944444445 0.08217592592592593 0.07013888888888893
1 0.6732349537037037 0.410619212962963 0.12899305555555554 0.11244212962962959
1 0.14615162037037038 0.48967013888888894 0.12008101851851852 0.08246527777777786
2 0.8656828703703704 0.45295138888888886 0.10763888888888892 0.12569444444444447
1 0.6673611111111111 0.31574074074074077 0.05138888888888893 0.03935185185185182
1 0.259375 0.47430555555555554 0.08402777777777777 0.07800925925925917
2 0.31634837962962964 0.47798032407407404 0.05115740740740744 0.07523148148148148
1 0.4974537037037036 0.40410879629629626 0.09450231481481489 0.0659143518518519
3 0.036689814814814814 0.6208333333333333 0.07337962962962963 0.0981481481481481
3 0.013194444444444443 0.5484953703703704 0.026388888888888885 0.07511574074074083
1 0.03784722222222222 0.4144675925925926 0.04357638888888889 0.0390625
2 0.4906828703703704 0.5657986111111111 0.09739583333333321 0.1440393518518519
2 0.1107349537037037 0.41090856481481486 0.03564814814814814 0.035648148148148096
4 0.3569444444444444 0.4168981481481481 0.1255208333333333 0.10295138888888893
1 0.4263020833333333 0.7410011574074075 0.23547453703703702 0.20688657407407404
3 0.14704861111111112 0.5288194444444445 0.05318287037037037 0.08778935185185191
2 0.20668402777777778 0.460619212962963 0.04745370370370372 0.05949074074074083
1 0.1775752314814815 0.44389467592592596 0.06423611111111108 0.04918981481481488
0 0.43952546296296297 0.34172453703703703 0.10902777777777768 0.07893518518518512
0 0.18828125 0.36605902777777777 0.05665509259259256 0.05515046296296298
4 0.13359375 0.3640335648148148 0.05497685185185186 0.05196759259259256
1 0.8121238425925925 0.2937210648148148 0.07534722222222215 0.05428240740740744
2 0.501244212962963 0.491869212962963 0.07077546296296297 0.09936342592592595
2 0.8858796296296297 0.4145833333333334 0.07303240740740762 0.11817129629629619
2 0.8558159722222222 0.2969039351851852 0.02436342592592595 0.025868055555555537
2 0.7499710648148148 0.3031539351851852 0.024537037037037024 0.030555555555555537
2 0.5706886574074075 0.327806712962963 0.01799768518518512 0.02251157407407405
2 0.629542824074074 0.32294560185185184 0.017881944444444464 0.01938657407407405
2 0.07259837962962963 0.40558449074074077 0.018229166666666675 0.028761574074074047