1 0.3328125 0.4171875 0.078125 0.06875
1 0.1265625 0.4125 0.0765625 0.0546875
1 0.2375 0.6140625 0.184375 0.1796875
1 0.1828125 0.528125 0.146875 0.0984375
3 0.0390625 0.5015625 0.0671875 0.06875
2 0.8875 0.6 0.0859375 0.1359375
2 0.20625 0.44375 0.0578125 0.0671875
2 0.240625 0.3578125 0.0328125 0.0328125
1 0.1 0.33125 0.0453125 0.0296875
1 0.221875 0.3328125 0.0359375 0.025
1 0.1921875 0.26875 0.046875 0.0328125
2 0.2796875 0.346875 0.0390625 0.034375
1 0.1046875 0.30625 0.0296875 0.0203125
1 0.1578125 0.334375 0.04375 0.03125
1 0.2203125 0.3421875 0.0375 0.0296875
0 0.6125 0.515625 0.4546875 0.328125
3 0.19375 0.7234375 0.065625 0.1140625
4 0.1171875 0.2546875 0.03125 0.028125
0 0.7328125 0.425 0.2640625 0.2375