1 0.403125 0.678125 0.190625 0.1
1 0.11875 0.4421875 0.0875 0.084375
1 0.7203125 0.4828125 0.109375 0.1109375
1 0.93125 0.375 0.078125 0.0609375
1 0.709375 0.34375 0.034375 0.0234375
1 0.225 0.334375 0.0375 0.0390625
1 0.2296875 0.6125 0.1734375 0.125
1 0.1828125 0.5359375 0.1421875 0.1078125
1 0.2328125 0.41875 0.1015625 0.0875
2 0.425 0.4421875 0.0515625 0.0765625
1 0.528125 0.465625 0.1140625 0.096875
1 0.384375 0.4328125 0.1 0.103125
2 0.2734375 0.35 0.040625 0.0359375
2 0.31875 0.3515625 0.0296875 0.05
0 0.0984375 0.309375 0.0734375 0.0734375
2 0.1015625 0.3375 0.0375 0.0359375
2 0.14375 0.3203125 0.021875 0.0328125
2 0.25625 0.325 0.0171875 0.0375
1 0.1375 0.3 0.0328125 0.0265625
1 0.16875 0.30625 0.028125 0.0265625
4 0.5375 0.3203125 0.071875 0.0375
4 0.1078125 0.271875 0.0296875 0.028125
4 0.128125 0.25625 0.0421875 0.034375
0 0.2875 0.2875 0.0453125 0.0328125
1 0.4578125 0.3078125 0.0171875 0.0296875
1 0.4796875 0.3140625 0.034375 0.0296875
2 0.8296875 0.4671875 0.0765625 0.109375
1 0.8765625 0.684375 0.2375 0.1921875
2 0.8375 0.3515625 0.0609375 0.034375
3 0.0359375 0.503125 0.0578125 0.1
3 0.0453125 0.41875 0.021875 0.0671875
3 0.0671875 0.425 0.028125 0.0625
3 0.034375 0.3875 0.0234375 0.0375
1 0.9859375 0.353125 0.028125 0.08125
0 0.178125 0.2640625 0.0296875 0.0296875