1 0.278125 0.4015625 0.06875 0.0609375
1 0.4125 0.4296875 0.1078125 0.071875
1 0.3625 0.3546875 0.0703125 0.0390625
2 0.5640625 0.453125 0.0734375 0.1125
2 0.2046875 0.378125 0.0296875 0.0515625
1 0.1671875 0.3390625 0.046875 0.0328125
1 0.1796875 0.5203125 0.1484375 0.08125
1 0.2265625 0.6140625 0.2234375 0.1578125
0 0.4859375 0.30625 0.1078125 0.05625
1 0.134375 0.459375 0.115625 0.0703125
2 0.1671875 0.4046875 0.028125 0.040625
2 0.09375 0.3140625 0.01875 0.0328125
2 0.21875 0.3296875 0.0265625 0.0375
3 0.0703125 0.4125 0.040625 0.0640625
3 0.034375 0.4953125 0.05625 0.0765625
1 0.39375 0.3890625 0.084375 0.028125
2 0.2515625 0.353125 0.046875 0.03125
1 0.190625 0.3109375 0.040625 0.0234375
3 0.0625 0.696875 0.075 0.0796875
1 0.89375 0.340625 0.0375 0.0265625
3 0.0515625 0.415625 0.025 0.0640625
3 0.25625 0.65625 0.065625 0.11875
3 0.0625 0.6203125 0.040625 0.0828125
2 0.1328125 0.340625 0.015625 0.0421875
1 0.134375 0.309375 0.021875 0.01875
2 0.153125 0.3140625 0.0125 0.0171875
1 0.1140625 0.3 0.0234375 0.0203125
1 0.0953125 0.2859375 0.0203125 0.0125
4 0.1953125 0.2734375 0.034375 0.025
1 0.240625 0.2859375 0.0203125 0.015625
2 0.7109375 0.34375 0.0234375 0.03125
4 0.5734375 0.325 0.0515625 0.03125