2 0.234375 0.3984375 0.0421875 0.0640625
1 0.2296875 0.6015625 0.215625 0.134375
1 0.159375 0.35 0.0578125 0.0484375
0 0.5953125 0.3640625 0.259375 0.1265625
1 0.2046875 0.3453125 0.0515625 0.0453125
1 0.925 0.3625 0.103125 0.05625
2 0.4234375 0.41875 0.0390625 0.06875
2 0.340625 0.4125 0.0421875 0.0671875
0 0.725 0.5921875 0.55 0.3765625
2 0.1359375 0.4390625 0.0515625 0.06875
2 0.2640625 0.3609375 0.0453125 0.0421875
1 0.1859375 0.5265625 0.1359375 0.0890625
1 0.128125 0.403125 0.08125 0.046875
3 0.0390625 0.5046875 0.0640625 0.0671875
3 0.0796875 0.7109375 0.0734375 0.071875
2 0.3703125 0.396875 0.0359375 0.0609375
1 0.3328125 0.35625 0.0625 0.0421875
4 0.23125 0.309375 0.05 0.04375
1 0.275 0.3234375 0.04375 0.015625
3 0.0890625 0.684375 0.0703125 0.1046875
3 0.084375 0.6453125 0.0421875 0.034375
3 0.046875 0.440625 0.0484375 0.065625
4 0.7625 0.46875 0.0140625 0.003125
1 0.8234375 0.35 0.059375 0.040625
0 0.4140625 0.296875 0.040625 0.0375
4 0.103125 0.2484375 0.03125 0.03125
4 0.2703125 0.28125 0.0484375 0.040625
2 0.3859375 0.365625 0.0265625 0.0515625
1 0.1296875 0.3046875 0.028125 0.0296875
1 0.1875 0.3109375 0.0296875 0.025
1 0.1421875 0.2953125 0.021875 0.0265625
2 0.0953125 0.31875 0.015625 0.028125
1 0.0984375 0.284375 0.0203125 0.015625
1 0.359375 0.303125 0.01875 0.0171875
3 0.2828125 0.709375 0.0640625 0.14375
3 0.4609375 0.70625 0.0890625 0.15
3 0.7625 0.34375 0.01875 0.0375