0 0.4895138888888889 0.309056712962963 0.11760416666666665 0.08391203703703702
1 0.23868055555555556 0.5618344907407408 0.2301388888888889 0.19415509259259256
1 0.1551215277777778 0.38402777777777775 0.11246527777777779 0.10868055555555553
2 0.2599652777777778 0.3387731481481482 0.04930555555555553 0.05642361111111107
2 0.32984375000000005 0.38425925925925924 0.06277777777777782 0.07876157407407405
1 0.20223958333333333 0.2859375 0.05670138888888889 0.04733796296296298
0 0.700390625 0.6289351851851852 0.59921875 0.4560185185185185
1 0.20336805555555557 0.4692708333333334 0.16281249999999997 0.11834490740740726
2 0.37192708333333335 0.34837962962962965 0.03312499999999998 0.04334490740740744
2 0.23276041666666664 0.305787037037037 0.04760416666666671 0.05324074074074074
2 0.4204340277777778 0.3868344907407407 0.03496527777777771 0.04965277777777786
3 0.06649305555555556 0.40804398148148147 0.07788194444444443 0.10271990740740744
2 0.43137152777777776 0.422337962962963 0.053125 0.07216435185185191
1 0.889375 0.46114004629629635 0.08284722222222243 0.03894675925925917
1 0.27565972222222224 0.30581597222222223 0.045486111111111074 0.04068287037037042
1 0.4501736111111111 0.371556712962963 0.05180555555555557 0.042476851851851904
1 0.20585069444444443 0.26189236111111114 0.05125000000000002 0.029976851851851817
1 0.4161458333333333 0.3429976851851852 0.06253472222222226 0.03819444444444446
2 0.4678993055555555 0.4018518518518518 0.03760416666666657 0.038831018518518515
2 0.3896875 0.3794560185185185 0.044756944444444446 0.059375
1 0.9223958333333332 0.46704282407407405 0.1334027777777777 0.053298611111111074
1 0.9955902777777779 0.5029224537037037 0.008819444444444357 0.0651041666666666
1 0.8003472222222221 0.42352430555555554 0.03399305555555543 0.027777777777777856
2 0.1693923611111111 0.24884259259259262 0.031215277777777793 0.03547453703703703
1 0.3912152777777778 0.6946180555555556 0.2349652777777777 0.1974537037037038
1 0.3287326388888889 0.32416087962962964 0.06465277777777781 0.05075231481481479
0 0.18336805555555555 0.1947627314814815 0.027604166666666652 0.02442129629629628
1 0.19 0.23868634259259255 0.03548611111111111 0.026273148148148094
2 0.13019097222222223 0.2442708333333333 0.023333333333333338 0.03362268518518512
1 0.14604166666666668 0.23237847222222224 0.03399305555555556 0.02777777777777777
2 0.27774305555555556 0.28249421296296295 0.027604166666666697 0.02442129629629628
3 0.08901041666666668 0.3355613425925926 0.04211805555555555 0.07019675925925925
1 0.09239583333333332 0.28888888888888886 0.07444444444444445 0.06047453703703702