2 0.2375 0.3328125 0.0109375 0.03125
1 0.240625 0.6015625 0.1609375 0.140625
0 0.6859375 0.546875 0.56875 0.3859375
0 0.5140625 0.3109375 0.096875 0.053125
0 0.1609375 0.26875 0.05 0.028125
4 0.8875 0.328125 0.2234375 0.10625
1 0.125 0.3703125 0.071875 0.053125
1 0.178125 0.5265625 0.13125 0.096875
3 0.2375 0.66875 0.0859375 0.1203125
3 0.3296875 0.6015625 0.05 0.071875
3 0.0390625 0.503125 0.0640625 0.0859375
3 0.053125 0.4125 0.0234375 0.065625
4 0.275 0.3625 0.090625 0.1
2 0.1671875 0.3453125 0.0265625 0.040625
2 0.203125 0.3578125 0.0203125 0.04375
2 0.1828125 0.325 0.0125 0.0328125
2 0.21875 0.3296875 0.0140625 0.028125
2 0.125 0.2953125 0.009375 0.0203125