1 0.2953125 0.45 0.134375 0.078125
1 0.846875 0.690625 0.30625 0.1796875
2 0.7421875 0.4453125 0.0703125 0.0796875
1 0.2390625 0.603125 0.203125 0.1484375
2 0.8015625 0.5265625 0.0796875 0.11875
1 0.446875 0.409375 0.09375 0.0578125
1 0.1859375 0.5390625 0.159375 0.1203125
1 0.43125 0.49375 0.1640625 0.121875
1 0.2546875 0.334375 0.05 0.0328125
2 0.975 0.546875 0.05 0.0984375
2 0.23125 0.378125 0.0359375 0.05
1 0.2171875 0.3234375 0.0453125 0.03125
4 0.4984375 0.309375 0.1078125 0.0578125
2 0.1203125 0.3265625 0.0171875 0.03125
2 0.6015625 0.5421875 0.0859375 0.1328125
1 0.1609375 0.321875 0.040625 0.03125
3 0.0390625 0.425 0.034375 0.0875
1 0.2578125 0.325 0.046875 0.0234375
1 0.090625 0.3984375 0.0625 0.0515625
2 0.975 0.5203125 0.0484375 0.0421875
2 0.1546875 0.33125 0.0140625 0.0203125
1 0.178125 0.3625 0.05625 0.0390625
3 0.2734375 0.6546875 0.1109375 0.153125
3 0.078125 0.671875 0.1015625 0.109375
3 0.0390625 0.503125 0.0703125 0.084375
3 0.165625 0.43125 0.0484375 0.0859375
3 0.0734375 0.421875 0.03125 0.0828125
1 0.090625 0.29375 0.028125 0.01875
2 0.1015625 0.3078125 0.0125 0.0296875
4 0.1421875 0.2828125 0.046875 0.04375
2 0.509375 0.40625 0.034375 0.06875
2 0.51875 0.46875 0.053125 0.096875