1 0.3869097222222222 0.46125 0.1272222222222222 0.12302083333333336
1 0.6822048611111111 0.5077604166666667 0.1977430555555557 0.12927083333333336
4 0.9135937500000001 0.6399826388888888 0.11600694444444457 0.25701388888888876
2 0.3265277777777778 0.37986111111111115 0.041631944444444444 0.058680555555555534
1 0.19315972222222225 0.5709201388888889 0.19944444444444445 0.13243055555555544
1 0.15967013888888887 0.4990798611111112 0.16076388888888887 0.10503472222222214
4 0.7421527777777778 0.3355034722222222 0.121875 0.07295138888888886
1 0.6464409722222222 0.43440972222222224 0.15958333333333333 0.07847222222222214
1 0.40342013888888884 0.38829861111111114 0.09618055555555553 0.056770833333333395
2 0.2685763888888889 0.41939236111111117 0.04857638888888891 0.07444444444444435
1 0.10057291666666665 0.42390625000000004 0.11232638888888888 0.10395833333333329
1 0.23138888888888887 0.37807291666666665 0.06506944444444444 0.05920138888888893
2 0.25116319444444446 0.3370486111111111 0.03399305555555561 0.027291666666666714
1 0.05336805555555556 0.34456597222222224 0.08503472222222223 0.05184027777777782
1 0.6317013888888889 0.6080034722222223 0.21208333333333335 0.20607638888888893
2 0.08100694444444445 0.2846354166666667 0.02291666666666665 0.023923611111111142
1 0.9337847222222223 0.3788541666666666 0.08489583333333357 0.04871527777777782
1 0.14506944444444442 0.2832118055555556 0.03618055555555557 0.04138888888888888
3 0.03526041666666667 0.38321180555555556 0.027916666666666666 0.06618055555555555
3 0.02772569444444444 0.47489583333333335 0.05545138888888888 0.0734375
4 0.5309201388888889 0.3643923611111111 0.12736111111111104 0.12614583333333335
3 0.2226736111111111 0.6444097222222223 0.06357638888888886 0.13097222222222218
3 0.025034722222222222 0.34987847222222224 0.016875000000000008 0.028472222222222232
2 0.11609375 0.3205381944444444 0.019201388888888893 0.04569444444444448
2 0.12482638888888889 0.28210069444444447 0.01687500000000002 0.028472222222222232
2 0.18461805555555558 0.3065277777777778 0.01722222222222225 0.03628472222222223
1 0.21930555555555556 0.3338541666666667 0.02965277777777775 0.03499999999999996
1 0.20810763888888886 0.3223958333333333 0.040868055555555574 0.04149305555555553
1 0.20732638888888885 0.28729166666666667 0.032638888888888926 0.03194444444444446
1 0.16871527777777778 0.2780034722222222 0.024479166666666698 0.023958333333333394
1 0.11043402777777778 0.27227430555555554 0.024548611111111108 0.025520833333333305
4 0.269375 0.2609375 0.04840277777777775 0.035416666666666693