3 0.16480324074074076 0.7543460648148148 0.13056712962962963 0.12396990740740747
3 0.16159143518518518 0.7659490740740741 0.11961805555555553 0.09712962962962965
1 0.3170138888888889 0.6644907407407408 0.26350694444444445 0.2090162037037036
1 0.23909143518518522 0.5997916666666667 0.21045138888888887 0.15597222222222218
1 0.36482638888888885 0.49745370370370373 0.15197916666666664 0.1168055555555556
1 0.6408564814814814 0.44402199074074067 0.18738425925925917 0.16152777777777771
2 0.541695601851852 0.5736631944444445 0.1257986111111112 0.14878472222222214
2 0.6277141203703703 0.551255787037037 0.10070601851851854 0.14648148148148152
2 0.8866666666666667 0.4333680555555556 0.12468749999999992 0.13003472222222215
1 0.25714699074074077 0.4833449074074074 0.11751157407407406 0.11422453703703699
3 0.07718171296296296 0.5786168981481481 0.09214120370370368 0.10723379629629619
3 0.08103587962962963 0.5646932870370371 0.10225694444444444 0.12001157407407419
1 0.4181597222222222 0.4499016203703704 0.12789351851851852 0.10517361111111115
2 0.5341782407407407 0.5126099537037037 0.10501157407407398 0.11385416666666667
2 0.4993692129629629 0.4647858796296296 0.07696759259259274 0.08806712962962955
2 0.4860185185185185 0.4105787037037037 0.058946759259259275 0.07349537037037042
2 0.5103356481481482 0.4261168981481481 0.06638888888888879 0.0674768518518519
3 0.08037037037037036 0.5139814814814815 0.04643518518518519 0.04660879629629626
3 0.11450810185185185 0.4978356481481481 0.058680555555555534 0.09532407407407409
2 0.1633622685185185 0.5063020833333333 0.09011574074074073 0.09937499999999985
1 0.09262152777777778 0.4706712962962962 0.0913888888888889 0.06821759259259252
3 0.07626736111111111 0.484224537037037 0.04836805555555557 0.052905092592592594
1 0.29116319444444444 0.3993460648148148 0.07622685185185185 0.07556712962962955
2 0.29879629629629634 0.40971064814814817 0.05020833333333332 0.05763888888888893
2 0.3243055555555555 0.41904513888888884 0.0459837962962963 0.06531249999999993
2 0.3502719907407407 0.42293402777777783 0.039270833333333324 0.05731481481481478
1 0.15126157407407406 0.4731886574074074 0.09700231481481483 0.08398148148148152
1 0.40361689814814816 0.40189814814814817 0.09460648148148146 0.06987268518518519
2 0.17770833333333333 0.419380787037037 0.03393518518518519 0.046238425925925954
1 0.226880787037037 0.42005787037037035 0.08697916666666669 0.07276620370370371
1 0.0632349537037037 0.4222280092592593 0.06206018518518519 0.04707175925925924
1 0.11860532407407406 0.40905092592592596 0.05755787037037039 0.05005787037037042
1 0.25208912037037035 0.3716724537037037 0.05387731481481488 0.04059027777777775
2 0.14650462962962965 0.41923611111111114 0.02777777777777777 0.04761574074074062
2 0.19048032407407406 0.41118055555555555 0.01987268518518519 0.04582175925925931
4 0.2128877314814815 0.3681712962962963 0.045509259259259235 0.030983796296296263
1 0.19662615740740744 0.38328703703703704 0.04229166666666666 0.029328703703703773
1 0.1652951388888889 0.40731481481481485 0.054618055555555586 0.05309027777777775
1 0.13568287037037036 0.36822337962962964 0.037511574074074086 0.027627314814814775
2 0.08118634259259258 0.38298611111111114 0.026574074074074083 0.027303240740740708
2 0.09984375000000001 0.38197916666666665 0.02510416666666666 0.028819444444444463
1 0.065 0.3598900462962963 0.032638888888888884 0.02436342592592595
2 0.08159143518518519 0.3635011574074074 0.018298611111111106 0.01925925925925922
1 0.17557291666666666 0.3701851851851852 0.041006944444444436 0.03396990740740744
2 0.09974537037037037 0.3671585648148148 0.020138888888888883 0.023993055555555642
1 0.09771990740740741 0.3592997685185185 0.03447916666666666 0.029097222222222285
1 0.3514756944444445 0.33796296296296297 0.047534722222222214 0.038842592592592595
3 0.4003703703703703 0.33395254629629634 0.015081018518518619 0.017604166666666643
1 0.4174652777777778 0.3328993055555555 0.028229166666666573 0.02891203703703704
4 0.4677372685185185 0.32581018518518523 0.08458333333333332 0.058657407407407366
4 0.5297337962962964 0.3323263888888889 0.05203703703703688 0.03585648148148142
4 0.6007754629629629 0.3203935185185185 0.07208333333333332 0.05828703703703706
1 0.672332175925926 0.3303125 0.08265046296296301 0.05236111111111112
1 0.7718692129629631 0.32546296296296295 0.08853009259259252 0.04629629629629637
1 0.8117534722222223 0.31416666666666665 0.06684027777777786 0.04877314814814815
4 0.910144675925926 0.3163020833333333 0.16612268518518505 0.0922685185185185
1 0.2925173611111111 0.3432349537037037 0.032453703703703686 0.021238425925925952
1 0.23745949074074074 0.3353645833333333 0.02289351851851853 0.017835648148148132