1 0.5875 0.49375 0.1734375 0.0984375
1 0.2390625 0.60625 0.19375 0.146875
1 0.1828125 0.5265625 0.1484375 0.0953125
1 0.21875 0.4125 0.0734375 0.0765625
4 0.8578125 0.4171875 0.278125 0.2015625
2 0.2453125 0.3421875 0.034375 0.0296875
2 0.2578125 0.371875 0.040625 0.040625
1 0.1796875 0.3453125 0.0390625 0.040625
2 0.1 0.3015625 0.0265625 0.025
3 0.0546875 0.428125 0.034375 0.0421875
2 0.375 0.440625 0.046875 0.078125
2 0.3109375 0.3640625 0.028125 0.0390625
2 0.43125 0.4359375 0.0453125 0.0796875
3 0.08125 0.6796875 0.10625 0.0984375
3 0.0390625 0.4953125 0.065625 0.1
2 0.1375 0.44375 0.05 0.084375
1 0.125 0.4140625 0.09375 0.06875
1 0.309375 0.4234375 0.0875 0.0765625
2 0.0953125 0.3375 0.04375 0.040625
2 0.13125 0.3375 0.015625 0.040625
2 0.15 0.3453125 0.0171875 0.046875
1 0.390625 0.38125 0.0828125 0.0625
1 0.4640625 0.315625 0.01875 0.0265625
1 0.1875 0.3140625 0.046875 0.034375