0 0.3911458333333333 0.3515914351851852 0.2427083333333334 0.2356481481481481
3 0.7793229166666666 0.5070601851851853 0.36052083333333335 0.277025462962963
1 0.6253125 0.5757233796296296 0.20791666666666658 0.15688657407407405
0 0.24958333333333335 0.28046875 0.1380208333333334 0.1346064814814815
1 0.24177083333333335 0.5480902777777777 0.2728125 0.22077546296296297
1 0.18989583333333332 0.3296875 0.08885416666666668 0.0734375
1 0.4598958333333333 0.5899016203703704 0.1694791666666667 0.1866898148148149
1 0.824453125 0.8388888888888889 0.3510937500000001 0.26163194444444426
1 0.8784375000000001 0.7578703703703704 0.24312499999999987 0.1955439814814813
1 0.9061979166666667 0.6878182870370371 0.18760416666666657 0.13894675925925917
3 0.23270833333333335 0.6337094907407408 0.1041666666666666 0.11655092592592595
3 0.22130208333333332 0.39265046296296297 0.06635416666666671 0.062442129629629584
1 0.49328125 0.379369212962963 0.06583333333333333 0.054629629629629584
1 0.21786458333333333 0.45769675925925923 0.17708333333333331 0.1375
3 0.08807291666666667 0.5747974537037037 0.10885416666666667 0.14021990740740745
3 0.09932291666666666 0.37039930555555556 0.08093750000000002 0.11793981481481489
3 0.070625 0.3597222222222222 0.08260416666666666 0.11961805555555553
3 0.15864583333333332 0.3856770833333333 0.07010416666666668 0.09537037037037041
1 0.9706770833333334 0.565306712962963 0.058645833333333286 0.08315972222222215
3 0.11494791666666666 0.3015914351851852 0.06291666666666665 0.057523148148148094
2 0.1778125 0.2533854166666667 0.029270833333333357 0.04259259259259256
1 0.14156249999999998 0.24603587962962964 0.03718750000000002 0.04473379629629628
3 0.13354166666666667 0.2190104166666667 0.02010416666666668 0.02170138888888893
2 0.15890625 0.2263310185185185 0.022395833333333347 0.032754629629629585
1 0.19588541666666667 0.22129629629629627 0.02833333333333332 0.02853009259259256
2 0.5088541666666666 0.47303240740740743 0.12062500000000007 0.1302083333333332
2 0.5905208333333334 0.450318287037037 0.041770833333333354 0.06684027777777786
1 0.5205208333333333 0.344849537037037 0.031145833333333428 0.024074074074074046
1 0.60453125 0.38061342592592595 0.04281250000000014 0.035821759259259345
1 0.9397916666666667 0.523611111111111 0.03645833333333357 0.03379629629629619
2 0.8614062499999999 0.6188657407407407 0.06104166666666657 0.0760416666666666
1 0.670625 0.5324363425925925 0.1430208333333333 0.11631944444444428