2 0.6466840277777778 0.6372685185185185 0.13256944444444443 0.1575925925925926
2 0.35355902777777776 0.4303877314814815 0.08260416666666667 0.10315972222222225
1 0.20487847222222225 0.46603009259259254 0.1709837962962963 0.13803240740740746
1 0.23640046296296297 0.5560243055555556 0.22435185185185186 0.20202546296296298
1 0.46652777777777776 0.47919560185185184 0.13945601851851847 0.12680555555555556
1 0.21497685185185186 0.3067534722222222 0.08167824074074073 0.07190972222222225
1 0.36941550925925926 0.33384259259259264 0.07023148148148142 0.05407407407407412
1 0.49760416666666674 0.4225462962962963 0.08898148148148159 0.055185185185185226
2 0.26830439814814816 0.29041666666666666 0.030937500000000017 0.04394675925925924
1 0.16649884259259257 0.32883680555555556 0.10534722222222222 0.08111111111111109
0 0.17438078703703702 0.2263599537037037 0.07207175925925924 0.06354166666666661
3 0.4051388888888889 0.7235590277777778 0.13849537037037027 0.1470254629629629
3 0.06495370370370371 0.6129340277777777 0.09833333333333334 0.16024305555555554
3 0.08250578703703704 0.38936921296296295 0.07070601851851852 0.12273148148148146
2 0.1683912037037037 0.36638310185185186 0.06178240740740741 0.08476851851851848
2 0.5263020833333334 0.4172280092592592 0.07069444444444457 0.06969907407407412
1 0.8707986111111111 0.4891145833333333 0.09844907407407391 0.05886574074074069
1 0.9563310185185184 0.5099247685185185 0.08733796296296319 0.05849537037037038
1 0.9693055555555556 0.545318287037037 0.061388888888888715 0.06225694444444443
1 0.4848784722222222 0.3352256944444444 0.05423611111111128 0.04064814814814817
2 0.20965856481481482 0.25886574074074076 0.02914351851851853 0.03604166666666666
1 0.23523148148148149 0.2533622685185185 0.036817129629629616 0.03181712962962964
1 0.29562499999999997 0.29125578703703703 0.02771990740740744 0.04063657407407408
2 0.5660879629629629 0.36499421296296297 0.025925925925925953 0.03273148148148151