1 0.2359375 0.60625 0.1875 0.14375
1 0.184375 0.53125 0.146875 0.096875
2 0.3328125 0.384375 0.0359375 0.0484375
1 0.11875 0.40625 0.065625 0.059375
2 0.8 0.5375 0.13125 0.14375
0 0.9296875 0.71875 0.1375 0.121875
3 0.3140625 0.640625 0.1125 0.08125
1 0.909375 0.475 0.171875 0.0765625
1 0.19375 0.4453125 0.115625 0.06875
1 0.2625 0.3359375 0.0578125 0.0359375
4 0.5359375 0.4359375 0.225 0.2296875
2 0.21875 0.3796875 0.053125 0.0515625
1 0.1265625 0.334375 0.040625 0.046875
3 0.0859375 0.6625 0.0515625 0.0734375
1 0.20625 0.3375 0.0484375 0.0328125
1 0.9484375 0.54375 0.090625 0.1203125
3 0.0640625 0.4046875 0.046875 0.059375
3 0.0703125 0.515625 0.0296875 0.1421875
3 0.059375 0.4734375 0.0578125 0.090625
1 0.0703125 0.3484375 0.025 0.0421875
2 0.165625 0.3359375 0.0328125 0.053125
4 0.153125 0.2875 0.0640625 0.0421875
2 0.0984375 0.3078125 0.0234375 0.0484375
4 0.26875 0.2875 0.05 0.0328125
1 0.35 0.3640625 0.090625 0.0609375
4 0.9828125 0.315625 0.034375 0.1578125
1 0.7484375 0.346875 0.046875 0.028125
2 0.7953125 0.353125 0.021875 0.03125
1 0.9171875 0.3609375 0.0859375 0.0546875