1 0.2375 0.6125 0.2 0.1484375
1 0.1828125 0.5390625 0.1515625 0.1234375
2 0.2796875 0.41875 0.05 0.0703125
1 0.121875 0.3109375 0.0328125 0.0296875
0 0.840625 0.5109375 0.3171875 0.3484375
1 0.1890625 0.33125 0.0546875 0.028125
2 0.2078125 0.3453125 0.0296875 0.040625
2 0.13125 0.4109375 0.0765625 0.071875
4 0.51875 0.321875 0.0671875 0.034375
1 0.15 0.303125 0.03125 0.0203125
3 0.065625 0.4125 0.0640625 0.1015625
1 0.790625 0.3453125 0.075 0.0359375
3 0.0390625 0.5 0.0640625 0.0859375
3 0.115625 0.4171875 0.03125 0.0875
3 0.075 0.3359375 0.0140625 0.0296875
2 0.08125 0.31875 0.01875 0.03125
4 0.1453125 0.2578125 0.0328125 0.0328125
4 0.2484375 0.2828125 0.0609375 0.028125
2 0.5734375 0.3265625 0.0203125 0.0234375
2 0.615625 0.33125 0.015625 0.021875
1 0.6546875 0.5234375 0.065625 0.1296875