1 0.7858680555555555 0.7590335648148148 0.3289583333333333 0.2391319444444445
3 0.07387152777777777 0.6263657407407408 0.0995486111111111 0.16835648148148152
0 0.4690104166666666 0.35329282407407403 0.13263888888888892 0.1053587962962963
0 0.5853993055555555 0.33879629629629626 0.1219444444444445 0.07539351851851847
1 0.24312499999999998 0.5549189814814814 0.23538194444444444 0.20515046296296297
3 0.5820659722222222 0.5095659722222223 0.06954861111111121 0.12533564814814824
1 0.6048958333333333 0.44392361111111106 0.09763888888888879 0.09027777777777786
3 0.3520486111111111 0.5128935185185185 0.06749999999999998 0.1143518518518519
1 0.3036458333333333 0.3015798611111111 0.05493055555555557 0.04219907407407408
1 0.16467013888888887 0.3520775462962963 0.09076388888888891 0.07603009259259261
1 0.20888888888888885 0.48680555555555555 0.1733680555555555 0.14401620370370374
1 0.37335069444444446 0.34265625 0.06635416666666671 0.053460648148148146
1 0.18421875000000001 0.2652719907407407 0.04350694444444443 0.03093749999999993
4 0.4412847222222222 0.2736689814814815 0.13194444444444448 0.0897337962962963
3 0.30026041666666664 0.6642824074074074 0.09340277777777777 0.13540509259259254
3 0.39649305555555553 0.6702546296296296 0.10625 0.21380787037037052
3 0.6091145833333333 0.5212905092592592 0.06246527777777775 0.1064004629629629
2 0.8827083333333334 0.5855729166666667 0.11072916666666685 0.13903935185185184
2 0.27034722222222224 0.3598900462962963 0.0483680555555555 0.0700925925925926
2 0.34307291666666667 0.3636053240740741 0.04204861111111109 0.06834490740740744
2 0.41590277777777784 0.40477430555555555 0.0500694444444445 0.07326388888888893
2 0.66078125 0.45494212962962965 0.05701388888888879 0.08907407407407408
2 0.3190277777777778 0.3316840277777778 0.038437500000000034 0.05731481481481478
2 0.26428819444444446 0.31133680555555554 0.036666666666666715 0.05258101851851853
2 0.21088541666666666 0.3035127314814815 0.031909722222222214 0.05087962962962962
2 0.14383680555555556 0.269537037037037 0.03659722222222221 0.05101851851851853
1 0.11335069444444446 0.3209085648148148 0.07749999999999999 0.05847222222222222
3 0.21440972222222224 0.40036458333333336 0.05298611111111109 0.06866898148148141
3 0.07864583333333333 0.40024305555555556 0.07267361111111112 0.12542824074074072
1 0.23272569444444446 0.2682696759259259 0.03718749999999993 0.029189814814814773
0 0.20057291666666668 0.21192129629629627 0.04555555555555557 0.04192129629629626