1 0.5898842592592592 0.4143055555555556 0.13978009259259244 0.09996527777777775
1 0.4821006944444445 0.42060763888888886 0.11936342592592589 0.08545138888888885
1 0.7915914351851852 0.5348437500000001 0.25303240740740734 0.20402777777777778
4 0.18701388888888887 0.45763888888888893 0.3692361111111111 0.28472222222222215
1 0.17478587962962963 0.6001215277777778 0.2967592592592593 0.20187500000000008
1 0.7307118055555556 0.33303819444444444 0.11781249999999996 0.08697916666666669
2 0.37405671296296295 0.49723958333333335 0.09141203703703704 0.1082638888888889
4 0.7465625 0.2576736111111111 0.07392361111111115 0.0672569444444445
2 0.7287847222222222 0.3893402777777778 0.059965277777777715 0.08100694444444442
1 0.5808680555555557 0.35746527777777776 0.09883101851851847 0.055312499999999966
3 0.9545891203703704 0.38744791666666667 0.07400462962962955 0.07819444444444441
1 0.4553298611111112 0.39307291666666666 0.10833333333333321 0.07270833333333329
1 0.6724247685185185 0.27026041666666667 0.047106481481481485 0.0322916666666667
1 0.17767939814814815 0.7797743055555555 0.2623379629629629 0.1948611111111113
3 0.9598437499999999 0.5787152777777778 0.08031250000000015 0.10500000000000007
1 0.8174710648148148 0.4420659722222222 0.1602546296296296 0.12229166666666665
1 0.8533159722222223 0.21779513888888888 0.05498842592592581 0.04184027777777777
3 0.569675925925926 0.7452777777777777 0.06594907407407398 0.04520833333333343
2 0.6212962962962962 0.32999999999999996 0.04103009259259256 0.05559027777777779
1 0.6798784722222222 0.3271354166666667 0.06293981481481481 0.06076388888888893
1 0.8083217592592593 0.26177083333333334 0.09413194444444457 0.0536458333333333
2 0.7163078703703704 0.28725694444444444 0.03616898148148149 0.032048611111111035
1 0.8150462962962963 0.22020833333333334 0.045509259259259235 0.027569444444444445
1 0.5339236111111111 0.34913194444444445 0.06755787037037031 0.0514930555555555
3 0.9390625 0.6120486111111111 0.06590277777777764 0.03895833333333343
3 0.9274768518518517 0.31381944444444443 0.03790509259259238 0.05552083333333328
3 0.8518981481481482 0.3428472222222222 0.044305555555555286 0.07597222222222219
3 0.9241435185185185 0.2857638888888889 0.03623842592592581 0.041423611111111126
1 0.7098611111111112 0.26083333333333336 0.03774305555555557 0.033645833333333285
1 0.8216203703703704 0.26381944444444444 0.040972222222222146 0.04777777777777779
2 0.8022974537037036 0.2923784722222222 0.03482638888888907 0.061701388888888965
1 0.7823726851851852 0.23968749999999997 0.02833333333333332 0.028749999999999963
1 0.5163599537037037 0.2987326388888889 0.03456018518518533 0.025763888888888874
1 0.4727604166666667 0.3200173611111111 0.03925925925925924 0.027430555555555534
1 0.43605324074074076 0.3223958333333333 0.04871527777777782 0.038576388888888855
1 0.5919502314814815 0.2712673611111111 0.023587962962962904 0.020833333333333304