4 0.3252951388888889 0.28383680555555557 0.21820601851851854 0.14232638888888882
1 0.777505787037037 0.41734375 0.056655092592592736 0.05593749999999993
1 0.8752662037037038 0.5109375 0.09267361111111114 0.06767361111111114
2 0.6641319444444445 0.42732638888888885 0.055092592592592735 0.05590277777777786
2 0.07469328703703704 0.4650173611111111 0.1182638888888889 0.14791666666666678
2 0.7062268518518519 0.44076388888888884 0.05511574074074073 0.05902777777777786
1 0.7153877314814816 0.6808506944444443 0.23582175925925916 0.2005208333333332
3 0.656875 0.563125 0.06795138888888878 0.1046180555555555
0 0.8705671296296295 0.4069097222222222 0.10218750000000014 0.08663194444444447
2 0.4822222222222223 0.406875 0.05370370370370381 0.0793055555555556
3 0.9463194444444444 0.6234722222222222 0.07711805555555529 0.076701388888889
1 0.7964236111111112 0.6060763888888889 0.17276620370370388 0.12413194444444428
1 0.1361747685185185 0.2874479166666667 0.11613425925925927 0.07131944444444445
4 0.675775462962963 0.3322569444444444 0.1162268518518518 0.08381944444444445
2 0.0565625 0.2755208333333333 0.05037037037037036 0.05111111111111111
0 0.9308043981481482 0.39730902777777777 0.05826388888888871 0.06222222222222218
0 0.5149247685185185 0.31696180555555553 0.08945601851851848 0.05510416666666664
3 0.9352372685185184 0.5372743055555556 0.042743055555555284 0.07593750000000003
3 0.8444849537037037 0.44696180555555554 0.03472222222222214 0.047638888888888786
3 0.9397858796296298 0.4506423611111111 0.03157407407407433 0.04444444444444447
1 0.5788136574074074 0.34182291666666664 0.04243055555555557 0.03375000000000004