1 0.14666666666666667 0.45994212962962966 0.24520833333333333 0.19800925925925927
1 0.52953125 0.5039293981481482 0.1692708333333332 0.13334490740740748
2 0.6675520833333334 0.4488020833333334 0.057187499999999857 0.0636921296296297
1 0.8416145833333333 0.64234375 0.16916666666666663 0.1317824074074075
1 0.77015625 0.7032581018518519 0.23937500000000006 0.2039351851851851
1 0.6790104166666666 0.5389293981481481 0.15145833333333325 0.12307870370370359
1 0.786875 0.5336226851851852 0.10677083333333322 0.10674768518518522
1 0.7329687500000001 0.4490798611111111 0.0861458333333335 0.07765046296296294
1 0.7971875 0.47810185185185183 0.07385416666666664 0.056770833333333215
2 0.36140625000000004 0.5746238425925926 0.13947916666666665 0.17695601851851847
2 0.8661979166666667 0.48557291666666663 0.050729166666666714 0.060243055555555536
2 0.9043229166666666 0.5786400462962963 0.08010416666666664 0.10380787037037038
1 0.15276041666666668 0.27107060185185183 0.13343750000000001 0.08633101851851847
1 0.9277604166666666 0.4864293981481481 0.05593749999999993 0.04494212962962969
2 0.4476041666666667 0.4078125 0.05510416666666664 0.07915509259259253
2 0.06401041666666667 0.598130787037037 0.05802083333333332 0.1462615740740741
2 0.4878645833333334 0.4394849537037038 0.0625 0.07331018518518526
3 0.9801822916666666 0.570474537037037 0.03963541666666685 0.07751157407407412
4 0.3803125 0.29766203703703703 0.21447916666666672 0.13413194444444443
1 0.8458333333333332 0.43702546296296296 0.04281250000000014 0.034918981481481384
1 0.556875 0.43527777777777776 0.12135416666666679 0.09193287037037035
3 0.9706770833333334 0.6654629629629629 0.058645833333333286 0.09039351851851851
3 0.5489062499999999 0.7828761574074075 0.07020833333333343 0.07215277777777782
2 0.3847395833333333 0.46917245370370375 0.07437499999999994 0.11129629629629641
3 0.92015625 0.8161400462962962 0.11833333333333336 0.11668981481481495
1 0.915625 0.5496412037037037 0.109375 0.09909722222222221
2 0.9502604166666668 0.46190393518518513 0.03187500000000014 0.034351851851851835
2 0.7521354166666667 0.4679803240740741 0.03687500000000003 0.06263888888888883
2 0.6959375 0.4541666666666666 0.039999999999999855 0.06280092592592582
2 0.4180208333333333 0.41951388888888885 0.06666666666666679 0.08909722222222224
2 0.24177083333333335 0.520150462962963 0.13218750000000004 0.1610069444444445
2 0.19255208333333335 0.6460590277777778 0.15531250000000002 0.15753472222222237
4 0.7970833333333334 0.4181481481481482 0.04885416666666664 0.03211805555555571
2 0.7830208333333333 0.4407754629629629 0.030000000000000072 0.029583333333333427
4 0.7560416666666667 0.4214699074074074 0.04562500000000007 0.03039351851851855
1 0.89453125 0.44344328703703706 0.047812499999999855 0.039849537037036954
2 0.9240104166666667 0.4535358796296297 0.0171875 0.02424768518518512
2 0.9040104166666666 0.4922048611111111 0.02979166666666657 0.049814814814814846
3 0.9308854166666667 0.5566608796296297 0.033645833333333285 0.06091435185185183
2 0.83234375 0.456568287037037 0.04635416666666643 0.041331018518518545