1 0.8380555555555557 0.38329861111111113 0.03243055555555543 0.028182870370370417
1 0.5699479166666667 0.5134780092592592 0.11614583333333321 0.12293981481481495
0 0.08183159722222222 0.30486111111111114 0.16366319444444444 0.1333449074074074
1 0.7339930555555556 0.6457060185185185 0.18107638888888894 0.11071759259259259
1 0.8220833333333333 0.53125 0.14166666666666677 0.10087962962962962
1 0.7916493055555556 0.599363425925926 0.15940972222222208 0.11427083333333332
2 0.42614583333333333 0.48957754629629624 0.09399305555555557 0.1155555555555555
1 0.04930555555555556 0.5296412037037037 0.09861111111111112 0.15303240740740734
2 0.7227951388888889 0.4219560185185186 0.02993055555555557 0.04208333333333343
3 0.9325694444444445 0.5119212962962962 0.0453125 0.07249999999999997
1 0.8481770833333332 0.41984374999999996 0.04413194444444457 0.045937499999999964
1 0.7889409722222223 0.4136400462962963 0.037534722222222074 0.03780092592592599
1 0.6934375 0.3953761574074074 0.05621527777777775 0.03721064814814819
2 0.7515451388888889 0.40935185185185186 0.028298611111111073 0.040439814814814845
2 0.8809895833333334 0.4215451388888889 0.02993055555555557 0.04208333333333343
1 0.5449305555555556 0.42447916666666663 0.090486111111111 0.0717245370370371
1 0.6550868055555557 0.46542824074074074 0.07861111111111115 0.08513888888888879
1 0.6685763888888889 0.4261921296296297 0.06715277777777792 0.037777777777777646
2 0.3518923611111111 0.5217476851851852 0.0706944444444444 0.11746527777777782
3 0.6183506944444443 0.6224826388888889 0.05336805555555557 0.11344907407407412
2 0.5983854166666667 0.5783796296296296 0.04489583333333336 0.13327546296296297
3 0.9362152777777777 0.6060763888888889 0.060798611111111 0.07018518518518527
3 0.9111979166666666 0.5170775462962963 0.03486111111111114 0.08287037037037041
2 0.7675868055555556 0.40078703703703705 0.01565972222222207 0.036666666666666715
1 0.6651736111111111 0.3970428240740741 0.052881944444444426 0.032361111111111104
1 0.9150173611111111 0.3959027777777778 0.03072916666666643 0.024976851851851833
2 0.8900173611111111 0.3946064814814815 0.011770833333333286 0.019317129629629635
2 0.8754513888888888 0.3875868055555556 0.011979166666666785 0.024004629629629636
2 0.8425694444444446 0.38744791666666667 0.010000000000000142 0.014548611111111142
2 0.92671875 0.4145196759259259 0.01694444444444443 0.03049768518518512
1 0.8196180555555556 0.41053240740740743 0.027881944444444428 0.031064814814814667
4 0.6871006944444444 0.34414930555555556 0.06288194444444457 0.04690972222222225
3 0.7037847222222222 0.7263599537037038 0.07052083333333332 0.14863425925925924
3 0.8687326388888887 0.767800925925926 0.07986111111111142 0.11326388888888897