2 0.4219965277777778 0.49954282407407413 0.07402777777777772 0.09900462962962955
1 0.17824652777777777 0.5978587962962963 0.17322916666666668 0.13629629629629642
1 0.2526215277777778 0.6633854166666666 0.21802083333333339 0.18446759259259266
2 0.33468749999999997 0.4883564814814815 0.0723263888888889 0.09270833333333321
2 0.23100694444444442 0.43994212962962964 0.05298611111111118 0.06559027777777775
1 0.10171875 0.5236689814814814 0.11805555555555554 0.11280092592592598
2 0.5690104166666667 0.5328240740740741 0.09840277777777776 0.141886574074074
1 0.11972222222222224 0.3819212962962963 0.03819444444444446 0.032361111111111104
1 0.5822743055555556 0.4636400462962963 0.1761111111111111 0.1254513888888889
3 0.03279513888888889 0.49426504629629625 0.03576388888888889 0.06351851851851861
3 0.031640625 0.5793287037037037 0.06328125 0.10359953703703706
2 0.32729166666666665 0.39901620370370366 0.03375000000000004 0.0431597222222222
1 0.22796875 0.40076388888888886 0.05697916666666662 0.03447916666666675
1 0.09626736111111112 0.4171875 0.05899305555555556 0.05483796296296291
3 0.28692708333333333 0.7027083333333334 0.10368055555555555 0.16858796296296283
1 0.38928819444444446 0.42352430555555554 0.09697916666666676 0.07782407407407418
1 0.2698263888888889 0.4168576388888889 0.08440972222222225 0.0743287037037037
2 0.17524305555555558 0.41640046296296296 0.025972222222222195 0.044490740740740796
4 0.16506944444444444 0.3817013888888889 0.04947916666666665 0.04831018518518526
4 0.08690972222222222 0.34576967592592595 0.06076388888888888 0.06425925925925924
1 0.04300347222222222 0.3866840277777778 0.035277777777777776 0.04164351851851853