1 0.1828125 0.5265625 0.1484375 0.096875
1 0.2375 0.6109375 0.2 0.1484375
0 0.79375 0.6171875 0.4109375 0.328125
4 0.85625 0.39375 0.2875 0.1234375
2 0.2984375 0.35 0.0359375 0.0421875
4 0.3671875 0.3578125 0.1046875 0.1
1 0.1328125 0.409375 0.0640625 0.0546875
2 0.278125 0.475 0.0578125 0.0921875
1 0.140625 0.33125 0.0359375 0.04375
2 0.20625 0.3515625 0.021875 0.034375
3 0.44375 0.6703125 0.0703125 0.1796875
3 0.5625 0.6875 0.0734375 0.1875
3 0.5140625 0.7234375 0.046875 0.115625
3 0.071875 0.6953125 0.084375 0.134375
3 0.053125 0.4828125 0.0375 0.109375
3 0.0875 0.4765625 0.028125 0.096875
3 0.1078125 0.453125 0.0234375 0.084375
3 0.1921875 0.45 0.034375 0.05625
2 0.3609375 0.3984375 0.0375 0.06875
2 0.1453125 0.3484375 0.0203125 0.0484375
1 0.1765625 0.309375 0.028125 0.0234375
1 0.11875 0.303125 0.028125 0.021875
1 0.19375 0.315625 0.0390625 0.01875
4 0.2421875 0.2765625 0.0484375 0.0375
4 0.1203125 0.25625 0.0296875 0.025
1 0.3265625 0.296875 0.0265625 0.0171875
2 0.653125 0.3359375 0.0203125 0.03125
2 0.5953125 0.3296875 0.025 0.0234375
2 0.4953125 0.31875 0.0140625 0.01875