0 0.7015625 0.5578125 0.5453125 0.3828125
0 0.4078125 0.290625 0.09375 0.040625
1 0.1796875 0.3515625 0.05625 0.05
1 0.115625 0.4515625 0.1046875 0.0875
1 0.403125 0.68125 0.203125 0.0890625
1 0.7390625 0.3375 0.0390625 0.03125
2 0.334375 0.39375 0.025 0.0609375
2 0.2234375 0.365625 0.0203125 0.05
2 0.23125 0.3453125 0.015625 0.0234375
2 0.2640625 0.4 0.0265625 0.05625
2 0.409375 0.409375 0.03125 0.06875
2 0.3765625 0.4453125 0.0390625 0.08125
2 0.3578125 0.3703125 0.0203125 0.046875
2 0.1234375 0.31875 0.01875 0.034375
2 0.090625 0.3234375 0.015625 0.0296875
2 0.1625 0.30625 0.015625 0.015625
1 0.10625 0.3015625 0.0296875 0.0234375
1 0.14375 0.2984375 0.028125 0.0234375
1 0.1734375 0.528125 0.121875 0.1
1 0.2375 0.6046875 0.1625 0.1453125
1 0.96796875 0.5984375 0.0640625 0.15625