1 0.5953125 0.4953125 0.175 0.1078125
1 0.2453125 0.3484375 0.0484375 0.03125
1 0.2984375 0.3390625 0.0546875 0.04375
1 0.2296875 0.6109375 0.178125 0.15
1 0.18125 0.5265625 0.1421875 0.0953125
2 0.784375 0.615625 0.1 0.1734375
2 0.765625 0.490625 0.0734375 0.1078125
1 0.471875 0.384375 0.0953125 0.0671875
1 0.1171875 0.4515625 0.1 0.0859375
1 0.446875 0.44375 0.109375 0.0875
1 0.115625 0.340625 0.0359375 0.0296875
1 0.20625 0.3953125 0.065625 0.06875
3 0.03125 0.5078125 0.053125 0.071875
3 0.053125 0.415625 0.028125 0.075
1 0.6734375 0.3390625 0.065625 0.021875
4 0.34375 0.3671875 0.0796875 0.059375
1 0.159375 0.35 0.0328125 0.046875
2 0.115625 0.3109375 0.01875 0.0296875
1 0.090625 0.3234375 0.0328125 0.034375
3 0.2625 0.6578125 0.05625 0.159375
1 0.190625 0.334375 0.0359375 0.03125
4 0.178125 0.2875 0.0578125 0.0546875
2 0.21875 0.321875 0.0125 0.0296875
2 0.33125 0.415625 0.0359375 0.0796875