1 0.7053645833333333 0.47039930555555554 0.09871527777777782 0.08362268518518512
1 0.7680034722222222 0.7234375 0.26187499999999986 0.215625
3 0.9522395833333335 0.5938078703703704 0.05190972222222214 0.08171296296296297
1 0.9041145833333333 0.5622106481481481 0.090625 0.07679398148148149
1 0.8323611111111111 0.472019675925926 0.06784722222222221 0.05486111111111107
1 0.504670138888889 0.43995949074074076 0.12420138888888879 0.09641203703703702
1 0.8296180555555555 0.6555844907407408 0.16614583333333358 0.12910879629629637
2 0.8174305555555555 0.5215277777777778 0.060798611111111 0.07146990740740744
2 0.8842013888888889 0.48208912037037044 0.04454861111111086 0.05625
3 0.9648958333333333 0.6763888888888889 0.07020833333333343 0.0890625
2 0.7389583333333334 0.5079282407407407 0.062291666666666676 0.0700231481481481
3 0.44229166666666664 0.7359085648148149 0.1202430555555555 0.14751157407407406
2 0.8781770833333333 0.4691840277777778 0.057048611111110856 0.05717592592592595
0 0.13852430555555556 0.5413194444444445 0.24510416666666668 0.36388888888888893
1 0.23553819444444443 0.30633680555555554 0.1030555555555556 0.07615740740740744
2 0.9208680555555556 0.46611689814814816 0.027951388888888574 0.03321759259259256
2 0.5778993055555556 0.370630787037037 0.02815972222222225 0.03790509259259256