1 0.36840277777777775 0.4010416666666667 0.09386574074074083 0.06072916666666668
1 0.8375057870370369 0.6778125 0.25089120370370355 0.1630208333333334
1 0.85 0.5860937500000001 0.24425925925925931 0.1298958333333335
1 0.18849537037037037 0.5780729166666667 0.19684027777777774 0.14385416666666656
1 0.16421296296296295 0.29958333333333337 0.040277777777777767 0.04937500000000004
1 0.47495370370370366 0.4559895833333334 0.10857638888888879 0.07260416666666672
1 0.46305555555555555 0.5508854166666667 0.1716666666666667 0.16552083333333326
1 0.15483796296296296 0.5107291666666667 0.1595138888888889 0.11802083333333328
4 0.6606539351851852 0.4856249999999999 0.17643518518518525 0.14093750000000008
1 0.09816550925925926 0.4214583333333334 0.11879629629629629 0.11374999999999993
2 0.8199942129629629 0.7880208333333334 0.2587268518518517 0.21645833333333328
1 0.2550868055555556 0.3676041666666666 0.07621527777777777 0.05177083333333332
1 0.22436921296296294 0.30359375 0.05047453703703706 0.03760416666666675
2 0.13896990740740742 0.32848958333333333 0.04174768518518519 0.04791666666666661
1 0.05380787037037037 0.3361458333333333 0.08265046296296297 0.055312499999999966
3 0.027022569444444443 0.460625 0.054045138888888886 0.08145833333333333
2 0.09822337962962964 0.288125 0.02510416666666666 0.0296875
1 0.8367766203703703 0.45187499999999997 0.07538194444444457 0.03770833333333332
1 0.28268518518518515 0.4180729166666667 0.09322916666666661 0.07624999999999993
1 0.1852662037037037 0.2884375 0.03429398148148151 0.027187499999999965
3 0.03389467592592592 0.3677604166666667 0.05251157407407407 0.07197916666666657
2 0.1290625 0.28390624999999997 0.040729166666666664 0.030729166666666606
2 0.9056597222222222 0.4674479166666667 0.039999999999999855 0.04468750000000003
2 0.07037615740740741 0.2815625 0.02675925925925926 0.03135416666666666
2 0.2175578703703704 0.32588541666666665 0.026851851851851904 0.032916666666666664
3 0.21272569444444445 0.65890625 0.09059027777777776 0.13677083333333329
2 0.37895833333333334 0.43468750000000006 0.04966435185185185 0.07645833333333343
2 0.3156134259259259 0.47125000000000006 0.05555555555555554 0.09708333333333333
4 0.6204398148148148 0.3833333333333333 0.0796180555555555 0.05666666666666664