2 0.41875 0.55 0.046875 0.15
1 0.4890625 0.465625 0.1265625 0.08125
1 0.24375 0.6078125 0.1984375 0.1484375
1 0.390625 0.415625 0.0734375 0.0765625
1 0.890625 0.3515625 0.0640625 0.0359375
1 0.184375 0.5265625 0.1421875 0.0921875
1 0.740625 0.475 0.1828125 0.1734375
2 0.203125 0.3703125 0.0328125 0.0484375
1 0.2875 0.3625 0.065625 0.059375
2 0.278125 0.371875 0.0234375 0.0484375
4 0.409375 0.3734375 0.14375 0.096875
0 0.2046875 0.3234375 0.1109375 0.1015625
2 0.571875 0.453125 0.0546875 0.0859375
1 0.925 0.5953125 0.146875 0.159375
4 0.1234375 0.275 0.046875 0.0421875
2 0.290625 0.4296875 0.053125 0.075
3 0.05625 0.440625 0.046875 0.065625
2 0.1796875 0.353125 0.025 0.0328125
3 0.040625 0.4828125 0.065625 0.0890625
2 0.5203125 0.396875 0.0328125 0.0625
3 0.121875 0.4375 0.0421875 0.09375
3 0.06875 0.6875 0.0703125 0.0828125
1 0.121875 0.4109375 0.09375 0.0734375
2 0.1421875 0.3640625 0.0296875 0.0390625
1 0.1328125 0.3046875 0.0359375 0.028125
2 0.496875 0.3859375 0.028125 0.0625
4 0.9328125 0.4578125 0.1328125 0.1265625