2 0.45792824074074073 0.5068171296296297 0.07369212962962965 0.0988773148148148
1 0.21846064814814814 0.5917939814814815 0.17531249999999998 0.13531249999999986
1 0.2952604166666667 0.6604456018518519 0.21984953703703702 0.1828125
2 0.37060185185185185 0.49060185185185184 0.0718055555555556 0.0925462962962964
2 0.2649652777777778 0.4368171296296296 0.05324074074074074 0.06509259259259252
1 0.13879050925925926 0.5128645833333334 0.11957175925925925 0.11216435185185177
2 0.6065856481481482 0.5488078703703704 0.09775462962962962 0.1421990740740741
1 0.15098958333333332 0.37247106481481485 0.03903935185185183 0.03163194444444439
1 0.6170428240740741 0.480005787037037 0.17630787037037035 0.12445601851851862
3 0.0685011574074074 0.47961226851851857 0.03605324074074075 0.064201388888889
3 0.0674074074074074 0.5637037037037037 0.07081018518518518 0.10340277777777782
2 0.3597337962962963 0.40121527777777777 0.033356481481481556 0.04224537037037042
1 0.2605960648148148 0.39763310185185186 0.05787037037037042 0.03416666666666668
1 0.12933449074074074 0.405630787037037 0.05892361111111111 0.054479166666666676
3 0.3317013888888889 0.7020717592592594 0.10381944444444446 0.16900462962962948
1 0.4227083333333333 0.4286342592592593 0.09747685185185198 0.07673611111111107
1 0.30363425925925924 0.4162268518518519 0.08481481481481482 0.07296296296296294
2 0.20824074074074073 0.4097222222222222 0.025706018518518548 0.04496527777777768
4 0.19708333333333333 0.3748611111111111 0.04930555555555558 0.04930555555555553
4 0.11783564814814815 0.33413194444444444 0.060972222222222205 0.06393518518518526
1 0.07467013888888889 0.37318865740740736 0.03483796296296297 0.04076388888888882