1 0.41911458333333335 0.46328125 0.15833333333333321 0.1015625
1 0.331875 0.4125 0.12729166666666672 0.08125
1 0.8478125000000001 0.5015625 0.11583333333333315 0.096875
1 0.7763541666666667 0.41328125 0.06479166666666672 0.0578125
1 0.8745833333333334 0.4046875 0.057187499999999857 0.0375
1 0.7653645833333333 0.56640625 0.17895833333333327 0.10625
1 0.610625 0.39140625 0.07781249999999992 0.065625
1 0.26901041666666664 0.3125 0.0828125 0.046875
3 0.6651562500000001 0.6984375 0.08833333333333329 0.1296875
2 0.5597395833333334 0.41640625 0.05697916666666671 0.0578125
3 0.9174479166666668 0.5703125 0.07208333333333314 0.0734375
2 0.6600520833333333 0.43515625 0.04822916666666668 0.04375
2 0.4496875 0.5203125 0.08010416666666664 0.1
1 0.8343229166666667 0.3640625 0.042604166666666644 0.0296875
2 0.6504166666666666 0.49765625 0.06864583333333343 0.0921875
1 0.7033333333333334 0.653125 0.23249999999999993 0.1828125
2 0.5933333333333334 0.475 0.06781249999999997 0.0796875
2 0.6935416666666667 0.4015625 0.046875 0.046875
1 0.8279166666666666 0.4015625 0.05166666666666657 0.0484375
3 0.9278645833333334 0.484375 0.04458333333333329 0.0828125
1 0.9184374999999999 0.43828125 0.07229166666666664 0.053125
2 0.5984375 0.421875 0.03770833333333332 0.05
1 0.7873958333333333 0.3765625 0.047083333333333324 0.0265625
4 0.698125 0.3796875 0.06322916666666671 0.0578125
4 0.47927083333333337 0.3109375 0.09489583333333336 0.0640625
4 0.6878645833333333 0.32265625 0.048958333333333215 0.03125
0 0.8868750000000001 0.3140625 0.03468750000000007 0.028125
2 0.9277083333333334 0.39296875 0.019166666666666644 0.0296875
1 0.9100520833333334 0.3765625 0.03802083333333357 0.03125
4 0.83125 0.33984375 0.038125000000000145 0.0328125
2 0.89 0.3609375 0.01885416666666657 0.025
1 0.8599479166666667 0.3546875 0.02979166666666657 0.025
1 0.5630729166666667 0.378125 0.04239583333333332 0.05
2 0.6564583333333334 0.38359375 0.0296875 0.046875
1 0.6299479166666667 0.359375 0.04020833333333336 0.0171875
2 0.09072916666666667 0.303125 0.04375 0.046875
2 0.015104166666666669 0.30546875 0.030208333333333337 0.040625
2 0.29333333333333333 0.32265625 0.0234375 0.0234375