0 0.2984375 0.390625 0.20625 0.14375
2 0.496875 0.4640625 0.0390625 0.0890625
1 0.51875 0.3921875 0.096875 0.0453125
1 0.6171875 0.5171875 0.1953125 0.109375
1 0.23125 0.6078125 0.21875 0.1515625
0 0.696875 0.6984375 0.2640625 0.1640625
1 0.184375 0.5234375 0.1484375 0.0828125
1 0.9671875 0.6203125 0.0640625 0.0984375
4 0.2359375 0.3078125 0.05 0.0328125
1 0.18125 0.340625 0.0375 0.0328125
1 0.9359375 0.5484375 0.1171875 0.1203125
1 0.7109375 0.3515625 0.071875 0.021875
2 0.4453125 0.4671875 0.040625 0.0921875
1 0.759375 0.48125 0.1703125 0.0859375
1 0.1140625 0.340625 0.046875 0.04375
1 0.4484375 0.3734375 0.053125 0.04375
3 0.484375 0.7484375 0.1078125 0.065625
1 0.9203125 0.3578125 0.134375 0.0421875
3 0.0375 0.496875 0.0640625 0.0765625
3 0.0796875 0.6953125 0.0625 0.0953125
1 0.1390625 0.3125 0.0359375 0.0203125
1 0.90625 0.4515625 0.1640625 0.0921875
1 0.1296875 0.290625 0.034375 0.0140625
1 0.665625 0.334375 0.0390625 0.0265625
3 0.059375 0.4 0.040625 0.0359375
1 0.96953125 0.67890625 0.0609375 0.1890625
4 0.553125 0.3265625 0.0765625 0.0328125
1 0.4359375 0.3125 0.08125 0.028125
1 0.1 0.3 0.040625 0.0171875
2 0.5890625 0.4328125 0.1 0.053125
2 0.659375 0.4265625 0.0359375 0.0515625
2 0.6984375 0.590625 0.08125 0.06875
3 0.190625 0.4171875 0.021875 0.0625
3 0.2453125 0.434375 0.0359375 0.0671875
1 0.1265625 0.40625 0.0828125 0.0640625
2 0.1203125 0.41875 0.04375 0.0671875
1 0.075 0.3671875 0.05 0.0296875
3 0.05625 0.4546875 0.0265625 0.075
2 0.153125 0.33125 0.0171875 0.034375
1 0.1765625 0.31875 0.0265625 0.0125
1 0.196875 0.315625 0.028125 0.0234375
1 0.1625 0.3015625 0.021875 0.01875
2 0.084375 0.303125 0.0109375 0.0265625
2 0.1046875 0.3109375 0.0125 0.0140625
2 0.4765625 0.3171875 0.0125 0.015625
2 0.603125 0.33125 0.0125 0.0140625
1 0.784375 0.359375 0.065625 0.028125
2 0.8328125 0.3546875 0.0234375 0.0328125