4 0.7303240740740741 0.32571180555555557 0.18195601851851856 0.08188657407407404
1 0.6494907407407408 0.41943287037037036 0.1524537037037037 0.08725694444444443
1 0.5740509259259259 0.6472511574074075 0.2711805555555557 0.19537037037037025
1 0.43899884259259264 0.38429976851851855 0.08300925925925924 0.06178240740740737
1 0.20842013888888888 0.5792476851851852 0.22802083333333334 0.1613078703703703
1 0.11642939814814815 0.31189814814814815 0.0575925925925926 0.04697916666666666
1 0.1686400462962963 0.49924768518518514 0.15769675925925924 0.10614583333333343
3 0.2324421296296296 0.6378587962962963 0.07249999999999997 0.12859953703703705
1 0.36942708333333335 0.36138310185185185 0.06444444444444439 0.06747685185185182
2 0.39979745370370373 0.4955208333333333 0.06266203703703699 0.11269675925925923
1 0.33521412037037035 0.35693287037037036 0.09380787037037033 0.05741898148148152
2 0.2592303240740741 0.3396701388888889 0.037280092592592594 0.046377314814814774
3 0.04725115740740741 0.38107638888888884 0.03314814814814815 0.06498842592592595
1 0.10418981481481482 0.2771354166666667 0.02583333333333333 0.028865740740740796
1 0.19205439814814815 0.28858217592592594 0.03833333333333333 0.02923611111111111
2 0.21258680555555554 0.33324652777777775 0.034062500000000016 0.04315972222222229
2 0.17352430555555556 0.3344039351851852 0.035671296296296305 0.044768518518518444
1 0.24016782407407405 0.2980844907407407 0.049270833333333285 0.029560185185185172
3 0.02935185185185185 0.4746006944444444 0.0587037037037037 0.06439814814814823
2 0.943929398148148 0.6245833333333334 0.0683217592592591 0.14564814814814825
1 0.08018518518518518 0.34965856481481483 0.03452546296296295 0.0587847222222222
0 0.27967592592592594 0.2555439814814815 0.05437500000000002 0.043761574074074085
4 0.20364583333333336 0.23984375 0.04817129629629626 0.04513888888888893
1 0.1348900462962963 0.2684201388888889 0.028958333333333374 0.028958333333333287
2 0.13419560185185184 0.2918576388888889 0.01636574074074071 0.025462962962962975