1 0.35508101851851853 0.53875 0.1755324074074074 0.13489583333333321
1 0.45640625 0.4742708333333333 0.12920138888888885 0.09750000000000014
1 0.7125347222222222 0.521875 0.22466435185185177 0.16156249999999997
1 0.1816261574074074 0.60703125 0.16597222222222224 0.12802083333333325
1 0.23721643518518518 0.6858854166666667 0.25266203703703705 0.2117708333333333
2 0.8001620370370371 0.4705729166666667 0.08687499999999986 0.09000000000000004
1 0.893107638888889 0.5832291666666667 0.188784722222222 0.21374999999999994
1 0.3742476851851852 0.4202604166666667 0.07358796296296291 0.06260416666666657
4 0.6930034722222222 0.41489583333333335 0.22223379629629642 0.18479166666666663
1 0.10097222222222224 0.5022395833333333 0.09266203703703706 0.07479166666666667
2 0.18676504629629628 0.43359375 0.06118055555555557 0.06489583333333329
2 0.53578125 0.4372916666666667 0.1056712962962962 0.09281249999999996
2 0.2725115740740741 0.4721875 0.058379629629629635 0.07562499999999997
2 0.23526041666666667 0.4877083333333333 0.05847222222222222 0.07874999999999996
1 0.11920717592592593 0.4416145833333333 0.059386574074074085 0.05697916666666671
3 0.03732349537037037 0.6097916666666666 0.07464699074074074 0.08635416666666665
3 0.0405150462962963 0.5083854166666667 0.04527777777777777 0.054479166666666676
1 0.921701388888889 0.3315104166666667 0.0687615740740739 0.05760416666666668
3 0.5308796296296296 0.78765625 0.10516203703703705 0.07562499999999997
3 0.10944444444444446 0.7446875000000001 0.052997685185185175 0.051875000000000074
4 0.30659722222222224 0.43140625000000005 0.08815972222222221 0.08072916666666678
3 0.03639467592592593 0.753125 0.056874999999999995 0.13010416666666663
3 0.1172974537037037 0.7702604166666667 0.08241898148148148 0.09749999999999996
2 0.5715277777777779 0.5782291666666667 0.09185185185185177 0.15270833333333336
2 0.11666087962962964 0.5275520833333334 0.0651851851851852 0.09479166666666661
4 0.44835648148148144 0.4025 0.11835648148148152 0.09989583333333343
4 0.23792824074074073 0.37125 0.09900462962962964 0.07833333333333332
4 0.14068287037037036 0.37729166666666664 0.07225694444444444 0.0703125
1 0.14490162037037035 0.41984374999999996 0.02744212962962962 0.031458333333333324
1 0.23980324074074075 0.4136458333333334 0.06237268518518517 0.05250000000000003
2 0.2416377314814815 0.43098958333333337 0.03457175925925924 0.061562500000000145
1 0.07545717592592593 0.43869791666666663 0.03888888888888888 0.04937500000000004
2 0.05030092592592593 0.4158854166666666 0.01958333333333333 0.02937499999999993
2 0.08327546296296297 0.41260416666666666 0.030335648148148153 0.02385416666666664
1 0.10717592592592592 0.3985416666666667 0.024363425925925906 0.0328125
1 0.0570138888888889 0.40067708333333335 0.024270833333333332 0.0296875
1 0.08006365740740741 0.38890625 0.025694444444444443 0.02510416666666666
2 0.03332175925925926 0.40770833333333334 0.02445601851851852 0.0359375
1 0.04107060185185185 0.3839583333333333 0.023993055555555552 0.0203125
4 0.2963425925925926 0.35479166666666667 0.046516203703703775 0.04364583333333334
1 0.5548726851851852 0.3477604166666667 0.04155092592592595 0.033958333333333354
1 0.7760648148148148 0.3327604166666666 0.06237268518518526 0.05250000000000003
2 0.6097453703703704 0.34515625 0.025972222222222285 0.03447916666666666
2 0.647337962962963 0.34453125 0.01939814814814813 0.023125000000000017
1 0.8641203703703704 0.31984375 0.08888888888888893 0.05270833333333336