1 0.66875 0.5046875 0.1859375 0.1390625
1 0.3078125 0.45 0.121875 0.1078125
1 0.309375 0.3671875 0.071875 0.059375
1 0.2359375 0.3734375 0.065625 0.0625
1 0.253125 0.6140625 0.20625 0.1671875
3 0.2203125 0.65625 0.1140625 0.1515625
3 0.065625 0.66875 0.13125 0.128125
3 0.0390625 0.5046875 0.078125 0.090625
1 0.1890625 0.54375 0.1796875 0.1296875
1 0.434375 0.38125 0.0859375 0.0984375
2 0.5015625 0.4109375 0.0609375 0.0859375
1 0.128125 0.4140625 0.0984375 0.0734375
3 0.040625 0.4140625 0.0375 0.0734375
3 0.0640625 0.425 0.040625 0.0890625
2 0.3515625 0.3515625 0.0609375 0.0515625
3 0.109375 0.3625 0.0296875 0.03125
2 0.1390625 0.3609375 0.0390625 0.04375
1 0.215625 0.3390625 0.053125 0.046875
2 0.271875 0.3421875 0.0328125 0.04375
1 0.1015625 0.303125 0.040625 0.04375
2 0.1421875 0.31875 0.0234375 0.034375
0 0.15 0.290625 0.0515625 0.05625
1 0.1765625 0.3109375 0.0484375 0.034375
1 0.2109375 0.315625 0.05 0.0328125
4 0.465625 0.284375 0.159375 0.1015625
2 0.5703125 0.3265625 0.0359375 0.034375
2 0.7875 0.35 0.065625 0.034375
1 0.9375 0.3671875 0.11875 0.05
1 0.9875 0.35625 0.025 0.0625
1 0.1046875 0.284375 0.0296875 0.0140625
1 0.0859375 0.3453125 0.0453125 0.034375
1 0.0515625 0.3328125 0.0375 0.03125
1 0.365625 0.30625 0.0203125 0.0265625
4 0.271875 0.29375 0.046875 0.03125
4 0.109375 0.2546875 0.0328125 0.0265625
0 0.93671875 0.6390625 0.1265625 0.284375