1 0.34644097222222225 0.5184953703703703 0.14386574074074066 0.13792824074074073
4 0.13359375 0.45185763888888886 0.2034143518518518 0.18822916666666673
1 0.75078125 0.6364120370370371 0.2059606481481481 0.17278935185185187
1 0.6559317129629629 0.4068634259259259 0.07065972222222214 0.055636574074074116
1 0.7547453703703704 0.381400462962963 0.06869212962962976 0.044606481481481455
2 0.6835648148148149 0.44295138888888896 0.04137731481481488 0.06481481481481488
0 0.635011574074074 0.35864583333333333 0.10572916666666679 0.0764236111111111
2 0.7106770833333333 0.4085416666666667 0.03807870370370381 0.05994212962962955
1 0.8161168981481481 0.39443287037037034 0.05943287037037024 0.0471759259259259
1 0.5546875 0.32883101851851854 0.07800925925925917 0.043599537037037096
1 0.6876157407407407 0.37585648148148143 0.04473379629629637 0.029155092592592524
1 0.8009837962962962 0.5493460648148148 0.15821759259259238 0.10447916666666668
4 0.4110243055555555 0.3391087962962963 0.175 0.0945601851851852
1 0.8592592592592592 0.4768518518518519 0.11429398148148166 0.09719907407407398
3 0.9489872685185186 0.4430208333333333 0.039699074074074046 0.06159722222222221
3 0.9437789351851851 0.5202256944444444 0.061400462962962976 0.10030092592592581
2 0.5618055555555556 0.41146412037037033 0.03645833333333322 0.05828703703703706
1 0.8730613425925926 0.40015625000000005 0.07702546296296298 0.05913194444444443
2 0.730005787037037 0.39402777777777775 0.026909722222222144 0.053043981481481504
1 0.9075810185185185 0.3560069444444444 0.04965277777777786 0.035682870370370344
1 0.2557581018518519 0.5146875 0.09172453703703702 0.11924768518518505
1 0.5961226851851851 0.7321643518518519 0.22349537037037023 0.18318287037037032
1 0.5472800925925926 0.4019907407407407 0.06736111111111107 0.05076388888888896
2 0.760011574074074 0.34491319444444446 0.015046296296296191 0.027395833333333376
2 0.8027488425925926 0.35370949074074076 0.019849537037037023 0.030798611111111106
2 0.8510127314814815 0.36126736111111113 0.015104166666666785 0.028958333333333287
1 0.8908854166666668 0.3417071759259259 0.03211805555555571 0.025289351851851903
0 0.7182581018518518 0.30955439814814817 0.04508101851851851 0.038530092592592616
4 0.8775462962962962 0.3002025462962963 0.04027777777777786 0.03512731481481488
4 0.8234085648148148 0.3243981481481481 0.033969907407407615 0.033194444444444395
1 0.8403356481481481 0.35358796296296297 0.032349537037037024 0.0315393518518519
2 0.8677951388888889 0.3520833333333333 0.013657407407407618 0.0319907407407408
2 0.7925347222222221 0.3335300925925926 0.01331018518518512 0.022615740740740707
2 0.7735532407407407 0.3386689814814815 0.015046296296296368 0.027395833333333376
1 0.2529224537037037 0.37984953703703705 0.07181712962962958 0.044791666666666695
1 0.752662037037037 0.31081018518518516 0.024074074074074046 0.018576388888888927
0 0.830295138888889 0.2864409722222222 0.021006944444444287 0.019953703703703685
0 0.8516782407407408 0.2798784722222222 0.030497685185185475 0.023634259259259237
3 0.8154224537037038 0.45546296296296307 0.0387731481481481 0.07869212962962954
1 0.7024305555555556 0.3563773148148148 0.028819444444444463 0.02041666666666666
1 0.865480324074074 0.33002314814814815 0.025462962962962975 0.013981481481481418
1 0.8494502314814815 0.31889467592592596 0.022569444444444288 0.020046296296296263
2 0.8602141203703703 0.3453703703703704 0.01041666666666643 0.028680555555555553
2 0.8199652777777778 0.3539467592592593 0.016724537037037024 0.030613425925925954
1 0.0533275462962963 0.3993402777777778 0.049537037037037025 0.03255787037037035
1 0.9011863425925928 0.31726273148148143 0.022569444444444288 0.020046296296296263