1 0.6772048611111111 0.3831481481481481 0.08952546296296297 0.06513888888888886
2 0.5458622685185185 0.4800289351851852 0.07881944444444447 0.09606481481481488
1 0.10474537037037038 0.5321701388888889 0.20324074074074075 0.23253472222222218
1 0.5414293981481482 0.40905092592592596 0.12883101851851855 0.09910879629629629
1 0.8875578703703703 0.5089756944444443 0.11961805555555571 0.12070601851851848
1 0.9327662037037037 0.38807870370370373 0.04721064814814824 0.04670138888888893
2 0.6970023148148148 0.4185069444444444 0.06295138888888889 0.0627893518518519
1 0.8106249999999999 0.5667361111111111 0.16964120370370353 0.12531250000000008
3 0.9559548611111112 0.5647743055555555 0.07254629629629647 0.09275462962962955
1 0.7475057870370371 0.37950231481481483 0.06756944444444457 0.05355324074074073
1 0.7361805555555556 0.6439583333333333 0.23270833333333343 0.2037268518518518
4 0.07385416666666667 0.2650578703703704 0.08033564814814813 0.08986111111111113
1 0.3516898148148148 0.42873842592592587 0.17606481481481479 0.14893518518518506
3 0.9584664351851853 0.48186921296296303 0.04424768518518505 0.06848379629629626
2 0.8796759259259259 0.3943402777777778 0.03784722222222214 0.047986111111111104
3 0.7037905092592592 0.7019618055555557 0.09648148148148153 0.1606365740740742
3 0.8465856481481481 0.46330439814814817 0.053761574074074045 0.08751157407407409
3 0.796255787037037 0.4202546296296297 0.036354166666666646 0.05731481481481478
3 0.7469155092592593 0.405306712962963 0.036400462962962975 0.06356481481481495
3 0.8257581018518518 0.394375 0.031597222222222145 0.047800925925925955
3 0.32642939814814814 0.2888310185185185 0.05657407407407407 0.04541666666666666
1 0.84203125 0.3759201388888889 0.040891203703703735 0.03714120370370377
1 0.8434201388888889 0.3524363425925926 0.04555555555555557 0.0341550925925926
4 0.937783564814815 0.32697916666666665 0.04563657407407433 0.045092592592592594
1 0.8973900462962963 0.35943287037037036 0.040891203703703735 0.03714120370370368