1 0.5488020833333334 0.4080729166666667 0.13656250000000014 0.08454861111111107
1 0.2908854166666667 0.6275173611111111 0.2189583333333333 0.17488425925925916
1 0.2216145833333333 0.5517650462962964 0.1604166666666666 0.11504629629629619
1 0.31213541666666667 0.4176215277777778 0.08489583333333339 0.08107638888888893
2 0.6215624999999999 0.48917824074074073 0.09093750000000007 0.12494212962962958
2 0.4520833333333333 0.37876157407407407 0.047499999999999966 0.05787037037037042
1 0.21786458333333333 0.48376736111111107 0.133125 0.07974537037037024
1 0.14369791666666668 0.440306712962963 0.08677083333333332 0.062442129629629584
4 0.27796875 0.3280381944444445 0.10593750000000002 0.06938657407407404
2 0.3927083333333333 0.3809606481481481 0.04760416666666671 0.05943287037037033
2 0.34640624999999997 0.379542824074074 0.046875 0.071875
2 0.1990625 0.3662037037037037 0.046666666666666676 0.045370370370370415
2 0.8886458333333334 0.6069444444444445 0.17218750000000008 0.19809027777777785
2 0.42026041666666664 0.4418113425925926 0.05583333333333336 0.0893518518518519
3 0.14890625000000002 0.7298900462962964 0.08624999999999998 0.07800925925925917
1 0.9413541666666667 0.28153935185185186 0.09791666666666643 0.06597222222222224
1 0.9549479166666668 0.4401331018518519 0.09010416666666643 0.14184027777777786
1 0.5912499999999999 0.37517361111111114 0.121875 0.07465277777777776
2 0.12932291666666668 0.3774016203703704 0.02864583333333335 0.03223379629629628
2 0.11171875 0.3482928240740741 0.05093749999999999 0.039293981481481485
2 0.16015625 0.369994212962963 0.023125000000000017 0.04293981481481488
1 0.2546875 0.389988425925926 0.06760416666666665 0.05549768518518512
2 0.20484375 0.3824363425925926 0.037812499999999985 0.05283564814814819
3 0.08333333333333333 0.6508680555555555 0.0771875 0.15248842592592596
3 0.15328124999999998 0.6897858796296297 0.08812499999999997 0.059375
3 0.10802083333333332 0.5630208333333334 0.053437499999999985 0.14693287037037023
3 0.08026041666666667 0.5225405092592592 0.037291666666666654 0.11516203703703702
3 0.08630208333333333 0.4839409722222222 0.01416666666666666 0.025462962962962975
3 0.04619791666666667 0.4697627314814815 0.033229166666666664 0.05422453703703702
3 0.07036458333333333 0.4445891203703704 0.022604166666666668 0.03512731481481488
1 0.09901041666666668 0.4278645833333334 0.0484375 0.048553240740740834
1 0.07697916666666667 0.391087962962963 0.04468749999999999 0.0390625
4 0.4757291666666667 0.2752893518518519 0.14916666666666673 0.10995370370370372
2 0.3052604166666667 0.36148726851851853 0.029062500000000036 0.03848379629629628
1 0.87421875 0.2848090277777778 0.09604166666666672 0.037847222222222233
1 0.8170833333333333 0.2853587962962963 0.0484375 0.048553240740740744