1 0.2881944444444445 0.5959895833333333 0.23527777777777778 0.17107638888888896
1 0.7534375000000001 0.5900520833333334 0.22361111111111107 0.18927083333333333
1 0.7957118055555557 0.5019097222222222 0.1710416666666667 0.1292361111111111
2 0.5498090277777778 0.4338368055555556 0.05510416666666664 0.08197916666666671
1 0.5239930555555555 0.3982465277777778 0.09802083333333336 0.06517361111111111
1 0.7620138888888889 0.32663194444444443 0.055347222222222214 0.05236111111111112
1 0.02751736111111111 0.4547569444444445 0.05503472222222222 0.081388888888889
2 0.7309374999999999 0.32133680555555555 0.03781250000000007 0.04378472222222225
1 0.7440104166666667 0.39706597222222223 0.09798611111111111 0.0994791666666667
1 0.8038541666666668 0.30109375 0.049965277777777574 0.036527777777777715
4 0.22861111111111115 0.3866840277777778 0.15253472222222228 0.09878472222222223
1 0.6533854166666666 0.4282638888888889 0.10722222222222229 0.09677083333333325
2 0.6950520833333333 0.3361805555555556 0.048958333333333215 0.048958333333333395
3 0.8988715277777779 0.36480902777777774 0.04597222222222221 0.05194444444444439
4 0.10746527777777777 0.43531250000000005 0.10378472222222221 0.05451388888888893
4 0.030694444444444448 0.5791493055555555 0.061388888888888896 0.26454861111111116
2 0.5154340277777777 0.46753472222222214 0.05763888888888893 0.10392361111111122
2 0.5756944444444445 0.46786458333333336 0.06062499999999993 0.10093750000000004
2 0.4873784722222222 0.39427083333333335 0.030694444444444358 0.05906250000000002
2 0.6247916666666666 0.38472222222222224 0.028784722222222215 0.051180555555555604
2 0.6073090277777778 0.37298611111111113 0.030555555555555714 0.05593749999999993
2 0.575763888888889 0.36062500000000003 0.027361111111111214 0.05423611111111111
1 0.6143923611111111 0.3545138888888889 0.05513888888888889 0.047673611111111125
1 0.6622395833333333 0.36994791666666665 0.06784722222222221 0.05291666666666668
1 0.8319791666666667 0.37279513888888893 0.08777777777777765 0.08031249999999997
2 0.8280381944444445 0.40862847222222226 0.06163194444444429 0.08850694444444436
3 0.9327430555555555 0.46572916666666664 0.071875 0.0733680555555555
3 0.9154687500000002 0.4140798611111111 0.04756944444444429 0.08788194444444439
2 0.8198090277777779 0.3119791666666667 0.025659722222222216 0.05104166666666661
2 0.7999652777777777 0.3181423611111111 0.020416666666666573 0.03833333333333337
1 0.8577256944444445 0.3042708333333334 0.03781250000000007 0.04378472222222225
1 0.8698263888888889 0.3314236111111111 0.048680555555555574 0.042708333333333307
3 0.9185069444444445 0.6451388888888889 0.061215277777777646 0.07913194444444435
3 0.9127083333333333 0.5994791666666667 0.063923611111111 0.06989583333333335
3 0.5073611111111112 0.7724652777777777 0.0938194444444445 0.07590277777777779