2 0.704832175925926 0.4755497685185185 0.06782407407407405 0.06180555555555554
1 0.20109953703703703 0.5316550925925926 0.22870370370370371 0.19259259259259273
1 0.6950520833333333 0.5500289351851851 0.22152777777777768 0.16736111111111107
0 0.8374710648148149 0.7702256944444444 0.175462962962963 0.1875
2 0.9180266203703704 0.6174479166666667 0.09484953703703702 0.11741898148148149
1 0.18677662037037038 0.22323495370370372 0.05289351851851851 0.03784722222222214
4 0.7636574074074074 0.36180555555555555 0.19155092592592596 0.11631944444444446
1 0.426880787037037 0.3758391203703703 0.11244212962962959 0.08686342592592596
2 0.1636574074074074 0.23657407407407405 0.031076388888888928 0.03859953703703702
1 0.9274594907407409 0.4259548611111111 0.09959490740740762 0.07702546296296298
1 0.3067418981481481 0.3124131944444445 0.06151620370370372 0.06001157407407405
2 0.587818287037037 0.4330729166666667 0.11111111111111108 0.09305555555555553
0 0.4990451388888889 0.3232349537037037 0.23472222222222214 0.18657407407407406
3 0.06469907407407408 0.3596064814814815 0.09988425925925926 0.12696759259259255
1 0.14592013888888888 0.31524884259259256 0.08859953703703702 0.07505787037037041
1 0.17092013888888888 0.44071180555555556 0.1734375 0.1328125
1 0.23958333333333331 0.3351851851851852 0.10150462962962958 0.08645833333333339
2 0.93984375 0.449681712962963 0.05167824074074083 0.0471643518518519
2 0.29204282407407406 0.33012152777777776 0.032754629629629585 0.04178240740740744
2 0.3923321759259259 0.5081886574074075 0.1085648148148148 0.1506944444444443
2 0.610619212962963 0.47045717592592595 0.08489583333333321 0.10144675925925917
3 0.2559895833333333 0.6294849537037037 0.09456018518518512 0.10960648148148149
3 0.03579282407407407 0.561400462962963 0.07158564814814813 0.10138888888888893
2 0.3310763888888889 0.35052083333333334 0.08101851851851852 0.08101851851851852
2 0.4521412037037037 0.41001157407407407 0.04976851851851851 0.07986111111111108
2 0.49548611111111107 0.4193287037037036 0.05306712962962976 0.08466435185185191
1 0.6690972222222222 0.45034722222222223 0.07482638888888893 0.08234953703703703
4 0.23315972222222223 0.2558449074074074 0.10052083333333331 0.10202546296296297
1 0.35240162037037037 0.3013599537037037 0.07065972222222223 0.05410879629629637
2 0.6481481481481481 0.5736111111111111 0.10989583333333322 0.14450231481481488
3 0.304050925925926 0.49039351851851853 0.07089120370370364 0.10248842592592596
2 0.2935185185185185 0.269212962962963 0.027893518518518512 0.03692129629629637
1 0.1048321759259259 0.28712384259259255 0.07569444444444447 0.06365740740740744