4 0.7296875 0.33125 0.175 0.0640625
1 0.6578125 0.428125 0.1453125 0.0734375
1 0.6046875 0.6578125 0.2546875 0.1703125
1 0.44375 0.4015625 0.078125 0.0546875
1 0.2328125 0.6046875 0.2140625 0.140625
1 0.1140625 0.3421875 0.053125 0.0421875
1 0.184375 0.5265625 0.1484375 0.0921875
3 0.2625 0.6625 0.0609375 0.121875
1 0.371875 0.38125 0.0578125 0.0625
2 0.415625 0.5140625 0.0515625 0.1078125
1 0.3375 0.378125 0.0890625 0.0484375
2 0.259375 0.3640625 0.0328125 0.04375
3 0.0515625 0.4140625 0.0265625 0.0625
1 0.0984375 0.3078125 0.0234375 0.0265625
1 0.1875 0.315625 0.0359375 0.025
2 0.2125 0.359375 0.0296875 0.040625
2 0.1734375 0.3625 0.03125 0.0421875
1 0.2359375 0.3234375 0.046875 0.025
3 0.0390625 0.5078125 0.0609375 0.0578125
2 0.97265625 0.6203125 0.0546875 0.140625
1 0.08125 0.38125 0.0296875 0.05625
0 0.271875 0.2796875 0.05 0.0390625
4 0.19375 0.2671875 0.04375 0.040625
1 0.128125 0.2984375 0.0265625 0.0265625
2 0.1296875 0.321875 0.0140625 0.0234375