1 0.7829745370370371 0.5722974537037037 0.22012731481481485 0.19241898148148148
1 0.7437268518518518 0.3352488425925926 0.06923611111111114 0.06766203703703706
0 0.4843344907407407 0.5361111111111111 0.44350694444444444 0.40211805555555563
1 0.8017534722222223 0.4713136574074074 0.14282407407407405 0.09015046296296295
2 0.7113773148148148 0.39677662037037037 0.05218749999999996 0.08590277777777774
1 0.8142824074074074 0.26469907407407406 0.03457175925925924 0.027581018518518442
1 0.725925925925926 0.25192708333333336 0.031388888888889 0.01967592592592595
3 0.8692013888888889 0.5084606481481482 0.07424768518518512 0.11155092592592589
1 0.821574074074074 0.30006365740740737 0.05195601851851848 0.05465277777777775
1 0.8094849537037037 0.2497164351851852 0.028263888888888998 0.019583333333333376
1 0.7247164351851852 0.29953703703703705 0.05180555555555557 0.03434027777777775
2 0.6572106481481482 0.3600231481481481 0.08673611111111121 0.11035879629629637
2 0.24127314814814813 0.6218576388888889 0.11525462962962969 0.16431712962962966
2 0.22730324074074076 0.5284953703703703 0.08189814814814814 0.08990740740740755
3 0.9490335648148148 0.4249074074074074 0.09140046296296304 0.1073726851851852
3 0.9312962962962963 0.35017939814814814 0.06953703703703695 0.10828703703703706
2 0.8697337962962962 0.2639988425925926 0.06755787037037067 0.051990740740740726
4 0.3880208333333333 0.3981307870370371 0.2873611111111112 0.20065972222222223
4 0.6439525462962963 0.25730902777777775 0.10537037037037038 0.09528935185185183
1 0.21396990740740743 0.415625 0.0847569444444444 0.054062500000000034
1 0.5560474537037037 0.30547453703703703 0.1159837962962964 0.051863425925925896