2 0.5914930555555555 0.6590856481481481 0.21915509259259255 0.22644675925925917
3 0.29431712962962964 0.6340856481481482 0.1285763888888889 0.1638310185185185
3 0.09460069444444445 0.6469618055555555 0.12811342592592592 0.12482638888888893
3 0.061307870370370374 0.47285879629629635 0.07509259259259257 0.09479166666666679
1 0.2674652777777778 0.584201388888889 0.2308680555555555 0.18165509259259274
3 0.3303587962962963 0.498900462962963 0.06768518518518522 0.10231481481481489
3 0.20826967592592593 0.514380787037037 0.1840972222222222 0.1518518518518519
3 0.08640625 0.39835069444444443 0.054456018518518536 0.08778935185185181
1 0.5976736111111112 0.43107638888888894 0.13947916666666665 0.10341435185185191
1 0.8564583333333333 0.6195891203703704 0.28708333333333336 0.27251157407407406
1 0.9178356481481481 0.48206018518518523 0.16432870370370373 0.14444444444444446
1 0.4647858796296296 0.37416087962962963 0.1045370370370371 0.09120370370370372
1 0.6085648148148148 0.38449074074074074 0.09707175925925923 0.06753472222222215
1 0.19741319444444444 0.4106770833333333 0.11194444444444444 0.08368055555555554
2 0.3589525462962963 0.37103587962962964 0.04879629629629623 0.06886574074074074
2 0.3269444444444445 0.34247685185185184 0.032199074074074116 0.049537037037037025
1 0.2647164351851852 0.3651331018518518 0.07204861111111108 0.09623842592592595
1 0.09453703703703704 0.358912037037037 0.08365740740740742 0.07951388888888893
1 0.23008101851851853 0.33119212962962963 0.06533564814814818 0.05700231481481479
1 0.28325810185185185 0.31513310185185184 0.05423611111111111 0.053472222222222233
2 0.11769675925925926 0.29230324074074077 0.026863425925925898 0.03686342592592595
1 0.1475462962962963 0.29432870370370373 0.039849537037037044 0.04670138888888893
1 0.18372685185185184 0.2976851851851852 0.04569444444444444 0.039120370370370416
1 0.22883680555555558 0.2921006944444445 0.035995370370370414 0.03252314814814809
1 0.2618518518518519 0.2947916666666667 0.04701388888888882 0.034490740740740745
1 0.25510416666666663 0.3005208333333333 0.05671296296296298 0.04108796296296298
1 0.08499421296296297 0.31073495370370374 0.05194444444444444 0.0393518518518519
2 0.1007638888888889 0.2827546296296296 0.021932870370370373 0.03200231481481479
2 0.11936342592592593 0.2640625 0.018402777777777768 0.024074074074074046
1 0.14592592592592593 0.26307870370370373 0.035671296296296305 0.026273148148148094
1 0.8325231481481481 0.34097222222222223 0.10054398148148139 0.04427083333333339
4 0.47004050925925933 0.27925347222222224 0.07734953703703695 0.048090277777777767
2 0.6195601851851852 0.30972222222222223 0.040439814814814845 0.028009259259259255
1 0.5307118055555555 0.30205439814814816 0.06255787037037042 0.033506944444444464
2 0.5386053240740741 0.30332754629629627 0.029340277777777857 0.024479166666666607
1 0.9964120370370371 0.34389467592592593 0.007175925925925952 0.07436342592592596
4 0.23191550925925924 0.2458043981481482 0.0424884259259259 0.03744212962962958
1 0.290162037037037 0.2671296296296296 0.02292824074074069 0.02112268518518521
2 0.30668981481481483 0.26886574074074077 0.01864583333333334 0.028761574074074047
1 0.38394097222222223 0.27931134259259255 0.024328703703703703 0.018055555555555537
4 0.16482060185185182 0.23498263888888887 0.03763888888888891 0.03414351851851851
1 0.19601851851851854 0.24791666666666665 0.027615740740740736 0.02129629629629628