0 0.07776041666666667 0.34291666666666665 0.14737268518518518 0.14229166666666665
1 0.739849537037037 0.35321180555555554 0.08045138888888896 0.05333333333333332
1 0.6429456018518518 0.4061631944444445 0.09012731481481477 0.07385416666666664
1 0.7213368055555556 0.31689236111111113 0.04887731481481481 0.030763888888888858
1 0.7788541666666667 0.5594444444444444 0.2125115740740739 0.1109375
1 0.8271701388888889 0.49741319444444443 0.15456018518518527 0.10027777777777783
2 0.09730902777777778 0.6074131944444445 0.1333101851851852 0.14197916666666668
3 0.7587905092592593 0.6294444444444445 0.06619212962962955 0.145173611111111
4 0.6215335648148148 0.33239583333333333 0.07590277777777779 0.06260416666666666
1 0.8041377314814815 0.31427083333333333 0.03975694444444429 0.04774305555555554
4 0.30756944444444445 0.3987673611111111 0.30629629629629634 0.22079861111111115
2 0.35676504629629624 0.6071180555555555 0.13528935185185187 0.17013888888888892
4 0.4254108796296296 0.2820486111111111 0.18394675925925927 0.08062500000000003
3 0.9544328703703704 0.3836111111111111 0.023078703703703594 0.08173611111111115
2 0.5102025462962964 0.4138020833333334 0.057361111111111106 0.07624999999999993
2 0.6288310185185185 0.35020833333333334 0.023969907407407474 0.03645833333333339
2 0.8451967592592592 0.28991319444444447 0.01608796296296262 0.031597222222222235
1 0.8568402777777777 0.33732638888888894 0.07891203703703695 0.05486111111111107
2 0.15653935185185186 0.5435763888888889 0.07204861111111108 0.11875
1 0.5633680555555556 0.5736111111111111 0.13271990740740733 0.20756944444444442
3 0.9444328703703704 0.6581423611111111 0.057476851851851765 0.08406249999999993
3 0.9690335648148147 0.47157986111111116 0.06193287037037045 0.06701388888888893
3 0.9423206018518518 0.3573090277777778 0.01167824074074062 0.05024305555555557
1 0.9413310185185185 0.34326388888888887 0.07723379629629648 0.04701388888888882
2 0.6886168981481482 0.3238715277777778 0.017719907407407476 0.03631944444444439
2 0.6693981481481481 0.34539930555555554 0.025555555555555644 0.03805555555555555
2 0.7782291666666666 0.30625 0.014479166666666644 0.028437499999999984
4 0.8160706018518518 0.2757118055555556 0.037962962962962976 0.03208333333333328
4 0.8488136574074074 0.2702951388888889 0.030150462962962976 0.031909722222222214
2 0.9201967592592591 0.2882465277777778 0.01608796296296262 0.031597222222222235
2 0.9035474537037036 0.2722048611111111 0.014409722222222143 0.023749999999999983
2 0.9190914351851852 0.2663888888888889 0.011215277777777644 0.018993055555555572
2 0.911863425925926 0.2532638888888889 0.006458333333333144 0.014201388888888822