1 0.24375 0.6046875 0.1765625 0.1359375
0 0.4453125 0.309375 0.0765625 0.0453125
1 0.7984375 0.7078125 0.34375 0.1453125
2 0.16875 0.3421875 0.0234375 0.0390625
1 0.1796875 0.5234375 0.1421875 0.0875
2 0.1421875 0.3390625 0.0234375 0.0375
1 0.059375 0.375 0.0796875 0.0421875
1 0.328125 0.35 0.0328125 0.0328125
1 0.1171875 0.4453125 0.1046875 0.0859375
2 0.5828125 0.4359375 0.0515625 0.075
3 0.04375 0.4125 0.0390625 0.0640625
1 0.415625 0.6890625 0.2046875 0.1203125
2 0.709375 0.51875 0.06875 0.109375
2 0.25625 0.4296875 0.0375 0.075
2 0.290625 0.421875 0.0328125 0.065625
1 0.2171875 0.340625 0.05 0.0375
1 0.246875 0.378125 0.075 0.0375
1 0.2953125 0.3609375 0.05 0.046875
4 0.228125 0.2953125 0.0703125 0.0390625
1 0.25625 0.3328125 0.0328125 0.03125
1 0.0875 0.3375 0.0484375 0.0328125
4 0.128125 0.275 0.0453125 0.0359375
1 0.8140625 0.34375 0.0515625 0.0328125
1 0.9203125 0.36875 0.0859375 0.0359375
1 0.5625 0.321875 0.0296875 0.028125
4 0.171875 0.2671875 0.025 0.0265625
2 0.1125 0.31875 0.0125 0.0296875
1 0.1265625 0.309375 0.025 0.0203125
1 0.3828125 0.5890625 0.040625 0.053125
3 0.1625 0.671875 0.053125 0.103125
3 0.0390625 0.5046875 0.0515625 0.0671875
1 0.6953125 0.340625 0.0484375 0.040625
2 0.6609375 0.340625 0.009375 0.0140625
1 0.396875 0.3078125 0.0203125 0.01875
1 0.1546875 0.2984375 0.021875 0.021875
1 0.171875 0.328125 0.040625 0.034375
1 0.1765625 0.30625 0.0265625 0.0140625
1 0.0859375 0.296875 0.01875 0.0234375
1 0.103125 0.3 0.0171875 0.0234375