0 0.3130729166666667 0.3490451388888889 0.22256944444444446 0.1799768518518518
1 0.7972048611111111 0.7635706018518519 0.29802083333333335 0.1328125
1 0.61234375 0.40587384259259257 0.11875 0.07465277777777786
1 0.20697916666666666 0.556712962962963 0.2400347222222222 0.19311342592592595
4 0.2860590277777778 0.26495949074074077 0.06968750000000004 0.04473379629629628
1 0.4726215277777778 0.3704571759259259 0.09510416666666668 0.06440972222222223
1 0.6459722222222222 0.5435763888888889 0.24427083333333338 0.17297453703703702
2 0.45140624999999995 0.44696180555555554 0.06159722222222221 0.10219907407407405
1 0.12814236111111113 0.34574652777777776 0.08111111111111109 0.06701388888888893
1 0.831857638888889 0.5390335648148149 0.2061805555555555 0.1450231481481481
1 0.17229166666666668 0.4666666666666666 0.15704861111111107 0.11197916666666678
1 0.931857638888889 0.39482060185185186 0.11864583333333342 0.06996527777777777
3 0.03665798611111111 0.4296006944444445 0.07331597222222222 0.08090277777777785
3 0.4296527777777778 0.7233217592592592 0.12378472222222214 0.09045138888888893
2 0.6214409722222223 0.4531539351851851 0.03847222222222228 0.04513888888888893
2 0.6550520833333333 0.45112847222222224 0.04809027777777786 0.05642361111111107
2 0.17869791666666668 0.2837673611111111 0.027430555555555534 0.04004629629629628
3 0.037734375 0.6263020833333333 0.07546875 0.10601851851851851
2 0.14972222222222223 0.25283564814814813 0.012847222222222232 0.016087962962962978
1 0.17852430555555557 0.25645254629629627 0.039687499999999966 0.029571759259259256
1 0.17352430555555556 0.23556134259259257 0.037986111111111096 0.023263888888888928
1 0.6257291666666667 0.33043981481481477 0.08197916666666671 0.035821759259259345
1 0.14434027777777778 0.28425925925925927 0.05121527777777777 0.05653935185185181
1 0.7406423611111111 0.3581886574074074 0.07895833333333328 0.04039351851851851
1 0.5311979166666667 0.36906828703703703 0.052777777777777854 0.05659722222222223
2 0.17131944444444444 0.36990740740740746 0.05486111111111112 0.08009259259259256
1 0.19812500000000002 0.2526041666666667 0.03805555555555555 0.026388888888888927
2 0.5113888888888889 0.4525462962962964 0.05368055555555564 0.09722222222222214
2 0.5691319444444444 0.4535300925925926 0.050277777777777644 0.08460648148148149
2 0.7125868055555555 0.4614872685185185 0.04527777777777775 0.07037037037037042
3 0.05710069444444445 0.38116319444444446 0.039444444444444435 0.08888888888888893
3 0.09453125 0.31264467592592593 0.06336805555555554 0.04137731481481488
1 0.21590277777777778 0.29565972222222225 0.03527777777777778 0.041898148148148094
2 0.12720486111111112 0.24742476851851852 0.017847222222222216 0.03032407407407405
2 0.20456597222222223 0.27890625 0.019374999999999965 0.028819444444444463
1 0.24307291666666667 0.2673321759259259 0.0364583333333333 0.024768518518518513
1 0.1445486111111111 0.23975694444444445 0.019166666666666644 0.019444444444444466
1 0.4260416666666667 0.4291666666666667 0.03104166666666668 0.06203703703703702