1 0.08643229166666666 0.6476041666666668 0.17286458333333332 0.17802083333333343
1 0.7471701388888888 0.6249479166666667 0.21694444444444444 0.18427083333333344
2 0.23343749999999996 0.6361458333333333 0.1218055555555555 0.14677083333333343
1 0.2604861111111111 0.5211979166666667 0.15861111111111112 0.1336458333333333
1 0.7959027777777778 0.5333854166666667 0.15166666666666676 0.11760416666666665
1 0.6607465277777778 0.3833333333333333 0.05194444444444457 0.047083333333333324
1 0.6923263888888889 0.43088541666666663 0.08812499999999997 0.09000000000000004
2 0.7710763888888889 0.35151041666666666 0.020069444444444428 0.030937500000000017
1 0.8514756944444445 0.35843749999999996 0.06281250000000008 0.046250000000000034
1 0.7356770833333334 0.38989583333333333 0.054201388888888855 0.06281249999999998
4 0.7150000000000001 0.30859375 0.11177083333333329 0.09625000000000003
2 0.4343229166666667 0.54140625 0.09114583333333322 0.1229166666666666
2 0.7871701388888889 0.3596354166666667 0.036388888888888714 0.04760416666666671
2 0.5941840277777778 0.43531250000000005 0.047812500000000036 0.059270833333333425
1 0.5682986111111111 0.40067708333333335 0.08048611111111104 0.05833333333333339
2 0.6389236111111111 0.43359375 0.04170138888888886 0.061979166666666606
0 0.8554513888888888 0.28661458333333334 0.07423611111111086 0.05791666666666666
1 0.44421875 0.4950520833333333 0.13895833333333324 0.11208333333333335
1 0.8468055555555555 0.4106249999999999 0.098298611111111 0.07354166666666657
1 0.055538194444444446 0.4231249999999999 0.11107638888888889 0.07864583333333322
1 0.713125 0.35078125 0.04982638888888893 0.03447916666666666
1 0.5090104166666667 0.44765625 0.08083333333333335 0.06614583333333339
1 0.5245486111111111 0.39776041666666667 0.04440972222222221 0.05281249999999993
2 0.6244618055555555 0.49453125 0.06822916666666679 0.09802083333333336
2 0.8296180555555555 0.4447395833333333 0.05347222222222214 0.08145833333333333
1 0.8421006944444445 0.32255208333333335 0.04704861111111107 0.04208333333333334
3 0.9358159722222222 0.5058854166666666 0.08003472222222215 0.08322916666666665
2 0.5430902777777777 0.5094791666666667 0.06809027777777779 0.09489583333333336
1 0.05401041666666666 0.5426041666666667 0.10802083333333332 0.11020833333333328
2 0.7977430555555556 0.3509375 0.03128472222222243 0.03791666666666664
3 0.918611111111111 0.45223958333333336 0.036562500000000143 0.08656249999999996
3 0.9169270833333332 0.40197916666666667 0.028229166666666573 0.039270833333333324
3 0.9123784722222222 0.680625 0.08427083333333343 0.10843750000000014
3 0.5947048611111111 0.7761979166666666 0.0750694444444445 0.07666666666666658
4 0.4267361111111111 0.34187500000000004 0.06364583333333336 0.06500000000000003
1 0.6236805555555556 0.38869791666666664 0.03340277777777771 0.05052083333333339
2 0.49366319444444445 0.40510416666666665 0.02524305555555557 0.0421875
1 0.5971354166666667 0.36890625 0.03215277777777779 0.022395833333333302
2 0.6635243055555555 0.35609375 0.019722222222222287 0.023125000000000017
1 0.7005381944444444 0.36953125 0.03774305555555557 0.043020833333333286
2 0.8232465277777777 0.3236458333333333 0.016805555555555428 0.027604166666666607
1 0.8118055555555557 0.3166145833333333 0.022986111111111283 0.02645833333333334