1 0.7444386574074073 0.7641145833333333 0.42174768518518524 0.2716435185185187
1 0.47798611111111117 0.4410995370370371 0.12309027777777785 0.09731481481481481
2 0.7991145833333333 0.6077835648148148 0.09428240740740748 0.12612268518518518
0 0.20405092592592594 0.2914525462962963 0.12677083333333333 0.11615740740740739
1 0.2725925925925926 0.30052083333333335 0.05777777777777775 0.05322916666666666
1 0.3047743055555555 0.34917245370370364 0.06444444444444439 0.0674768518518519
1 0.1930613425925926 0.5303993055555555 0.2689351851851852 0.22496527777777792
1 0.12215856481481482 0.3898958333333334 0.12401620370370373 0.1285648148148148
2 0.38230902777777775 0.4241898148148149 0.05254629629629628 0.0874189814814816
0 0.2774074074074074 0.24358217592592593 0.03989583333333328 0.02928240740740744
3 0.15642939814814816 0.6583333333333334 0.12622685185185184 0.15048611111111115
1 0.16951967592592593 0.4804398148148149 0.18077546296296293 0.1474189814814814
2 0.6966261574074074 0.530462962962963 0.07502314814814817 0.10837962962962955
2 0.20064236111111114 0.32732060185185186 0.03627314814814815 0.06508101851851844
3 0.041102430555555555 0.41549768518518515 0.08220486111111111 0.10420138888888886
3 0.05969328703703704 0.3340914351851852 0.050844907407407415 0.08268518518518517
4 0.8690798611111111 0.4104629629629629 0.24563657407407397 0.2289583333333333
2 0.36107060185185186 0.3492766203703704 0.05309027777777775 0.05309027777777775