1 0.30655671296296294 0.36213541666666665 0.06290509259259255 0.05839120370370363
1 0.24004629629629629 0.5909780092592593 0.16796296296296295 0.11459490740740748
1 0.7037557870370371 0.5057118055555556 0.22453703703703703 0.1616782407407408
1 0.1794849537037037 0.5438078703703704 0.15233796296296295 0.11366898148148152
2 0.3376446759259259 0.3821585648148148 0.04887731481481481 0.06224537037037035
1 0.11359375000000001 0.47821180555555554 0.11324074074074075 0.10666666666666665
3 0.037285879629629634 0.4483738425925926 0.03331018518518519 0.06913194444444457
1 0.21519675925925927 0.36130208333333336 0.06281249999999998 0.04589120370370363
3 0.26291666666666663 0.6661516203703703 0.05412037037037045 0.13752314814814817
2 0.2257002314814815 0.41924768518518524 0.04741898148148156 0.07621527777777785
1 0.39561921296296293 0.35685763888888894 0.06133101851851848 0.05673611111111114
3 0.03890046296296296 0.5466724537037038 0.0755787037037037 0.08256944444444443
1 0.4634490740740741 0.37157986111111113 0.0973032407407409 0.06355324074074069
1 0.7319386574074074 0.2853877314814815 0.09868055555555558 0.03864583333333336
4 0.15516782407407406 0.3476793981481482 0.039421296296296315 0.05075231481481488
1 0.10685763888888888 0.3333622685185185 0.03459490740740741 0.03172453703703706
1 0.17635416666666667 0.33392939814814815 0.022129629629629655 0.035671296296296263
1 0.2536458333333333 0.3363773148148148 0.036238425925925986 0.042754629629629635
2 0.23175347222222223 0.3400173611111111 0.014212962962962993 0.021145833333333287
1 0.33793402777777776 0.3430960648148148 0.03151620370370374 0.03778935185185191
1 0.7116493055555555 0.28346643518518516 0.058067129629629476 0.03780092592592599
3 0.17418402777777778 0.7323206018518519 0.05974537037037035 0.05351851851851848
2 0.06611689814814815 0.35139467592592594 0.020567129629629633 0.03557870370370368
1 0.11865740740740742 0.32173032407407404 0.017337962962962992 0.02133101851851844
1 0.15146412037037038 0.32056712962962963 0.028240740740740743 0.01729166666666675
1 0.8241608796296296 0.27523726851851854 0.09412037037037031 0.05555555555555554