1 0.22686921296296297 0.6051504629629629 0.1937384259259259 0.1648148148148149
1 0.16843171296296294 0.5185185185185185 0.14046296296296296 0.10509259259259256
1 0.4634606481481482 0.459837962962963 0.11008101851851855 0.08055555555555553
1 0.79140625 0.5572337962962963 0.19221064814814817 0.11325231481481488
1 0.37875 0.41524884259259254 0.08907407407407408 0.056365740740740834
1 0.40116319444444437 0.3714988425925926 0.08424768518518526 0.05150462962962958
1 0.17590856481481482 0.37175925925925923 0.05961805555555557 0.06307870370370364
1 0.11372106481481481 0.30610532407407404 0.03543981481481482 0.0372106481481481
1 0.14211805555555554 0.32436342592592593 0.040127314814814775 0.037384259259259256
1 0.2131423611111111 0.32934027777777775 0.04315972222222229 0.034375
1 0.265625 0.3265914351851852 0.05414351851851853 0.03634259259259256
1 0.5263078703703703 0.344849537037037 0.055335648148148134 0.023900462962962978
3 0.02714699074074074 0.480150462962963 0.05429398148148148 0.08998842592592596
3 0.04545717592592593 0.39273726851851853 0.027083333333333327 0.07123842592592596
3 0.2377199074074074 0.687673611111111 0.06929398148148147 0.1789351851851851
1 0.11017939814814814 0.42563657407407407 0.09909722222222221 0.07858796296296297
3 0.06710648148148149 0.3747685185185185 0.023078703703703705 0.04143518518518521
2 0.2878761574074074 0.393894675925926 0.053136574074074086 0.055034722222222145
2 0.5194212962962963 0.5244791666666666 0.07865740740740748 0.12621527777777786
2 0.5853356481481482 0.4643518518518519 0.043171296296296194 0.08744212962962976
2 0.7061284722222222 0.690162037037037 0.09406250000000008 0.17204861111111108
2 0.7844444444444445 0.6602141203703704 0.08243055555555542 0.1482060185185187
1 0.29300925925925925 0.35263310185185187 0.05892361111111111 0.03964120370370372
1 0.7632928240740741 0.3974247685185185 0.05878472222222229 0.034953703703703806
1 0.9723148148148149 0.4434895833333334 0.03231481481481495 0.037094907407407264
4 0.16947337962962963 0.27219328703703705 0.053321759259259235 0.061284722222222233
4 0.09739583333333333 0.2499710648148148 0.051157407407407415 0.0409143518518519