1 0.2640625 0.4390625 0.0859375 0.1046875
1 0.3359375 0.39375 0.0578125 0.0671875
1 0.121875 0.31875 0.0328125 0.034375
1 0.115625 0.459375 0.0984375 0.1109375
1 0.6140625 0.3296875 0.0328125 0.021875
1 0.8046875 0.3453125 0.05625 0.034375
1 0.1125 0.2984375 0.0234375 0.0171875
4 0.534375 0.434375 0.1375 0.1140625
1 0.425 0.3765625 0.0703125 0.05625
4 0.23125 0.2734375 0.046875 0.0453125
0 0.9765625 0.34375 0.046875 0.10625
1 0.4484375 0.3 0.1 0.0484375
1 0.2046875 0.365625 0.0671875 0.0578125
1 0.2453125 0.3328125 0.0421875 0.034375
1 0.1984375 0.3203125 0.0296875 0.0203125
1 0.165625 0.3234375 0.0359375 0.0328125
1 0.1421875 0.3046875 0.0265625 0.01875
1 0.1 0.3765625 0.071875 0.0546875
1 0.18125 0.534375 0.1578125 0.115625
1 0.2515625 0.6046875 0.1984375 0.146875