1 0.28249421296296295 0.64921875 0.24097222222222214 0.19375
1 0.5783564814814814 0.390625 0.15902777777777785 0.12750000000000003
1 0.187818287037037 0.44015624999999997 0.07303240740740743 0.078125
1 0.6782696759259259 0.3393229166666667 0.13090277777777787 0.12562499999999996
1 0.862181712962963 0.20880208333333333 0.06903935185185191 0.054479166666666676
1 0.22068865740740745 0.5875520833333333 0.17494212962962957 0.13635416666666664
4 0.2827835648148148 0.33984375 0.14490740740740743 0.125
1 0.31374421296296295 0.4568229166666667 0.09415509259259255 0.10135416666666668
1 0.4757523148148149 0.3692708333333333 0.10011574074074084 0.09395833333333332
1 0.3239293981481482 0.37234375000000003 0.061111111111111074 0.050833333333333286
2 0.927488425925926 0.19583333333333333 0.041145833333333215 0.05885416666666665
2 0.06956018518518518 0.44020833333333337 0.024826388888888884 0.0390625
2 0.07517361111111112 0.4226041666666667 0.021527777777777767 0.0341666666666665
1 0.13585069444444448 0.5383854166666667 0.12280092592592595 0.11729166666666657
2 0.19484953703703703 0.39739583333333334 0.04988425925925925 0.04229166666666666
3 0.07826967592592593 0.6119270833333333 0.08761574074074074 0.09312500000000004
1 0.3191550925925926 0.4760416666666666 0.08194444444444446 0.06625000000000014
4 0.10896990740740739 0.36239583333333336 0.059837962962962975 0.058541666666666714
1 0.4361689814814815 0.5269791666666667 0.16105324074074065 0.18218749999999986
1 0.3453703703703704 0.40145833333333336 0.06944444444444446 0.06541666666666668
2 0.22766203703703702 0.4163541666666667 0.03304398148148149 0.050520833333333216
2 0.2626736111111111 0.4101041666666667 0.02795138888888893 0.039270833333333324
2 0.41163194444444445 0.4142708333333333 0.05289351851851851 0.08145833333333333
2 0.44403935185185184 0.44343749999999993 0.04375 0.04499999999999993
2 0.10153356481481482 0.41536458333333337 0.023263888888888883 0.03895833333333343
4 0.08130787037037038 0.39791666666666664 0.02905092592592593 0.026874999999999982
4 0.07254050925925926 0.37265625 0.03755787037037037 0.04614583333333337
2 0.13799189814814813 0.40588541666666667 0.021006944444444463 0.02010416666666668
2 0.12355324074074074 0.39666666666666667 0.01655092592592595 0.02604166666666661
1 0.1347800925925926 0.3826041666666667 0.027256944444444466 0.02052083333333332
2 0.15416666666666665 0.3773958333333334 0.012962962962962976 0.013333333333333286
1 0.04609375 0.48328125 0.058159722222222224 0.055312499999999966
3 0.04528356481481481 0.5036979166666666 0.022916666666666675 0.029583333333333427
3 0.06559606481481481 0.5234895833333333 0.03859953703703702 0.07427083333333329
3 0.08616898148148149 0.48687500000000006 0.02309027777777777 0.03427083333333343
3 0.3407986111111111 0.7009375 0.07482638888888893 0.1265625
4 0.6317418981481481 0.24609375 0.07876157407407405 0.06447916666666664