1 0.8289641203703704 0.5007060185185186 0.24047453703703708 0.16011574074074061
1 0.27348379629629627 0.6419212962962962 0.21432870370370374 0.17339120370370367
1 0.20163773148148145 0.5617361111111111 0.15314814814814817 0.11069444444444443
1 0.2018518518518518 0.48993055555555554 0.11945601851851854 0.08003472222222215
2 0.48554398148148153 0.42262152777777773 0.045648148148148236 0.06535879629629626
1 0.10017361111111112 0.37763888888888886 0.0560300925925926 0.046932870370370416
1 0.29064236111111114 0.40435763888888887 0.08783564814814815 0.06660879629629637
4 0.4531828703703704 0.38419560185185186 0.13696759259259253 0.09148148148148146
4 0.6210358796296296 0.49064236111111115 0.22840277777777765 0.22688657407407398
4 0.4172858796296296 0.3581539351851852 0.21372685185185195 0.15307870370370366
2 0.4967939814814814 0.5915567129629629 0.09047453703703709 0.1556712962962962
2 0.715943287037037 0.6378587962962963 0.1189699074074074 0.16900462962962964
1 0.13971064814814815 0.44749999999999995 0.10355324074074072 0.07019675925925917
2 0.19817708333333334 0.39225115740740735 0.040451388888888884 0.04803240740740744
1 0.07840277777777778 0.4331944444444444 0.06246527777777779 0.05336805555555557
1 0.9165219907407408 0.3471875 0.12234953703703724 0.0723148148148148
3 0.12210069444444445 0.7225173611111112 0.08094907407407406 0.09762731481481488
3 0.29819444444444443 0.7909606481481481 0.05777777777777775 0.05322916666666675
3 0.06964699074074074 0.5328472222222222 0.04832175925925926 0.10290509259259259
2 0.24583912037037034 0.4202025462962963 0.03613425925925924 0.060393518518518444
4 0.24943287037037037 0.3570833333333333 0.07648148148148151 0.05222222222222221
2 0.1526736111111111 0.35811921296296295 0.018159722222222195 0.03332175925925931
1 0.09352430555555555 0.33763310185185186 0.0745949074074074 0.04123842592592588
1 0.8132581018518519 0.33944444444444444 0.06218749999999993 0.04399305555555557