0 0.1202199074074074 0.7338831018518518 0.14628472222222225 0.12702546296296297
1 0.9034780092592593 0.3556712962962963 0.09837962962962976 0.08159722222222224
1 0.8921296296296297 0.36235532407407406 0.07686342592592581 0.06053240740740744
2 0.25692708333333336 0.702199074074074 0.15494212962962967 0.16788194444444446
1 0.8499942129629628 0.48370949074074077 0.15427083333333336 0.10393518518518512
1 0.8065567129629629 0.5698784722222222 0.19160879629629618 0.1552083333333334
2 0.698599537037037 0.34681712962962963 0.04386574074074083 0.056192129629629675
1 0.601736111111111 0.3770254629629629 0.10232638888888879 0.06927083333333331
2 0.320318287037037 0.42424768518518513 0.071712962962963 0.05254629629629619
1 0.781863425925926 0.32494212962962965 0.06500000000000003 0.04450231481481479
1 0.09324074074074075 0.5164351851851852 0.13296296296296298 0.13900462962962976
1 0.43069444444444444 0.3974537037037037 0.09322916666666661 0.07361111111111107
1 0.6573668981481482 0.324855324074074 0.05075231481481488 0.04085648148148149
2 0.4422453703703703 0.539525462962963 0.08792824074074072 0.14201388888888894
2 0.8311631944444444 0.29806134259259254 0.02666666666666657 0.029050925925925952
1 0.7407233796296296 0.30454282407407407 0.04707175925925924 0.03136574074074074
1 0.8521296296296296 0.32155671296296295 0.06535879629629662 0.02424768518518512
4 0.2716956018518518 0.5286168981481482 0.27525462962962954 0.17233796296296297
1 0.09267361111111111 0.3747395833333333 0.11270833333333334 0.06030092592592595
1 0.8530555555555555 0.33718171296296295 0.07134259259259253 0.04629629629629637
1 0.18081018518518518 0.3558159722222222 0.09128472222222221 0.04079861111111107
2 0.5149363425925927 0.4052951388888889 0.04250000000000007 0.08576388888888893
2 0.657957175925926 0.4140914351851851 0.055914351851851764 0.07534722222222215
4 0.9132233796296296 0.25587384259259255 0.0593055555555555 0.05364583333333339
2 0.8816666666666666 0.29149305555555555 0.030162037037037237 0.03541666666666661
3 0.7523090277777778 0.632175925925926 0.04306712962962962 0.12164351851851851
3 0.6785300925925926 0.6951967592592593 0.07413194444444446 0.11967592592592595
3 0.962818287037037 0.6258101851851852 0.07436342592592596 0.0887731481481481
3 0.97046875 0.4291377314814815 0.04269675925925931 0.1153935185185185
3 0.9406886574074074 0.4286747685185185 0.037824074074073975 0.11209490740740743
3 0.8267129629629629 0.4211516203703704 0.0458796296296299 0.03755787037037024
3 0.9683159722222221 0.3399594907407407 0.03457175925925924 0.03090277777777777
2 0.7999074074074073 0.2859085648148148 0.053321759259259235 0.031597222222222145
1 0.7670023148148148 0.2855613425925926 0.027858796296296263 0.02285879629629628
1 0.846875 0.2857349537037037 0.03650462962962955 0.0372106481481481
1 0.8638715277777778 0.2686631944444445 0.02795138888888893 0.024421296296296368
0 0.8305439814814815 0.24797453703703703 0.07483796296296319 0.05266203703703702
2 0.45588541666666665 0.412962962962963 0.03835648148148145 0.06846064814814809