1 0.7609375 0.4671875 0.1625 0.090625
1 0.4390625 0.4046875 0.0890625 0.0578125
1 0.9359375 0.5859375 0.128125 0.1515625
4 0.140625 0.3046875 0.0515625 0.0421875
1 0.5890625 0.48125 0.18125 0.11875
2 0.7625 0.6015625 0.0921875 0.125
1 0.253125 0.375 0.053125 0.046875
4 0.278125 0.3203125 0.078125 0.059375
1 0.5 0.3828125 0.0765625 0.05
2 0.29375 0.4265625 0.0453125 0.075
1 0.3375 0.3734375 0.0625 0.0625
1 0.2375 0.609375 0.1859375 0.1453125
3 0.0515625 0.4171875 0.03125 0.065625
1 0.196875 0.3296875 0.0375 0.025
1 0.6078125 0.4046875 0.10625 0.0421875
1 0.2171875 0.321875 0.0328125 0.025
2 0.2078125 0.3921875 0.0265625 0.053125
2 0.2546875 0.4046875 0.0359375 0.0515625
3 0.0359375 0.4921875 0.071875 0.0984375
1 0.1859375 0.525 0.1515625 0.09375
3 0.06875 0.7109375 0.0546875 0.1359375
3 0.2578125 0.6875 0.0609375 0.165625
1 0.0671875 0.38125 0.075 0.0546875