4 0.3348784722222222 0.3003761574074074 0.1156944444444444 0.0760416666666666
1 0.7199826388888889 0.47427662037037044 0.11531249999999993 0.10254629629629619
0 0.49835069444444446 0.390162037037037 0.16173611111111122 0.129224537037037
1 0.2748611111111111 0.3654513888888889 0.05934027777777775 0.03651620370370372
1 0.3596875 0.39363425925925927 0.07538194444444439 0.04646990740740744
2 0.2969097222222222 0.3975694444444445 0.041145833333333395 0.04832175925925917
1 0.21305555555555555 0.6292245370370371 0.23684027777777777 0.16944444444444445
3 0.2806423611111111 0.710763888888889 0.0709027777777778 0.12118055555555571
2 0.23152777777777778 0.3896701388888889 0.03774305555555557 0.04195601851851851
2 0.3505208333333333 0.42381365740740745 0.05263888888888886 0.06122685185185191
1 0.12307291666666668 0.3473090277777778 0.04500000000000002 0.029745370370370415
2 0.24397569444444445 0.44412615740740746 0.05006944444444441 0.07361111111111107
1 0.10600694444444445 0.43197337962962956 0.07600694444444445 0.060532407407407264
3 0.16144097222222223 0.4700231481481481 0.05291666666666668 0.0674768518518519
1 0.16947916666666668 0.34198495370370374 0.02895833333333333 0.019791666666666607
1 0.18871527777777777 0.3669560185185185 0.05777777777777775 0.03645833333333339
3 0.3186979166666667 0.5587962962962963 0.06947916666666662 0.12424768518518511
2 0.17659722222222224 0.39311342592592596 0.03270833333333334 0.03396990740740744
1 0.15868055555555555 0.5497395833333334 0.1638888888888889 0.10746527777777785
3 0.023836805555555556 0.4320601851851852 0.026944444444444448 0.04467592592592595
1 0.14140625 0.3221643518518519 0.0431597222222222 0.0234375
3 0.05206597222222222 0.7124710648148148 0.07829861111111111 0.11209490740740743
2 0.8588020833333333 0.4848958333333334 0.07440972222222228 0.09479166666666679
2 0.37168402777777776 0.7047453703703704 0.07131944444444445 0.20075231481481487
3 0.5167881944444443 0.5035300925925925 0.056493055555555574 0.11284722222222214
2 0.42430555555555555 0.4539351851851852 0.0469444444444445 0.07349537037037042
2 0.48526041666666675 0.47340856481481486 0.03805555555555564 0.08408564814814809
1 0.8659027777777777 0.3779513888888889 0.07142361111111128 0.027604166666666697
1 0.800017361111111 0.36377314814814815 0.06586805555555557 0.04299768518518521
1 0.5908506944444445 0.3513310185185185 0.018090277777777785 0.020949074074074047
0 0.46696180555555555 0.32170138888888894 0.09093750000000007 0.045486111111111074
2 0.4071701388888889 0.3288773148148148 0.009999999999999964 0.014409722222222143
3 0.12184027777777777 0.3926504629629629 0.02142361111111111 0.02575231481481479
2 0.08236111111111111 0.3653645833333333 0.019062499999999982 0.04282407407407405
2 0.094375 0.34155092592592595 0.015312499999999996 0.02864583333333339
2 0.07104166666666667 0.3383391203703704 0.013750000000000017 0.028587962962962975
2 0.04032986111111111 0.34267939814814813 0.016388888888888897 0.01776620370370372
2 0.08381944444444445 0.3325520833333333 0.011979166666666652 0.02384259259259256
2 0.11157986111111111 0.3241898148148148 0.011701388888888876 0.01759259259259256
2 0.09619791666666666 0.3181423611111111 0.011701388888888876 0.01759259259259256
2 0.08522569444444444 0.31851851851851853 0.006805555555555553 0.012731481481481488
2 0.07598958333333333 0.31504629629629627 0.008437499999999987 0.014351851851851904
2 0.06161458333333334 0.32155671296296295 0.011770833333333331 0.01915509259259256
0 0.11317708333333334 0.2882523148148148 0.034062500000000016 0.029340277777777857
1 0.06458333333333333 0.3075810185185185 0.01468750000000001 0.014583333333333304
1 0.18378472222222222 0.337037037037037 0.019652777777777786 0.021006944444444463
3 0.06630208333333333 0.5330150462962964 0.030729166666666675 0.09473379629629619
3 0.02685763888888889 0.5049479166666666 0.03645833333333333 0.11834490740740726
3 0.06088541666666667 0.44360532407407405 0.023124999999999996 0.02893518518518512