1 0.8575405092592593 0.7246296296296296 0.28491898148148137 0.2243287037037037
0 0.63859375 0.3559027777777778 0.16579861111111108 0.09851851851851859
1 0.20815393518518518 0.46405671296296297 0.168900462962963 0.12825231481481475
2 0.5743460648148148 0.5911342592592593 0.07175925925925916 0.15033564814814823
2 0.6300462962962963 0.5069791666666668 0.08379629629629619 0.11168981481481488
1 0.4414814814814815 0.390625 0.10388888888888878 0.07796296296296301
1 0.24965277777777778 0.557332175925926 0.21828703703703703 0.17807870370370366
1 0.2926678240740741 0.2887094907407407 0.050381944444444396 0.03893518518518517
1 0.3468865740740741 0.3113773148148148 0.061400462962962976 0.04082175925925924
1 0.1695601851851852 0.3365451388888889 0.08168981481481481 0.07106481481481479
1 0.821875 0.5508854166666667 0.1476736111111112 0.1401041666666666
1 0.2211284722222222 0.27800925925925923 0.04790509259259261 0.05134259259259259
3 0.22450810185185185 0.37327546296296293 0.08956018518518513 0.10250000000000004
1 0.3658159722222222 0.3454803240740741 0.07215277777777782 0.06766203703703706
1 0.4891203703703704 0.5722280092592593 0.18733796296296285 0.21304398148148138
2 0.25644097222222223 0.23693287037037036 0.07824074074074075 0.06472222222222221
1 0.26005787037037037 0.29164351851851855 0.04060185185185183 0.03084490740740744
2 0.1573321759259259 0.25115740740740744 0.04971064814814814 0.056076388888888926
1 0.25994791666666667 0.2744791666666667 0.037233796296296265 0.026064814814814773
3 0.0838425925925926 0.5789409722222223 0.08339120370370372 0.10387731481481488
3 0.30982060185185184 0.6496006944444443 0.06628472222222222 0.10493055555555557
3 0.3507118055555556 0.6258506944444445 0.07162037037037035 0.11756944444444457
3 0.37361111111111106 0.5259027777777778 0.06431712962962965 0.09707175925925923
3 0.44545717592592593 0.7230439814814815 0.16502314814814803 0.1437384259259261
1 0.5640219907407408 0.4371585648148148 0.09631944444444436 0.08241898148148152
1 0.909982638888889 0.45989004629629626 0.07883101851851855 0.04601851851851855
3 0.0769212962962963 0.38528356481481485 0.05287037037037039 0.11701388888888893
3 0.10358217592592593 0.4180555555555555 0.04761574074074071 0.10593749999999993
3 0.13788773148148148 0.4026909722222222 0.045486111111111116 0.0949537037037036
3 0.09112268518518518 0.3131597222222222 0.028425925925925945 0.03672453703703704
3 0.12578703703703703 0.25958333333333333 0.026944444444444438 0.0382407407407408
2 0.16894675925925925 0.27958333333333335 0.028587962962962975 0.039849537037037044
2 0.19825810185185183 0.2882523148148148 0.025787037037037042 0.04600694444444446