4 0.7587673611111111 0.2820717592592593 0.08240740740740726 0.08053240740740737
1 0.7686747685185186 0.5621238425925925 0.23062499999999986 0.1755092592592593
2 0.7859548611111111 0.3445196759259259 0.052326388888888964 0.05309027777777775
0 0.10663194444444446 0.7090277777777778 0.2095601851851852 0.2295486111111112
1 0.8538310185185185 0.348755787037037 0.07429398148148145 0.05998842592592588
0 0.31178819444444444 0.6086400462962963 0.6235763888888889 0.42959490740740736
2 0.6496122685185185 0.3758912037037037 0.05887731481481495 0.07358796296296291
3 0.8031828703703703 0.3939872685185185 0.04791666666666643 0.07170138888888893
3 0.9090624999999999 0.41583912037037035 0.04052083333333343 0.09959490740740744
3 0.5949884259259259 0.742193287037037 0.06765046296296298 0.033240740740740723
2 0.8300462962962964 0.2674652777777778 0.03028935185185162 0.04150462962962962
3 0.9340393518518517 0.41666087962962967 0.0593634259259261 0.1064004629629629
1 0.8105844907407407 0.47420138888888896 0.15621527777777794 0.10770833333333343
3 0.8336400462962963 0.39386574074074077 0.0464467592592591 0.0779050925925926
2 0.810491898148148 0.2696064814814815 0.023993055555555642 0.03819444444444446
2 0.8604456018518519 0.27125000000000005 0.025509259259259308 0.035115740740740795
2 0.7905208333333333 0.2998726851851852 0.031898148148148134 0.04467592592592595
1 0.892650462962963 0.2585821759259259 0.038171296296296474 0.04642361111111111
3 0.9333506944444444 0.6212789351851852 0.07358796296296291 0.11775462962962954
2 0.015983796296296295 0.40569444444444447 0.03196759259259259 0.06673611111111111
3 0.534369212962963 0.6698032407407408 0.08559027777777786 0.1899537037037037
3 0.4021643518518519 0.6854340277777778 0.10597222222222218 0.1952430555555555
4 0.5416435185185184 0.3369212962962963 0.13762731481481474 0.11809027777777778
4 0.41321759259259255 0.36103009259259256 0.14065972222222226 0.11193287037037045
1 0.1623900462962963 0.37158564814814815 0.053750000000000006 0.043761574074074085
4 0.6780381944444445 0.24932291666666667 0.06788194444444447 0.048865740740740723
4 0.8278240740740742 0.2066203703703704 0.03961805555555529 0.03865740740740744