1 0.8066724537037036 0.5935358796296296 0.23629629629629606 0.2039583333333333
4 0.40043402777777776 0.49083333333333334 0.18306712962962965 0.17277777777777778
1 0.8387094907407407 0.5035706018518519 0.16687499999999994 0.1360069444444445
2 0.41156249999999994 0.6129398148148149 0.12763888888888886 0.15703703703703695
1 0.6535127314814815 0.39995370370370364 0.08376157407407411 0.07347222222222224
1 0.5949884259259259 0.4502025462962963 0.1354282407407407 0.10456018518518526
1 0.2533391203703704 0.6097916666666666 0.25964120370370375 0.20378472222222221
4 0.18910300925925924 0.5242418981481481 0.24041666666666667 0.16839120370370358
2 0.7512557870370371 0.394068287037037 0.0616087962962963 0.067488425925926
4 0.6250983796296297 0.3671296296296296 0.14195601851851852 0.10961805555555557
1 0.7272916666666667 0.34438078703703706 0.06730324074074083 0.0584837962962963
2 0.7513657407407408 0.33023726851851853 0.03668981481481488 0.04109953703703706
2 0.8217187500000002 0.32195023148148144 0.027499999999999858 0.04366898148148142
2 0.8019618055555556 0.33012152777777776 0.03890046296296283 0.05212962962962964
1 0.05181134259259259 0.46706018518518516 0.05177083333333332 0.059120370370370344
1 0.22492476851851856 0.7871643518518519 0.29439814814814813 0.2385416666666666
3 0.9710040509259258 0.6439814814814815 0.05799189814814838 0.10509259259259256
0 0.783883101851852 0.28778935185185184 0.09737268518518505 0.09296296296296296
1 0.4624594907407408 0.35515625 0.057094907407407545 0.04386574074074066
2 0.6698784722222222 0.5184780092592592 0.07956018518518526 0.13394675925925928
2 0.5333622685185185 0.4481076388888889 0.05435185185185176 0.07640046296296302
4 0.8393750000000001 0.23891782407407405 0.052592592592592524 0.04671296296296301
3 0.8686284722222222 0.40413773148148147 0.053159722222222074 0.08255787037037035
3 0.9686458333333334 0.45868634259259256 0.06270833333333314 0.07760416666666661
3 0.9466145833333333 0.4064236111111111 0.04268518518518505 0.08972222222222222
3 0.9222916666666666 0.37695601851851845 0.039004629629629764 0.08016203703703706
3 0.9298148148148148 0.3462615740740741 0.014988425925925952 0.016458333333333373
2 0.8582986111111112 0.32178240740740743 0.03081018518518519 0.04697916666666675
1 0.8396643518518518 0.2700752314814815 0.03778935185185191 0.033379629629629634
1 0.8922337962962963 0.26384837962962965 0.02069444444444457 0.033923611111111106
1 0.8711400462962964 0.2625983796296296 0.029976851851851904 0.032916666666666664
4 0.6497048611111111 0.3094212962962963 0.07530092592592581 0.06207175925925927
3 0.6225636574074074 0.7710243055555556 0.1318402777777777 0.0965625000000001