1 0.5502604166666667 0.42890625 0.12164351851851851 0.08125
1 0.4375578703703704 0.37890625 0.09212962962962976 0.0625
1 0.18350694444444443 0.2859375 0.05949074074074075 0.04375
1 0.24777199074074074 0.31484375 0.06990740740740745 0.0578125
2 0.32057291666666665 0.34453125 0.05179398148148149 0.0453125
2 0.3658854166666667 0.365625 0.05092592592592595 0.0546875
0 0.3365162037037037 0.30859375 0.13807870370370362 0.0921875
1 0.914236111111111 0.440625 0.11087962962962976 0.0625
1 0.17222222222222222 0.375 0.11909722222222223 0.0890625
3 0.022309027777777775 0.61484375 0.04461805555555555 0.1140625
3 0.026388888888888885 0.42734375 0.05277777777777777 0.0859375
1 0.1435474537037037 0.47734375 0.16493055555555558 0.1171875
1 0.7065104166666666 0.7875 0.4037037037037038 0.134375
3 0.13671875 0.3375 0.0296875 0.0421875
3 0.04829282407407407 0.35 0.05543981481481482 0.0734375
2 0.13518518518518516 0.2421875 0.043055555555555534 0.0328125
1 0.17149884259259257 0.5640625 0.2522569444444444 0.178125
2 0.11791087962962962 0.25390625 0.02251157407407405 0.0296875
1 0.43200231481481477 0.559375 0.16840277777777785 0.1640625
3 0.17277199074074073 0.63125 0.10040509259259256 0.153125
1 0.6664641203703703 0.37890625 0.062268518518518515 0.0390625
4 0.2718171296296296 0.2328125 0.08836805555555553 0.075