1 0.2328125 0.609375 0.2203125 0.146875
1 0.2359375 0.346875 0.065625 0.0390625
3 0.1828125 0.45 0.04375 0.059375
1 0.3890625 0.3765625 0.078125 0.04375
0 0.8796875 0.646875 0.2390625 0.2625
2 0.2546875 0.3875 0.0390625 0.0578125
3 0.1296875 0.45 0.0453125 0.0765625
4 0.503125 0.309375 0.115625 0.0609375
1 0.5421875 0.384375 0.084375 0.025
2 0.284375 0.359375 0.0359375 0.0484375
1 0.1859375 0.5234375 0.1453125 0.0875
1 0.0765625 0.35625 0.053125 0.0375
1 0.13125 0.4046875 0.06875 0.0484375
2 0.340625 0.4265625 0.0515625 0.071875
3 0.3453125 0.7140625 0.06875 0.1328125
2 0.3796875 0.39375 0.034375 0.053125
3 0.0796875 0.475 0.0359375 0.0984375
0 0.678125 0.5796875 0.503125 0.3359375
4 0.2546875 0.3140625 0.11875 0.053125
0 0.9296875 0.4734375 0.1296875 0.221875
3 0.0578125 0.4796875 0.0484375 0.1046875
3 0.06875 0.703125 0.0796875 0.1546875
2 0.3265625 0.409375 0.0421875 0.0640625
2 0.140625 0.353125 0.0296875 0.0453125
4 0.21875 0.2671875 0.0546875 0.03125
4 0.1265625 0.303125 0.0390625 0.0546875
2 0.0890625 0.309375 0.0296875 0.04375
3 0.0734375 0.4140625 0.0296875 0.0265625
1 0.6265625 0.33125 0.0703125 0.021875
2 0.7109375 0.3390625 0.0984375 0.0265625
1 0.8125 0.35 0.0828125 0.0390625