0 0.54953125 0.4948611111111111 0.4951388888888889 0.40406250000000005
1 0.09572916666666667 0.5126909722222223 0.1292013888888889 0.1351736111111112
1 0.2790972222222222 0.4218923611111111 0.11041666666666661 0.09847222222222225
4 0.7134375 0.22793402777777777 0.27225694444444437 0.19611111111111112
4 0.21210069444444443 0.2977777777777778 0.09920138888888888 0.0917361111111111
2 0.08793402777777777 0.38984375 0.03822916666666667 0.05315972222222225
2 0.14078125 0.3937326388888889 0.04156250000000004 0.05798611111111107
2 0.19678819444444445 0.3967013888888889 0.035243055555555534 0.05614583333333334
2 0.2128298611111111 0.3866319444444445 0.043333333333333356 0.06274305555555557
2 0.7587847222222222 0.61109375 0.17281250000000004 0.20416666666666677
2 0.8713888888888889 0.49848958333333326 0.14152777777777778 0.16690972222222236
2 0.7738888888888888 0.4115972222222222 0.11034722222222229 0.16708333333333342
2 0.9453298611111112 0.5716145833333333 0.06309027777777772 0.19149305555555554
2 0.93578125 0.26015625 0.058819444444444355 0.06031250000000003
1 0.9444618055555555 0.24027777777777776 0.043888888888889 0.07524305555555558
1 0.4418055555555555 0.3047222222222222 0.04732638888888889 0.04732638888888889
1 0.5186805555555555 0.29428819444444443 0.03760416666666657 0.03909722222222225
1 0.41303819444444445 0.30288194444444444 0.022986111111111106 0.025972222222222285
1 0.34631944444444446 0.31286458333333333 0.027534722222222197 0.023055555555555607
1 0.17347222222222222 0.3774652777777778 0.03298611111111112 0.040451388888888926
1 0.21479166666666666 0.3600347222222222 0.03916666666666666 0.03916666666666666
1 0.25286458333333334 0.3630208333333333 0.06940972222222222 0.05298611111111118
1 0.3115972222222222 0.3572916666666667 0.061736111111111124 0.055763888888888856
1 0.37633680555555554 0.3567534722222222 0.07288194444444454 0.0609375
1 0.3107465277777778 0.39397569444444447 0.0796180555555555 0.07215277777777782
1 0.21973958333333332 0.6522048611111112 0.24107638888888888 0.1962847222222223
1 0.16244791666666666 0.5728819444444444 0.18968749999999995 0.16281250000000008
1 0.07734375 0.3825173611111111 0.051874999999999984 0.04440972222222221
2 0.043055555555555555 0.36454861111111114 0.022986111111111106 0.025972222222222285
1 0.08296875000000001 0.3612152777777778 0.04371527777777777 0.036249999999999984
1 0.09211805555555555 0.34833333333333333 0.03284722222222223 0.03732638888888893
4 0.12631944444444443 0.3507118055555556 0.03760416666666666 0.03909722222222225
1 0.1597048611111111 0.35390625 0.045069444444444426 0.03163194444444448
4 0.04611111111111112 0.33088541666666665 0.04690972222222223 0.037951388888888896
3 0.02547743055555556 0.566232638888889 0.05095486111111112 0.0921875
3 0.010043402777777776 0.4669270833333334 0.020086805555555552 0.04833333333333343
3 0.03743055555555556 0.49111111111111116 0.04642361111111111 0.09718750000000007
1 0.5772743055555555 0.2916840277777778 0.04805555555555543 0.028645833333333304
2 0.005833333333333334 0.38375 0.011666666666666667 0.02937500000000002