1 0.21937499999999996 0.6167592592592592 0.22684027777777782 0.16471064814814812
1 0.35324652777777776 0.43520254629629634 0.07829861111111107 0.08209490740740737
3 0.5382291666666668 0.6637962962962962 0.06347222222222229 0.11722222222222207
1 0.12236111111111111 0.40680555555555553 0.07621527777777777 0.05857638888888896
3 0.18309027777777778 0.4545370370370371 0.04965277777777777 0.05719907407407412
1 0.9503645833333334 0.42001736111111115 0.08392361111111128 0.054293981481481526
0 0.9065277777777778 0.7736226851851852 0.13871527777777787 0.1320486111111112
3 0.4259027777777778 0.6501504629629629 0.057361111111111106 0.12314814814814809
2 0.18048611111111112 0.3605439814814815 0.03371527777777779 0.04232638888888891
2 0.8793923611111112 0.6220428240740741 0.090486111111111 0.13891203703703708
1 0.17130208333333335 0.5274479166666667 0.1535416666666667 0.09692129629629634
2 0.2767708333333333 0.39212962962962966 0.03534722222222229 0.0455324074074074
2 0.7885590277777779 0.5563252314814815 0.10246527777777778 0.11612268518518505
1 0.10036458333333334 0.3407465277777778 0.05079861111111113 0.038530092592592616
2 0.6041319444444444 0.5843055555555555 0.0691319444444444 0.09098379629629641
1 0.1338888888888889 0.3104166666666667 0.033333333333333305 0.025138888888888822
1 0.2646354166666667 0.3398784722222222 0.04885416666666664 0.02126157407407412
2 0.6185590277777777 0.46303819444444444 0.06062499999999993 0.05932870370370367
3 0.04498263888888889 0.4747511574074075 0.035069444444444445 0.103263888888889
2 0.23178819444444443 0.37493634259259256 0.029027777777777784 0.04208333333333334
1 0.17887152777777776 0.3276099537037037 0.04746527777777776 0.028993055555555536
2 0.280625 0.3594791666666667 0.03659722222222221 0.03155092592592599
1 0.6689236111111111 0.3788310185185185 0.07402777777777772 0.03037037037037038
1 0.3349826388888889 0.37715856481481486 0.06802083333333328 0.04098379629629623
2 0.14895833333333333 0.3362268518518518 0.02572916666666667 0.03410879629629626
1 0.21756944444444443 0.3460416666666667 0.0520833333333333 0.026111111111111106
3 0.4440798611111111 0.782494212962963 0.07760416666666661 0.05084490740740755
3 0.0586111111111111 0.7061921296296296 0.06541666666666668 0.06425925925925924
3 0.058767361111111104 0.6639641203703703 0.06420138888888889 0.07980324074074083
1 0.767795138888889 0.39960069444444446 0.07725694444444428 0.035219907407407366
1 0.23208333333333334 0.32645833333333335 0.03788194444444448 0.019131944444444392
2 0.7897916666666667 0.7472337962962963 0.12399305555555547 0.1718634259259259
3 0.048593750000000005 0.38264467592592594 0.016006944444444438 0.017997685185185207
3 0.0715625 0.47534722222222225 0.031770833333333345 0.09528935185185183
1 0.45348958333333333 0.4294502314814815 0.08746527777777775 0.07320601851851852
1 0.5724652777777778 0.3550578703703704 0.031736111111111145 0.023495370370370416
2 0.5941666666666666 0.36400462962962965 0.01288194444444457 0.017835648148148132
2 0.5255729166666667 0.3534085648148148 0.012951388888888892 0.02096064814814813
1 0.4819097222222222 0.3472337962962963 0.04423611111111114 0.024143518518518547
1 0.43831597222222224 0.33793402777777776 0.030069444444444572 0.018726851851851835
1 0.39163194444444444 0.32690972222222225 0.03163194444444439 0.018807870370370416
2 0.1463888888888889 0.31106481481481485 0.011354166666666643 0.019317129629629635
2 0.17300347222222223 0.3100983796296296 0.00961805555555557 0.011423611111111143
2 0.19019097222222223 0.3109895833333333 0.009583333333333322 0.009861111111111143
1 0.1583159722222222 0.3022974537037037 0.019166666666666644 0.019722222222222197
1 0.1412673611111111 0.29515625 0.01743055555555557 0.011828703703703702
2 0.08859375 0.30728587962962967 0.009930555555555554 0.025486111111111143
2 0.09651041666666667 0.30300347222222224 0.008333333333333349 0.02384259259259256
1 0.10680555555555556 0.2972800925925926 0.012951388888888892 0.02096064814814813
1 0.11609375 0.3016724537037037 0.011319444444444438 0.017754629629629638
1 0.08670138888888888 0.28685185185185186 0.015937500000000004 0.014872685185185119
2 0.09763888888888889 0.2874189814814815 0.004826388888888889 0.006493055555555571
1 0.06597222222222222 0.3397453703703704 0.02256944444444444 0.03238425925925927
1 0.07840277777777778 0.3787152777777778 0.04447916666666667 0.035081018518518546
2 0.854722222222222 0.5355092592592593 0.044375000000000143 0.10062499999999996
2 0.9408159722222222 0.42734375 0.02579861111111086 0.037233796296296265
1 0.8241319444444445 0.3986111111111111 0.057187499999999857 0.04510416666666668