1 0.2453125 0.609375 0.2 0.146875
1 0.28125 0.4015625 0.0875 0.04375
4 0.3078125 0.3078125 0.0828125 0.0578125
2 0.646875 0.6359375 0.096875 0.1609375
2 0.6578125 0.5203125 0.11875 0.1078125
1 0.2 0.3703125 0.0609375 0.04375
1 0.18125 0.5265625 0.146875 0.09375
1 0.1609375 0.3390625 0.046875 0.028125
4 0.5890625 0.3640625 0.215625 0.1484375
2 0.6875 0.4515625 0.053125 0.05625
4 0.4453125 0.4703125 0.15625 0.1890625
1 0.2671875 0.3578125 0.0484375 0.0421875
2 0.7640625 0.51875 0.0765625 0.103125
1 0.590625 0.4640625 0.1296875 0.0859375
1 0.3265625 0.365625 0.0640625 0.0453125
4 0.828125 0.45 0.1953125 0.1296875
3 0.065625 0.7046875 0.08125 0.1375
2 0.9375 0.6984375 0.125 0.1640625
1 0.965625 0.378125 0.06875 0.0546875
1 0.859375 0.359375 0.078125 0.0328125
3 0.134375 0.4375 0.0296875 0.0796875
3 0.053125 0.4546875 0.0328125 0.09375
1 0.0640625 0.3890625 0.0140625 0.021875
1 0.1296875 0.4109375 0.090625 0.065625