0 0.6994791666666667 0.36328125 0.2039236111111112 0.1765625
1 0.06960069444444446 0.53046875 0.11461805555555556 0.0953125
3 0.8143055555555556 0.64375 0.08972222222222222 0.1
1 0.804826388888889 0.25234375 0.04600694444444429 0.03125
1 0.8560763888888889 0.34375 0.07638888888888892 0.0625
3 0.9508159722222222 0.59921875 0.08649305555555564 0.0953125
3 0.95734375 0.63515625 0.08531249999999986 0.0890625
0 0.6952083333333333 0.2765625 0.1343055555555555 0.0671875
1 0.7998437500000001 0.55546875 0.24781250000000005 0.1828125
2 0.07762152777777778 0.715625 0.09461805555555554 0.1796875
1 0.8252777777777778 0.46953125 0.17288194444444435 0.115625
0 0.3549826388888889 0.57578125 0.5633333333333334 0.5296875
3 0.9144965277777779 0.40625 0.04756944444444429 0.1015625
3 0.8874652777777777 0.4203125 0.03420138888888893 0.0625
3 0.8347743055555557 0.4046875 0.03996527777777779 0.040625
3 0.8069270833333334 0.38203125 0.035381944444444716 0.0453125
3 0.9450173611111111 0.40859375 0.04628472222222228 0.1140625
3 0.9068576388888889 0.34375 0.025694444444444287 0.03125
3 0.9031423611111112 0.3171875 0.015937499999999716 0.0140625
3 0.9218923611111112 0.3171875 0.019201388888888716 0.0203125
1 0.07871527777777779 0.62421875 0.11986111111111111 0.1203125
1 0.15432291666666667 0.40546875 0.07777777777777777 0.0546875
1 0.014704861111111111 0.45078125 0.010798611111111111 0.0640625
2 0.8191840277777779 0.30078125 0.03225694444444471 0.0453125
3 0.8903819444444444 0.2703125 0.027395833333333286 0.0375
1 0.8606423611111111 0.2328125 0.03500000000000014 0.028125
2 0.8363368055555555 0.22890625 0.019201388888888716 0.0203125
1 0.909982638888889 0.2734375 0.03847222222222228 0.04375