1 0.06626157407407407 0.6173958333333334 0.12465277777777777 0.17229166666666665
1 0.7230381944444445 0.52140625 0.08505787037037038 0.09781250000000004
1 0.10699074074074075 0.42333333333333334 0.2089351851851852 0.16541666666666668
1 0.7338078703703703 0.7103125 0.22325231481481483 0.2007291666666667
1 0.7885648148148148 0.5125 0.07093750000000014 0.0890625
1 0.8067418981481481 0.6472395833333333 0.1618402777777778 0.1326041666666667
1 0.7317881944444444 0.43765625 0.04554398148148149 0.03427083333333343
1 0.5780034722222223 0.54921875 0.15247685185185186 0.13354166666666673
1 0.3947453703703704 0.47687500000000005 0.19319444444444453 0.14875000000000008
2 0.36915509259259255 0.3955208333333333 0.06765046296296298 0.06697916666666667
2 0.5181076388888888 0.4749479166666667 0.058391203703703806 0.08197916666666671
1 0.45918981481481486 0.42729166666666674 0.11927083333333321 0.07822916666666657
1 0.9163831018518518 0.47963541666666665 0.044074074074073974 0.046666666666666676
3 0.9521817129629631 0.6741145833333333 0.08184027777777772 0.08510416666666672
2 0.1287037037037037 0.5083333333333334 0.13399305555555557 0.1682291666666668
2 0.3591261574074074 0.5174479166666667 0.12140046296296295 0.15489583333333332
1 0.7288831018518518 0.4671354166666667 0.07225694444444439 0.05635416666666657
2 0.8678993055555555 0.47015624999999994 0.026805555555555572 0.0345833333333335
1 0.8560069444444445 0.4459375 0.04398148148148166 0.0341666666666665
3 0.9553356481481483 0.5728125000000001 0.04728009259259238 0.0578125
1 0.9260127314814814 0.5146354166666667 0.09726851851851848 0.05958333333333332
1 0.5317939814814815 0.42510416666666667 0.08010416666666664 0.061562499999999964
1 0.43078125000000006 0.7033854166666667 0.24387731481481473 0.24427083333333338
3 0.8793460648148148 0.8558854166666666 0.10432870370370359 0.16937500000000014
1 0.6296527777777777 0.45895833333333336 0.08957175925925931 0.07468749999999993
2 0.630613425925926 0.48322916666666665 0.044166666666666646 0.05916666666666668
2 0.663443287037037 0.4877604166666666 0.039583333333333214 0.07291666666666678
1 0.6661226851851852 0.42781250000000004 0.06437500000000007 0.04645833333333336
2 0.8952314814814816 0.47041666666666665 0.017418981481481667 0.03239583333333336
4 0.9261168981481482 0.42328124999999994 0.05825231481481481 0.06322916666666671
4 0.8439930555555556 0.40531249999999996 0.045648148148148236 0.04833333333333343
1 0.13881365740740742 0.2919270833333333 0.10984953703703701 0.07135416666666661
1 0.22239583333333335 0.2959375 0.06752314814814815 0.04979166666666668
1 0.31863425925925926 0.321875 0.06907407407407407 0.04833333333333334
2 0.8741724537037037 0.5791145833333333 0.06315972222222221 0.09322916666666678
1 0.8204340277777777 0.4927604166666667 0.05660879629629641 0.05218749999999996
1 0.7967708333333333 0.4607291666666667 0.051886574074074154 0.04718750000000007
2 0.6951736111111112 0.4492708333333333 0.025347222222222143 0.04854166666666657