0 0.6244618055555555 0.44460648148148146 0.27624999999999994 0.24693287037037043
2 0.25463541666666667 0.4665162037037037 0.09128472222222221 0.12285879629629637
1 0.3910243055555555 0.4022395833333333 0.12256944444444447 0.08945601851851848
1 0.8853993055555556 0.36646990740740737 0.05697916666666671 0.053182870370370415
1 0.11692708333333335 0.28989004629629633 0.12180555555555558 0.07226851851851848
2 0.4030729166666667 0.46211805555555563 0.06305555555555564 0.08457175925925924
3 0.8236979166666668 0.703113425925926 0.09156249999999985 0.12910879629629618
2 0.7978993055555555 0.40426504629629634 0.049374999999999857 0.05763888888888893
1 0.48708333333333337 0.4338136574074074 0.07489583333333343 0.10520833333333339
1 0.7774131944444445 0.612175925925926 0.22725694444444447 0.16277777777777783
2 0.9201041666666667 0.3552719907407408 0.032777777777777926 0.03530092592592595
3 0.8933680555555554 0.49296296296296294 0.05392361111111086 0.05465277777777775
1 0.8957986111111111 0.442042824074074 0.081111111111111 0.06950231481481488
3 0.9436805555555555 0.46331018518518513 0.04565972222222214 0.07937499999999993
2 0.8178819444444445 0.3786400462962963 0.040868055555555574 0.04178240740740744
0 0.909982638888889 0.32115162037037037 0.07409722222222222 0.05212962962962964
3 0.9721961805555555 0.5411284722222222 0.055607638888889 0.09284722222222222
3 0.7105034722222222 0.7260243055555555 0.09510416666666668 0.13857638888888885
1 0.4596875000000001 0.31024305555555554 0.07802083333333343 0.035081018518518546
1 0.8308159722222221 0.5464467592592592 0.17503472222222244 0.11129629629629641
3 0.9749131944444445 0.7296875 0.05017361111111107 0.18921296296296292
3 0.9153645833333333 0.7590682870370371 0.07708333333333357 0.11931712962962955
3 0.9189930555555555 0.6822974537037038 0.048958333333333215 0.048263888888888926
2 0.7888541666666666 0.3591608796296296 0.055486111111111215 0.05469907407407408
1 0.3630729166666667 0.6533969907407406 0.30708333333333326 0.23848379629629618
1 0.2932638888888889 0.2971817129629629 0.059687499999999984 0.043900462962962905
4 0.8202083333333334 0.2901736111111111 0.07600694444444471 0.05998842592592588
1 0.2131597222222222 0.29016782407407404 0.06288194444444448 0.04555555555555557
1 0.6089062500000001 0.30582175925925925 0.03385416666666678 0.024409722222222284
2 0.9625 0.35870949074074077 0.02156249999999993 0.028726851851851885
2 0.9494444444444443 0.34657986111111116 0.018298611111111286 0.025509259259259308
2 0.9678125000000002 0.33743055555555557 0.015173611111111285 0.025416666666666643
4 0.5786631944444445 0.2942013888888889 0.05770833333333343 0.03447916666666666
1 0.5428819444444445 0.3163831018518518 0.04194444444444443 0.030891203703703775
1 0.7584027777777778 0.30765046296296295 0.022638888888888785 0.017835648148148132
1 0.8558680555555556 0.35326388888888893 0.040868055555555574 0.04178240740740744