1 0.6270138888888889 0.5131076388888889 0.1494675925925925 0.15005787037037024
4 0.8254166666666667 0.42696759259259254 0.2107870370370371 0.20613425925925916
1 0.2498784722222222 0.6680844907407407 0.21224537037037033 0.1921875
1 0.30243634259259256 0.43200231481481477 0.07229166666666664 0.061574074074074045
1 0.19938078703703704 0.41498842592592594 0.06908564814814815 0.05040509259259256
2 0.2810532407407408 0.46950231481481486 0.04423611111111114 0.06886574074074084
0 0.31375000000000003 0.38203125 0.10839120370370363 0.08611111111111107
2 0.24846064814814817 0.43738425925925933 0.04107638888888889 0.06394675925925916
1 0.14139467592592592 0.4341435185185185 0.061296296296296314 0.05295138888888893
1 0.3875115740740741 0.34372106481481485 0.08002314814814807 0.05121527777777777
1 0.26512731481481483 0.403443287037037 0.0455324074074074 0.03304398148148149
1 0.18482060185185184 0.5866608796296295 0.1601736111111111 0.11961805555555571
4 0.5313599537037037 0.34108796296296295 0.1772916666666667 0.11151620370370371
1 0.11339699074074075 0.5203993055555556 0.11635416666666668 0.10700231481481488
3 0.020164930555555554 0.49464699074074076 0.04032986111111111 0.065625
3 0.037980324074074076 0.57109375 0.06636574074074074 0.10486111111111107
2 0.3954918981481481 0.42717013888888894 0.03950231481481481 0.062268518518518515
1 0.08659722222222221 0.44493634259259257 0.07857638888888889 0.06672453703703703
2 0.22587962962962962 0.4255497685185185 0.030081018518518476 0.055324074074074046
1 0.044687500000000005 0.40431134259259255 0.051828703703703696 0.03975694444444446
1 0.7162152777777778 0.5009548611111111 0.09620370370370371 0.12737268518518513
1 0.41968750000000005 0.7486689814814815 0.22950231481481467 0.20283564814814808
1 0.40807870370370375 0.41637731481481477 0.0691319444444444 0.05665509259259256
2 0.18791666666666668 0.37974537037037037 0.015821759259259237 0.02771990740740744
2 0.14795717592592592 0.39241898148148147 0.022094907407407403 0.031307870370370416
2 0.1009664351851852 0.40457175925925926 0.017395833333333322 0.029398148148148097
1 0.058090277777777775 0.38888888888888895 0.03300925925925926 0.028993055555555536
0 0.22260416666666666 0.34010416666666665 0.04716435185185182 0.04253472222222223
4 0.06388310185185185 0.34554398148148147 0.042453703703703695 0.0390625
4 0.12158564814814814 0.3646701388888889 0.03619212962962966 0.03703703703703702
1 0.11041087962962963 0.3958912037037037 0.03461805555555557 0.03535879629629628
2 0.08226851851851852 0.3961516203703703 0.01586805555555555 0.03396990740740744
2 0.15436342592592595 0.37178819444444444 0.014236111111111116 0.024479166666666607
2 0.17310185185185184 0.3747395833333333 0.015821759259259237 0.02771990740740744
1 0.6945370370370371 0.36724537037037036 0.07378472222222214 0.05231481481481479
1 0.18895833333333334 0.34464699074074073 0.02357638888888891 0.020486111111111073
0 0.10857060185185186 0.32774884259259257 0.022025462962962948 0.021932870370370415
0 0.08593171296296295 0.32372685185185185 0.0314351851851852 0.027314814814814792
3 0.15345486111111112 0.49444444444444446 0.0427777777777778 0.0828125
1 0.24649884259259255 0.3856481481481482 0.029849537037036987 0.024074074074074046
1 0.08086805555555557 0.37416087962962963 0.02666666666666666 0.01603009259259256
1 0.09502893518518518 0.36192129629629627 0.02358796296296295 0.02204861111111107
2 0.08935185185185185 0.3896412037037037 0.012719907407407405 0.030613425925925954
2 0.1307465277777778 0.3942708333333333 0.018969907407407404 0.031076388888888928
1 0.8946469907407408 0.3672164351851852 0.05024305555555557 0.036516203703703634
1 0.04341435185185185 0.3651331018518518 0.02358796296296297 0.02204861111111107