1 0.24699652777777778 0.57484375 0.24885416666666665 0.17572916666666671
1 0.37322916666666667 0.4057291666666666 0.13295138888888883 0.08531249999999986
1 0.7710590277777778 0.5118229166666667 0.25093750000000004 0.19927083333333329
2 0.7693229166666666 0.3091145833333333 0.05458333333333343 0.06916666666666664
2 0.6034027777777778 0.36854166666666666 0.049861111111111 0.06729166666666657
1 0.37015624999999996 0.71953125 0.34576388888888887 0.18374999999999986
2 0.5110590277777778 0.45192708333333337 0.06319444444444447 0.10562500000000004
4 0.48614583333333333 0.344375 0.13069444444444436 0.12416666666666672
2 0.3285763888888889 0.4492708333333334 0.07184027777777775 0.0734375
4 0.5697743055555555 0.30213541666666666 0.0863194444444444 0.09312500000000004
2 0.6769097222222222 0.32541666666666663 0.05756944444444443 0.06312499999999996
1 0.7478472222222222 0.2575 0.061840277777777786 0.04468750000000003
3 0.7230729166666666 0.6000520833333333 0.10916666666666668 0.13833333333333328
1 0.8035243055555557 0.41994791666666664 0.15395833333333328 0.11791666666666671
1 0.8446180555555556 0.29083333333333333 0.07944444444444443 0.0645833333333334
2 0.7189583333333334 0.32885416666666667 0.04052083333333343 0.0682291666666667
1 0.02287326388888889 0.5948958333333334 0.04574652777777778 0.11156249999999997
1 0.806875 0.26916666666666667 0.07131944444444435 0.05
3 0.9287326388888889 0.5777604166666667 0.084652777777778 0.08833333333333329
3 0.9483854166666668 0.3603645833333333 0.06753472222222215 0.09031249999999993
1 0.6965798611111111 0.2827604166666667 0.055486111111111215 0.039583333333333304
2 0.8330034722222223 0.32203125000000005 0.06097222222222243 0.07583333333333328
2 0.5718229166666667 0.45567708333333334 0.07281249999999986 0.1171875
3 0.9198090277777778 0.5229687500000001 0.04951388888888886 0.05166666666666657
2 0.7035416666666666 0.2503125 0.01930555555555564 0.02624999999999993
1 0.7013368055555556 0.24421875 0.04295138888888896 0.03718749999999993
3 0.9103993055555556 0.2794270833333333 0.048159722222222354 0.0609375
1 0.052378472222222215 0.41619791666666667 0.07774305555555554 0.058229166666666644
1 0.11498263888888889 0.40734375000000006 0.06677083333333331 0.05593749999999993
1 0.6528124999999999 0.2864583333333333 0.051423611111111 0.06739583333333332
2 0.7422395833333333 0.22901041666666666 0.024027777777777714 0.028125
1 0.7796006944444445 0.23276041666666666 0.032048611111111215 0.0380208333333333
2 0.7406770833333333 0.22911458333333332 0.019409722222222214 0.03093749999999993
2 0.82734375 0.22567708333333333 0.043194444444444355 0.048125000000000015
2 0.8009722222222223 0.21885416666666666 0.021041666666666715 0.03416666666666668
2 0.7862847222222221 0.2128125 0.008125000000000071 0.014583333333333393
4 0.7221006944444445 0.18744791666666666 0.05583333333333336 0.055208333333333304
1 0.8944618055555555 0.22432291666666665 0.04010416666666643 0.0494791666666667
1 0.881076388888889 0.19479166666666667 0.03815972222222221 0.032187499999999994
2 0.8513194444444444 0.19989583333333333 0.018020833333333285 0.03864583333333336
1 0.8891145833333333 0.2543229166666666 0.06475694444444428 0.035520833333333356