1 0.7492534722222223 0.3745833333333334 0.0749305555555555 0.06981481481481477
0 0.7964236111111112 0.31454861111111115 0.11454861111111114 0.08289351851851859
1 0.5393923611111111 0.42375578703703703 0.12017361111111118 0.06892361111111107
1 0.8573958333333334 0.383130787037037 0.079409722222222 0.06519675925925927
1 0.7457812500000001 0.5932407407407407 0.22562499999999996 0.15792824074074083
1 0.7921354166666668 0.49886574074074075 0.15232638888888878 0.08969907407407404
3 0.9391666666666666 0.4756076388888889 0.065347222222222 0.06498842592592595
2 0.6265277777777778 0.4833622685185185 0.061840277777777786 0.09148148148148146
4 0.5406770833333334 0.28945023148148147 0.0801388888888889 0.04646990740740744
3 0.8993749999999998 0.6682581018518519 0.07604166666666642 0.09481481481481495
2 0.6907986111111111 0.4074594907407407 0.0422569444444445 0.07245370370370381
2 0.5872916666666667 0.4527141203703703 0.05673611111111114 0.08203703703703695
0 0.21335069444444446 0.588119212962963 0.4267013888888889 0.422199074074074
1 0.6642534722222223 0.3196296296296296 0.046354166666666786 0.0241087962962963
1 0.6857118055555556 0.3638136574074074 0.06225694444444443 0.030590277777777786
1 0.5941840277777778 0.38546874999999997 0.0660069444444444 0.04469907407407412
2 0.6517881944444445 0.42443287037037036 0.04395833333333332 0.0756018518518518
1 0.8999131944444445 0.28725115740740736 0.04513888888888893 0.031898148148148134
1 0.7172222222222222 0.3047916666666667 0.04138888888888879 0.0177893518518518
3 0.9214236111111112 0.38296296296296295 0.040138888888888856 0.059930555555555556
2 0.6602256944444445 0.33998842592592593 0.02475694444444443 0.030034722222222143
1 0.5291493055555556 0.3731597222222222 0.06104166666666657 0.03837962962962962
2 0.8182986111111111 0.34935763888888893 0.030277777777777716 0.04885416666666664
2 0.8639583333333334 0.3408738425925926 0.032361111111111285 0.025462962962962975
2 0.6245833333333334 0.3514467592592593 0.02340277777777775 0.03469907407407406
1 0.5995312500000001 0.3354224537037037 0.04121527777777771 0.04901620370370372
1 0.45534722222222224 0.40001736111111114 0.08180555555555565 0.08396990740740744
1 0.3909548611111111 0.3908217592592592 0.05031250000000007 0.042905092592592634
1 0.3384027777777778 0.3962847222222222 0.044930555555555605 0.02721064814814813
1 0.4731249999999999 0.3162152777777778 0.041874999999999926 0.0287268518518518
1 0.4149305555555555 0.32566550925925924 0.03548611111111111 0.025509259259259308
2 0.3324826388888889 0.336255787037037 0.021006944444444463 0.01592592592592599