1 0.559375 0.4219444444444445 0.0859375 0.09409722222222214
1 0.9078125 0.3134201388888889 0.059375 0.05913194444444443
1 0.87578125 0.2961631944444444 0.0515625 0.049583333333333354
1 0.8046875 0.30008680555555556 0.0578125 0.04659722222222218
1 0.7265625 0.3174479166666667 0.0390625 0.050868055555555534
1 0.80234375 0.47045138888888893 0.1484375 0.10329861111111108
1 0.7625 0.5689930555555556 0.1703125 0.16159722222222223
1 0.0953125 0.6260069444444445 0.178125 0.1492708333333333
1 0.12421875 0.5277083333333333 0.2125 0.11565972222222225
2 0.35 0.7203472222222222 0.096875 0.15996527777777772
1 0.70546875 0.43901041666666674 0.075 0.10947916666666657
2 0.68359375 0.37699652777777776 0.0375 0.06958333333333329
2 0.6578125 0.33538194444444447 0.028125 0.045937499999999964
3 0.7671875 0.6438888888888888 0.0640625 0.171736111111111
3 0.95859375 0.6349479166666667 0.0765625 0.139201388888889
3 0.95546875 0.4209548611111111 0.06875 0.07965277777777775
3 0.93046875 0.34182291666666664 0.046875 0.0729166666666666
4 0.07265625 0.36791666666666667 0.1453125 0.16104166666666667
4 0.66796875 0.28671875 0.103125 0.07885416666666671
1 0.21953125 0.3755902777777778 0.0640625 0.03267361111111118