1 0.6803877314814815 0.5331539351851852 0.24281249999999996 0.17564814814814814
1 0.3747858796296296 0.34185763888888887 0.10793981481481474 0.08430555555555559
1 0.21173032407407408 0.44295138888888885 0.1813078703703704 0.1379513888888889
2 0.5066030092592593 0.4796064814814815 0.09619212962962961 0.12295138888888886
1 0.23706597222222223 0.36863425925925924 0.14783564814814812 0.09952546296296294
1 0.25142939814814813 0.5317766203703703 0.24319444444444444 0.20841435185185198
2 0.9551620370370371 0.63890625 0.08967592592592588 0.14377314814814818
4 0.9370312500000001 0.41866319444444444 0.12593749999999987 0.1372106481481481
1 0.17072337962962963 0.19998842592592592 0.041284722222222216 0.03865740740740744
1 0.17844328703703702 0.30384837962962963 0.09185185185185185 0.07603009259259261
2 0.2869791666666667 0.2732407407407408 0.040277777777777767 0.047986111111111104
1 0.6811342592592593 0.4533043981481481 0.15032407407407417 0.11519675925925928
4 0.25763310185185184 0.21384837962962963 0.07144675925925928 0.07386574074074073
1 0.2285474537037037 0.22488425925925926 0.04965277777777786 0.048263888888888926
2 0.3265046296296296 0.27989583333333334 0.03228009259259261 0.044629629629629616
2 0.2210821759259259 0.28380208333333334 0.040740740740740744 0.055798611111111104
1 0.1265740740740741 0.2341666666666667 0.05902777777777777 0.048541666666666664
4 0.2202488425925926 0.16408564814814813 0.04771990740740746 0.0419675925925926
1 0.6891319444444445 0.35054398148148147 0.07824074074074083 0.056909722222222216
1 0.5437962962962963 0.3016319444444444 0.04082175925925924 0.03084490740740744
1 0.3221759259259259 0.2596759259259259 0.05396990740740737 0.04215277777777775
3 0.11822916666666665 0.3838946759259259 0.08562500000000002 0.12887731481481488
3 0.3140104166666667 0.39922453703703703 0.07100694444444447 0.11908564814814807
3 0.28141782407407406 0.377494212962963 0.05472222222222225 0.08116898148148141
3 0.08343171296296296 0.5758854166666667 0.10760416666666668 0.15760416666666668