3 0.6938946759259259 0.4261284722222222 0.054340277777777855 0.08184027777777772
3 0.983912037037037 0.47657986111111106 0.032175925925925955 0.096736111111111
3 0.9835648148148148 0.3960069444444444 0.03287037037037024 0.08090277777777777
2 0.787037037037037 0.36085069444444445 0.032638888888888926 0.06218749999999993
2 0.7377314814814815 0.35128472222222223 0.03385416666666661 0.05756944444444443
2 0.1422164351851852 0.5337326388888889 0.11070601851851851 0.12795138888888893
1 0.6402488425925925 0.40029513888888885 0.1046875 0.08874999999999993
2 0.6814814814814815 0.35378472222222224 0.030613425925925954 0.05586805555555561
2 0.710763888888889 0.3258333333333333 0.02366898148148149 0.046215277777777786
2 0.6871527777777777 0.32453125 0.02384259259259256 0.027534722222222287
1 0.8593460648148149 0.3740972222222222 0.08130787037037024 0.06746527777777782
2 0.8514178240740741 0.33055555555555555 0.01701388888888893 0.019444444444444466
1 0.932349537037037 0.3543923611111111 0.0787037037037038 0.05333333333333332
2 0.9438946759259259 0.3092013888888889 0.02754629629629619 0.03548611111111111
2 0.1594039351851852 0.6811111111111112 0.1538773148148148 0.1641319444444445
1 0.08851273148148149 0.6552604166666667 0.09484953703703702 0.20822916666666663
1 0.8039351851851851 0.5889756944444444 0.1924768518518519 0.15961805555555558
1 0.8541666666666666 0.5052256944444444 0.15572916666666678 0.10503472222222214
1 0.5787905092592592 0.37480902777777775 0.09236111111111107 0.06951388888888888
1 0.9689814814814814 0.31984375 0.04380787037037024 0.02375000000000007
1 0.9217592592592592 0.2960763888888889 0.046064814814814524 0.033194444444444395
1 0.8796296296296298 0.29873263888888885 0.05005787037037024 0.024027777777777714
1 0.9178530092592594 0.42322916666666666 0.1109375 0.08902777777777775
1 0.43949652777777776 0.4413541666666667 0.11180555555555553 0.12177083333333343
0 0.2906828703703704 0.3899652777777778 0.2679976851851852 0.19100694444444438
1 0.80703125 0.34506944444444443 0.0484375 0.044201388888888894
1 0.8012731481481481 0.32024305555555554 0.05954861111111107 0.026006944444444447
1 0.7503472222222223 0.3311284722222222 0.053587962962962976 0.05065972222222222
4 0.7994212962962963 0.2952430555555555 0.04861111111111107 0.025520833333333305
4 0.7293402777777779 0.25916666666666666 0.0740162037037038 0.053125
0 0.8330150462962962 0.2514236111111111 0.035358796296296194 0.03583333333333325
1 0.5099537037037037 0.3026215277777778 0.04224537037037042 0.023680555555555573
1 0.5734375 0.29196180555555556 0.02853009259259256 0.027743055555555517