1 0.63125 0.4921875 0.1125 0.1046875
0 0.7609375 0.334375 0.1765625 0.078125
1 0.3796875 0.515625 0.128125 0.1296875
1 0.1828125 0.534375 0.165625 0.1078125
1 0.1171875 0.4578125 0.1015625 0.1015625
1 0.234375 0.6125 0.203125 0.1515625
1 0.1015625 0.3765625 0.075 0.0484375
2 0.8234375 0.5203125 0.075 0.1109375
4 0.271875 0.3140625 0.04375 0.0359375
1 0.2421875 0.35 0.0546875 0.03125
1 0.1828125 0.3390625 0.0484375 0.04375
1 0.284375 0.34375 0.0390625 0.0296875
1 0.390625 0.4203125 0.11875 0.06875
1 0.3578125 0.3609375 0.0765625 0.0421875
1 0.94375 0.515625 0.1046875 0.1125
3 0.053125 0.4234375 0.03125 0.071875
1 0.328125 0.3484375 0.046875 0.028125
1 0.1546875 0.29375 0.0609375 0.0375
3 0.0359375 0.496875 0.05 0.0828125
1 0.1125 0.3109375 0.0328125 0.021875
1 0.415625 0.70625 0.215625 0.15
0 0.3671875 0.2984375 0.08125 0.0390625
4 0.19375 0.2703125 0.0359375 0.0328125