1 0.8015625 0.53125 0.2125 0.11875
1 0.53125 0.4703125 0.1078125 0.10625
4 0.3828125 0.334375 0.13125 0.071875
1 0.6109375 0.4171875 0.1234375 0.0640625
1 0.1375 0.4078125 0.075 0.05
1 0.1984375 0.325 0.0140625 0.03125
2 0.2125 0.3296875 0.015625 0.034375
3 0.30625 0.690625 0.0609375 0.1046875
1 0.4734375 0.3953125 0.1140625 0.0484375
2 0.2953125 0.4328125 0.046875 0.078125
3 0.1953125 0.6375 0.0625 0.121875
2 0.2265625 0.3625 0.03125 0.0390625
1 0.2375 0.5921875 0.2109375 0.10625
2 0.7703125 0.44375 0.0578125 0.0421875
1 0.18125 0.5234375 0.1625 0.0859375
2 0.265625 0.3515625 0.03125 0.034375
1 0.11875 0.2984375 0.0265625 0.021875
2 0.3546875 0.4328125 0.0546875 0.075
3 0.184375 0.440625 0.05 0.0703125
2 0.565625 0.6203125 0.08125 0.153125
3 0.078125 0.6796875 0.0703125 0.1203125
3 0.046875 0.48125 0.03125 0.10625
3 0.075 0.5015625 0.03125 0.1
3 0.1078125 0.475 0.0265625 0.0640625
3 0.0828125 0.4390625 0.0140625 0.015625
3 0.040625 0.4015625 0.021875 0.0359375
1 0.078125 0.378125 0.053125 0.0453125
3 0.0765625 0.34375 0.0140625 0.0390625
2 0.0953125 0.325 0.0171875 0.03125
2 0.146875 0.35625 0.021875 0.040625
2 0.171875 0.371875 0.0234375 0.053125
2 0.290625 0.3734375 0.028125 0.0390625
1 0.1546875 0.3203125 0.046875 0.0359375
0 0.09375 0.271875 0.03125 0.021875
4 0.1515625 0.265625 0.0296875 0.0328125
0 0.3140625 0.2875 0.0546875 0.0328125
1 0.4640625 0.315625 0.0359375 0.025
1 0.6390625 0.3359375 0.0453125 0.021875
2 0.73125 0.346875 0.040625 0.01875
2 0.8984375 0.353125 0.0390625 0.034375
2 0.95 0.3734375 0.0265625 0.0390625
2 0.803125 0.359375 0.0109375 0.0171875
1 0.8234375 0.35625 0.0203125 0.0203125
2 0.84375 0.3625 0.0140625 0.0125
1 0.81875 0.340625 0.0453125 0.021875