1 0.8246469907407408 0.6423553240740741 0.16767361111111115 0.13159722222222214
1 0.7610127314814814 0.7056539351851852 0.2050462962962964 0.18216435185185187
1 0.4219386574074074 0.4219618055555555 0.1343055555555555 0.11090277777777775
0 0.6047916666666666 0.40784143518518523 0.18390046296296295 0.1528356481481481
1 0.2072800925925926 0.41548032407407404 0.2089930555555556 0.1574421296296297
1 0.82578125 0.47006944444444443 0.07197916666666657 0.060416666666666785
1 0.7877256944444444 0.5543807870370371 0.12957175925925934 0.10906249999999992
1 0.7171412037037037 0.46207175925925925 0.08839120370370371 0.08790509259259256
1 0.3936863425925926 0.6792071759259259 0.23203703703703704 0.2508333333333333
2 0.6290219907407407 0.4623090277777777 0.051990740740740726 0.07015046296296283
2 0.9044560185185185 0.46693287037037035 0.024409722222222284 0.03420138888888893
3 0.9755960648148146 0.5779918981481481 0.038391203703703525 0.08494212962962955
1 0.09378472222222221 0.2699363425925926 0.09578703703703703 0.07430555555555554
2 0.7230729166666666 0.47802083333333334 0.039722222222222214 0.07722222222222222
2 0.9267881944444444 0.4573379629629629 0.024409722222222284 0.03420138888888893
2 0.9499247685185186 0.4485706018518519 0.030798611111111283 0.03925925925925924
3 0.7233391203703704 0.7502141203703705 0.09364583333333343 0.15996527777777772
3 0.8983043981481481 0.8120543981481483 0.06982638888888885 0.09304398148148145
3 0.8862962962962962 0.5383854166666666 0.02988425925925924 0.06104166666666675
3 0.952986111111111 0.5782118055555555 0.034988425925926235 0.07538194444444457
3 0.9395659722222224 0.5727372685185185 0.03517361111111086 0.0816319444444444
3 0.9641956018518517 0.6670023148148149 0.06609953703703723 0.0725462962962963
1 0.9200752314814814 0.5466261574074074 0.052037037037037236 0.071712962962963
1 0.8821527777777778 0.5038252314814814 0.07193287037037024 0.058854166666666784
2 0.8700810185185185 0.4648958333333333 0.02615740740740726 0.0405439814814816
2 0.8740509259259259 0.4409548611111111 0.017650462962962975 0.01664351851851862
1 0.9038310185185185 0.4458391203703703 0.03199074074074062 0.026851851851851904
2 0.5918634259259259 0.4452893518518518 0.044085648148148235 0.06656250000000004
2 0.5009201388888889 0.4554976851851852 0.055625000000000036 0.08752314814814817
1 0.3395196759259259 0.32505208333333335 0.055798611111111104 0.040740740740740744
4 0.8389293981481482 0.3874016203703704 0.07363425925925923 0.06363425925925928