1 0.60609375 0.6622395833333334 0.27406250000000015 0.2007407407407406
3 0.07463541666666666 0.4171006944444445 0.06541666666666668 0.09150462962962962
3 0.09369791666666667 0.34011574074074075 0.049687500000000016 0.08971064814814814
1 0.11937499999999998 0.3038136574074074 0.08354166666666667 0.058993055555555604
1 0.28078125 0.3717650462962963 0.10208333333333339 0.07956018518518526
1 0.22078125 0.455167824074074 0.16177083333333328 0.08512731481481488
1 0.27156250000000004 0.5612847222222223 0.21343750000000003 0.18111111111111117
1 0.892890625 0.6330092592592592 0.21421874999999985 0.1469444444444445
1 0.8441145833333333 0.5213773148148148 0.18145833333333314 0.09946759259259252
1 0.9679166666666668 0.48208912037037044 0.06416666666666657 0.04982638888888893
1 0.4093229166666667 0.37991319444444444 0.08895833333333343 0.06999999999999992
1 0.33473958333333337 0.3265162037037037 0.06291666666666665 0.05400462962962962
1 0.20734375 0.2770196759259259 0.05437500000000002 0.04295138888888887
1 0.30062500000000003 0.2947916666666667 0.04822916666666668 0.0444212962962963
1 0.37359375000000006 0.3239699074074074 0.04937500000000004 0.03819444444444446
2 0.5584895833333333 0.49841435185185184 0.065625 0.09462962962962962
4 0.6033854166666666 0.43429976851851854 0.15687500000000015 0.12876157407407404
2 0.4377604166666666 0.4669675925925926 0.07375000000000007 0.09943287037037045
2 0.4891145833333333 0.4528993055555556 0.06520833333333335 0.08837962962962961
2 0.7604166666666667 0.5419907407407407 0.06427083333333332 0.09773148148148145
3 0.2721354166666667 0.6401215277777779 0.09104166666666665 0.19490740740740725
2 0.9833072916666665 0.8029976851851852 0.033385416666666855 0.11942129629629647
1 0.1609375 0.37701388888888887 0.1177083333333333 0.07979166666666657
1 0.17265625 0.26011574074074073 0.049687500000000016 0.042881944444444466