1 0.277662037037037 0.6392592592592592 0.21385416666666668 0.1668171296296297
1 0.6558043981481482 0.4911747685185185 0.15518518518518523 0.09638888888888886
1 0.22114583333333332 0.5526099537037037 0.16061342592592592 0.10916666666666668
0 0.45107638888888885 0.4914988425925926 0.2889814814814816 0.2522337962962963
1 0.8511516203703703 0.5821585648148149 0.24114583333333356 0.15442129629629625
1 0.22759259259259262 0.3723784722222222 0.05075231481481488 0.04193287037037034
0 0.6408506944444444 0.34392939814814816 0.17043981481481474 0.0910648148148148
1 0.8337847222222223 0.48615162037037046 0.17981481481481473 0.09162037037037045
2 0.2746180555555555 0.40396990740740735 0.031643518518518474 0.06104166666666657
2 0.9797858796296296 0.5791435185185185 0.040428240740740765 0.14460648148148145
1 0.2728993055555556 0.3618287037037037 0.03916666666666666 0.030347222222222213
2 0.13071180555555556 0.3534027777777778 0.044594907407407416 0.04312500000000004
2 0.11816550925925924 0.351880787037037 0.02859953703703706 0.035949074074074085
3 0.13056712962962963 0.7582175925925926 0.0800925925925926 0.09038194444444443
3 0.13012152777777777 0.6850115740740741 0.048287037037037 0.07915509259259253
2 0.17138310185185185 0.3565914351851852 0.03090277777777777 0.048541666666666664
2 0.22758101851851853 0.34590856481481486 0.015173611111111106 0.019583333333333286
1 0.6320833333333333 0.6820601851851851 0.22592592592592595 0.23915509259259266
2 0.13071180555555556 0.3534027777777778 0.04331018518518519 0.04771990740740737
2 0.09041087962962963 0.35646412037037034 0.028969907407407392 0.04219907407407408
1 0.21291666666666664 0.33491898148148147 0.032638888888888926 0.025289351851851903
3 0.04925347222222222 0.5027199074074075 0.03469907407407408 0.11260416666666657
2 0.036412037037037034 0.4568055555555556 0.022083333333333333 0.057361111111111106
2 0.20207754629629626 0.3490682870370371 0.02013888888888893 0.024548611111111108
1 0.8377835648148148 0.3828472222222222 0.06462962962962955 0.03964120370370372
3 0.2847280092592593 0.7190856481481481 0.07393518518518523 0.09157407407407411
1 0.08505208333333333 0.7127025462962963 0.0034953703703703765 0.006435185185185155
3 0.0737037037037037 0.5080613425925926 0.04131944444444444 0.11922453703703706
3 0.1133159722222222 0.5065162037037038 0.04232638888888891 0.10994212962962954
3 0.2110474537037037 0.4741608796296296 0.03228009259259261 0.045509259259259235
3 0.1614699074074074 0.4914641203703704 0.047534722222222214 0.04018518518518519
1 0.07619212962962962 0.4186805555555555 0.039270833333333324 0.058379629629629545
3 0.10299189814814816 0.4373958333333333 0.02142361111111111 0.019953703703703772
1 0.15188657407407408 0.4348437499999999 0.07355324074074074 0.058854166666666784
3 0.1727835648148148 0.4064988425925926 0.01968749999999999 0.04320601851851844
3 0.13555555555555557 0.39572916666666663 0.01655092592592595 0.01655092592592595
4 0.2581712962962963 0.31035300925925924 0.05212962962962955 0.03890046296296301
0 0.3141435185185185 0.3089988425925926 0.0686805555555555 0.055451388888888876
4 0.30536458333333333 0.4104629629629629 0.039560185185185226 0.08953703703703705
1 0.37377314814814816 0.3693634259259259 0.05506944444444439 0.035960648148148165
1 0.5018402777777778 0.34970486111111115 0.031076388888888928 0.025196759259259238
1 0.580324074074074 0.4392129629629629 0.058854166666666784 0.07355324074074084
1 0.7872800925925926 0.38452546296296297 0.07694444444444457 0.037256944444444426
2 0.25699074074074074 0.3429803240740741 0.009930555555555554 0.009930555555555554
1 0.10060185185185185 0.3313773148148148 0.018113425925925953 0.01664351851851853
1 0.12445023148148149 0.3265625 0.026111111111111106 0.020231481481481507