1 0.45968749999999997 0.7322569444444443 0.21583333333333332 0.1793171296296297
1 0.14588541666666668 0.4724305555555556 0.10020833333333332 0.0790856481481482
2 0.24078125000000003 0.4368113425925927 0.03979166666666671 0.05994212962962955
1 0.23505208333333333 0.3975636574074074 0.06843750000000001 0.046076388888888875
1 0.09401041666666667 0.3596354166666667 0.051145833333333335 0.043495370370370344
2 0.12890625 0.3578125 0.026145833333333358 0.04201388888888893
1 0.16640625 0.3600347222222222 0.01656249999999999 0.03833333333333329
1 0.2052083333333333 0.358443287037037 0.04437499999999996 0.03531250000000004
1 0.84140625 0.37668981481481484 0.057499999999999926 0.04542824074074066
0 0.5058333333333334 0.33890624999999996 0.09739583333333321 0.060243055555555536
4 0.12171875000000001 0.2966898148148148 0.05093749999999999 0.04037037037037035
4 0.22197916666666667 0.31819444444444445 0.07479166666666667 0.04800925925925927
4 0.9673958333333333 0.5582754629629629 0.06520833333333335 0.38634259259259257
3 0.41942708333333334 0.6302662037037037 0.04937500000000004 0.04027777777777786
3 0.21531250000000002 0.7201099537037037 0.07229166666666664 0.1505787037037038
1 0.07364583333333333 0.5327372685185185 0.0721875 0.07898148148148146
3 0.07682291666666667 0.44032407407407403 0.03364583333333333 0.08447916666666658
1 0.2246875 0.5572511574074074 0.16812500000000002 0.11734953703703699
1 0.29453125 0.63609375 0.1616666666666667 0.16054398148148152
1 0.5717187499999999 0.6034953703703703 0.18010416666666665 0.15696759259259246
2 0.28322916666666664 0.37318287037037035 0.049583333333333354 0.04340277777777786
2 0.47546874999999994 0.43204282407407407 0.04812499999999993 0.06821759259259252
2 0.5434375 0.4827604166666667 0.06541666666666668 0.09414351851851847