1 0.9015625 0.5 0.1921875 0.1125
1 0.1625 0.39375 0.0671875 0.0625
1 0.4375 0.3765625 0.0671875 0.05
4 0.6828125 0.3328125 0.0984375 0.059375
0 0.909375 0.35 0.1765625 0.0921875
1 0.3671875 0.3765625 0.0703125 0.0625
1 0.165625 0.3390625 0.053125 0.0296875
1 0.3015625 0.3859375 0.053125 0.053125
1 0.1859375 0.525 0.1546875 0.0890625
0 0.475 0.309375 0.0875 0.04375
2 0.2375 0.346875 0.0328125 0.0359375
2 0.440625 0.4546875 0.05625 0.078125
2 0.3390625 0.4640625 0.0578125 0.0859375
3 0.0390625 0.5109375 0.059375 0.0546875
1 0.1625 0.3046875 0.0390625 0.021875
2 0.6265625 0.5828125 0.0875 0.1390625
1 0.1875 0.31875 0.04375 0.025
1 0.225 0.6125 0.20625 0.15
3 0.046875 0.415625 0.0328125 0.0640625
3 0.0390625 0.696875 0.078125 0.09375
3 0.2609375 0.6625 0.0671875 0.128125
1 0.6015625 0.3328125 0.0578125 0.0234375
0 0.1859375 0.2640625 0.0375 0.034375
1 0.0984375 0.2984375 0.0234375 0.01875
4 0.128125 0.2578125 0.034375 0.03125
4 0.353125 0.296875 0.053125 0.034375
2 0.7625 0.346875 0.0265625 0.0203125
0 0.0734375 0.271875 0.015625 0.03125
3 0.0546875 0.378125 0.0171875 0.01875