1 0.6545486111111112 0.4328819444444445 0.08871527777777785 0.06440972222222215
1 0.7879861111111112 0.660625 0.2515972222222221 0.18197916666666672
0 0.3544270833333333 0.3005555555555556 0.23645833333333338 0.12232638888888889
3 0.8428993055555555 0.5088715277777778 0.05270833333333336 0.06204861111111128
1 0.6459722222222222 0.38039930555555557 0.07416666666666671 0.053159722222222164
3 0.9664583333333333 0.5631597222222222 0.06708333333333343 0.09677083333333343
1 0.914704861111111 0.47378472222222223 0.112361111111111 0.06961805555555553
0 0.29994791666666665 0.585 0.5664236111111112 0.41687499999999994
2 0.8116840277777779 0.43871527777777775 0.04468749999999986 0.05718750000000004
3 0.7831076388888889 0.7440277777777778 0.08888888888888893 0.10343750000000007
3 0.9320833333333333 0.7769965277777778 0.10375000000000015 0.08659722222222221
3 0.8809548611111111 0.5222048611111111 0.04121527777777771 0.04930555555555553
2 0.7626215277777778 0.42357638888888893 0.043055555555555534 0.05559027777777779
2 0.9201909722222222 0.4216145833333333 0.021909722222222074 0.036388888888888894
1 0.9132291666666668 0.3878993055555555 0.042152777777777574 0.03527777777777778
3 0.9250868055555556 0.7425 0.08149305555555557 0.112638888888889
2 0.8367708333333332 0.42366319444444445 0.041284722222222216 0.050868055555555534
1 0.8335590277777778 0.5796875 0.17034722222222243 0.10993055555555564
0 0.7981597222222222 0.3275868055555556 0.06430555555555557 0.04201388888888893
4 0.8692013888888889 0.34555555555555556 0.058541666666666714 0.05281249999999993
1 0.8496006944444445 0.3786805555555556 0.04642361111111128 0.026006944444444447
1 0.5114583333333333 0.40940972222222227 0.07614583333333336 0.0625694444444445
2 0.71265625 0.49348958333333337 0.06225694444444443 0.10128472222222236
0 0.6707465277777778 0.32319444444444445 0.09781250000000004 0.058368055555555555
2 0.7243576388888889 0.40555555555555556 0.04822916666666668 0.06663194444444435
1 0.7943749999999999 0.3829166666666667 0.04833333333333343 0.03385416666666661
2 0.9797743055555556 0.39249999999999996 0.02020833333333343 0.03322916666666664
2 0.9463020833333333 0.37692708333333336 0.02013888888888893 0.03166666666666664
3 0.9057638888888888 0.43065972222222226 0.026527777777777574 0.034930555555555645
2 0.8945659722222222 0.40699652777777773 0.018993055555555572 0.04100694444444457