1 0.5919444444444444 0.3741319444444445 0.11284722222222214 0.08136574074074066
0 0.29932291666666666 0.3398900462962963 0.18774305555555557 0.11635416666666672
2 0.2225347222222222 0.5403414351851852 0.08968749999999996 0.08692129629629619
1 0.6489930555555555 0.3193865740740741 0.07770833333333335 0.06315972222222221
4 0.6805034722222223 0.2599363425925926 0.06302083333333322 0.048680555555555574
2 0.3584722222222222 0.5012037037037038 0.08434027777777775 0.10704861111111122
1 0.7940277777777778 0.2862210648148148 0.07607638888888886 0.061550925925925884
1 0.24503472222222222 0.666070601851852 0.2853472222222222 0.24096064814814824
2 0.3912673611111111 0.41284722222222225 0.06277777777777782 0.07832175925925924
1 0.4852777777777778 0.38665509259259256 0.10381944444444446 0.08890046296296292
3 0.9083159722222222 0.29531828703703705 0.04375 0.07151620370370368
2 0.5846180555555556 0.32831597222222225 0.03909722222222225 0.03704861111111111
3 0.7423437500000001 0.588917824074074 0.10135416666666668 0.1387615740740742
4 0.5150520833333333 0.2609375 0.12888888888888878 0.09120370370370372
2 0.7228819444444444 0.27194444444444443 0.04072916666666675 0.03865740740740744
3 0.9350347222222222 0.3787905092592593 0.07840277777777764 0.07878472222222221
4 0.26317708333333334 0.4509722222222222 0.18694444444444444 0.13349537037037038
2 0.8563194444444445 0.21883680555555554 0.02482638888888893 0.03194444444444446
3 0.9204687500000001 0.5485300925925927 0.11322916666666671 0.1250694444444445
1 0.7335763888888889 0.2419791666666667 0.055208333333333394 0.04844907407407408
1 0.7425347222222222 0.5319560185185186 0.22020833333333342 0.17973379629629632
1 0.7839756944444445 0.4246180555555556 0.1746180555555556 0.1019212962962964
2 0.37963541666666667 0.709675925925926 0.13937499999999997 0.1867013888888888