0 0.8871354166666666 0.4186979166666667 0.17593749999999986 0.13496527777777773
1 0.27229166666666665 0.2568402777777778 0.09406250000000008 0.07697916666666664
2 0.5209374999999999 0.505625 0.09697916666666657 0.12072916666666664
1 0.15130208333333334 0.4568923611111111 0.17052083333333332 0.12392361111111114
1 0.18177083333333335 0.5264236111111111 0.20302083333333334 0.14336805555555543
1 0.11270833333333334 0.3688194444444445 0.12604166666666666 0.11201388888888894
3 0.055208333333333325 0.31861111111111107 0.04239583333333332 0.07427083333333329
2 0.1340625 0.2240277777777778 0.03031250000000001 0.03343749999999997
2 0.2661979166666667 0.3365451388888889 0.04020833333333336 0.06486111111111112
2 0.4653645833333333 0.39140625 0.07364583333333333 0.07496527777777776
3 0.18468749999999998 0.5996875 0.11854166666666668 0.16333333333333327
1 0.3500520833333333 0.33078124999999997 0.08718750000000001 0.06746527777777782
3 0.03203125 0.40751736111111114 0.0640625 0.09239583333333332
1 0.3204166666666667 0.29555555555555557 0.05572916666666661 0.04024305555555561
3 0.0225 0.5857812499999999 0.045 0.111076388888889
1 0.08140625 0.28838541666666667 0.09958333333333333 0.06618055555555555
3 0.08614583333333334 0.29920138888888886 0.02572916666666667 0.03489583333333339
2 0.10723958333333335 0.24022569444444444 0.02583333333333333 0.0364583333333333
2 0.15947916666666667 0.240625 0.022499999999999964 0.03326388888888889
1 0.2884375 0.3188888888888889 0.06072916666666668 0.06843749999999993
2 0.17729166666666668 0.289375 0.03312499999999998 0.05222222222222221
1 0.21338541666666666 0.28623263888888884 0.05625 0.04805555555555561
4 0.20130208333333335 0.24515624999999996 0.06104166666666666 0.04972222222222218
4 0.22104166666666666 0.21819444444444444 0.07739583333333337 0.06100694444444441
1 0.11588541666666666 0.20414930555555558 0.02666666666666666 0.025555555555555554
1 0.15229166666666666 0.2197222222222222 0.02020833333333334 0.022291666666666644