1 0.7557754629629629 0.5745138888888889 0.18856481481481496 0.14791666666666678
1 0.8212615740740741 0.48635416666666664 0.1570949074074072 0.11753472222222214
1 0.10265625 0.6936979166666667 0.20155092592592597 0.21381944444444442
1 0.7956481481481481 0.35881944444444447 0.08796296296296298 0.06444444444444439
3 0.94015625 0.3587326388888889 0.03651620370370381 0.07892361111111104
1 0.9138541666666666 0.3241666666666666 0.05825231481481481 0.06065972222222218
1 0.30115740740740743 0.3643402777777778 0.07997685185185191 0.04083333333333332
1 0.044577546296296296 0.43256944444444445 0.08915509259259259 0.05048611111111114
1 0.4643113425925926 0.48335069444444445 0.10398148148148145 0.11791666666666671
1 0.9245659722222221 0.24894097222222222 0.03312499999999972 0.042916666666666624
3 0.756730324074074 0.6565104166666667 0.07155092592592602 0.16875
3 0.9442476851851851 0.65 0.06510416666666644 0.14204861111111117
3 0.959050925925926 0.44423611111111116 0.059930555555555286 0.07631944444444443
2 0.7127951388888889 0.3661284722222222 0.04733796296296298 0.06354166666666669
2 0.5657060185185185 0.3982986111111111 0.04111111111111114 0.06652777777777778
2 0.19269675925925928 0.5596875000000001 0.09623842592592595 0.12711805555555564
2 0.8444907407407408 0.3030555555555555 0.0315393518518519 0.03975694444444446
2 0.7850983796296296 0.30671875000000004 0.02524305555555557 0.033368055555555554
2 0.7263831018518518 0.3244270833333333 0.0331018518518519 0.03979166666666671
2 0.14243634259259258 0.38505208333333335 0.026805555555555572 0.03340277777777771
0 0.5470601851851852 0.2792013888888889 0.10679398148148138 0.07579861111111112
4 0.6613078703703704 0.25166666666666665 0.08641203703703706 0.06597222222222224
1 0.6318055555555555 0.33277777777777773 0.05834490740740748 0.07315972222222218
4 0.4651273148148148 0.37319444444444444 0.10541666666666671 0.10076388888888896