1 0.36160300925925926 0.47693865740740743 0.13993055555555553 0.10982638888888889
1 0.7930555555555555 0.602650462962963 0.22760416666666677 0.15797453703703718
0 0.7376157407407408 0.3509895833333333 0.1260416666666666 0.11430555555555558
4 0.5614583333333334 0.36454282407407407 0.09959490740740726 0.07487268518518517
1 0.9059317129629629 0.3156655092592593 0.04508101851851833 0.03658564814814813
2 0.1902199074074074 0.47166087962962966 0.07719907407407409 0.06048611111111111
1 0.2854166666666667 0.3404918981481481 0.07135416666666661 0.029166666666666608
1 0.8888310185185185 0.4026851851851852 0.08009259259259274 0.05428240740740744
2 0.5657407407407408 0.5223784722222222 0.05891203703703703 0.11487268518518512
3 0.9731915509259259 0.4951388888888889 0.053616898148148094 0.07594907407407411
2 0.6427372685185185 0.38522569444444443 0.04901620370370381 0.058506944444444466
1 0.8375578703703704 0.5167881944444443 0.14236111111111108 0.09112268518518504
3 0.751273148148148 0.42426504629629624 0.04901620370370381 0.058506944444444466
2 0.8744212962962962 0.30909722222222225 0.01666666666666643 0.02835648148148149
3 0.8551793981481481 0.4438310185185186 0.039988425925925955 0.06774305555555564
2 0.5754340277777777 0.6785706018518518 0.09774305555555554 0.1935300925925926
1 0.09450231481481482 0.3777141203703704 0.11927083333333335 0.05798611111111107
1 0.45923032407407405 0.3269733796296296 0.05758101851851851 0.03677083333333329
4 0.6817418981481481 0.2775578703703704 0.08315972222222215 0.05276620370370368
4 0.818605324074074 0.32164930555555554 0.06122685185185191 0.09304398148148145
4 0.8077546296296297 0.2608391203703704 0.05613425925925952 0.039872685185185205