1 0.29293981481481485 0.6147280092592593 0.22309027777777776 0.175462962962963
1 0.10138888888888889 0.655613425925926 0.20277777777777778 0.19375
0 0.6697337962962963 0.3825520833333333 0.2078125 0.18368055555555554
1 0.47146990740740746 0.5112268518518519 0.1293981481481481 0.12800925925925916
1 0.6331018518518519 0.5043981481481481 0.12673611111111108 0.14027777777777786
1 0.0560474537037037 0.566579861111111 0.1120949074074074 0.09878472222222215
1 0.7690393518518519 0.5990740740740741 0.24473379629629619 0.21290509259259274
2 0.3978877314814815 0.509693287037037 0.06776620370370363 0.10474537037037042
1 0.3760127314814815 0.4869212962962964 0.11545138888888892 0.08802083333333321
2 0.3017361111111111 0.5252893518518519 0.06348379629629627 0.07326388888888893
1 0.2652199074074074 0.49594907407407407 0.1252314814814815 0.09965277777777785
2 0.2427083333333333 0.701880787037037 0.1458333333333334 0.19311342592592595
1 0.8255497685185185 0.3846932870370371 0.0887731481481481 0.08292824074074075
3 0.9293402777777778 0.6493344907407408 0.10277777777777786 0.12447916666666661
1 0.7974247685185185 0.509519675925926 0.1734375 0.1390625
1 0.534375 0.4414641203703704 0.09965277777777785 0.08217592592592596
1 0.5257233796296296 0.40008680555555554 0.08333333333333322 0.062268518518518515
2 0.813425925925926 0.31015625 0.032581018518518336 0.03825231481481488
2 0.5616898148148148 0.4654224537037036 0.05584490740740744 0.07737268518518511
1 0.04586226851851852 0.4727430555555555 0.09172453703703703 0.07673611111111107
1 0.4310185185185185 0.4400752314814815 0.1072916666666666 0.07806712962962958
3 0.8571180555555555 0.39956597222222223 0.04641203703703702 0.07511574074074065
1 0.07118055555555555 0.8278356481481481 0.10706018518518519 0.15596064814814808
3 0.9319155092592591 0.4528935185185185 0.07662037037037024 0.09137731481481488
3 0.88828125 0.3830729166666667 0.05121527777777786 0.07858796296296297
1 0.7559895833333333 0.316869212962963 0.0421875 0.045196759259259256
2 0.23619791666666665 0.539236111111111 0.0776041666666667 0.07586805555555572
2 0.730295138888889 0.43952546296296297 0.06736111111111107 0.09380787037037042
3 0.5361111111111111 0.775318287037037 0.10833333333333321 0.10619212962962976
1 0.2882523148148148 0.4028645833333334 0.08825231481481488 0.06886574074074084
1 0.1635127314814815 0.4500289351851852 0.09270833333333331 0.06296296296296297
1 0.4339409722222222 0.36116898148148147 0.04982638888888893 0.04108796296296298