1 0.378125 0.3875 0.0859375 0.0453125
1 0.884375 0.5796875 0.23125 0.1234375
1 0.8828125 0.4875 0.2296875 0.090625
1 0.2296875 0.5921875 0.178125 0.1125
1 0.1609375 0.321875 0.0328125 0.04375
1 0.4921875 0.4234375 0.1 0.05625
1 0.4953125 0.51875 0.1484375 0.140625
1 0.1859375 0.53125 0.14375 0.09375
4 0.6796875 0.4203125 0.1578125 0.1140625
1 0.115625 0.453125 0.103125 0.0953125
2 0.88515625 0.69140625 0.2296875 0.1765625
1 0.2609375 0.3734375 0.0703125 0.0390625
1 0.2203125 0.315625 0.0453125 0.0296875
2 0.140625 0.3546875 0.034375 0.0421875
1 0.0578125 0.3765625 0.075 0.0421875
3 0.040625 0.50625 0.0671875 0.0703125
2 0.09375 0.321875 0.0203125 0.0265625
1 0.846875 0.3578125 0.071875 0.025
1 0.296875 0.41875 0.0828125 0.0625
1 0.1796875 0.3078125 0.03125 0.021875
3 0.04375 0.4109375 0.0421875 0.0640625
2 0.1234375 0.3125 0.0359375 0.025
2 0.9171875 0.3609375 0.034375 0.0390625
2 0.065625 0.3203125 0.021875 0.028125
2 0.2171875 0.3390625 0.021875 0.0296875
3 0.2671875 0.6671875 0.0703125 0.125
2 0.39375 0.41875 0.0375 0.0703125
2 0.3375 0.465625 0.040625 0.090625
4 0.6234375 0.3265625 0.071875 0.04375