1 0.3499421296296297 0.5931828703703703 0.2232060185185185 0.17376157407407417
1 0.13981481481481484 0.5625925925925926 0.23894675925925926 0.13559027777777785
1 0.714670138888889 0.2963946759259259 0.07100694444444429 0.0645023148148148
1 0.4175347222222222 0.4526967592592593 0.1362268518518519 0.14118055555555548
1 0.805931712962963 0.5202256944444444 0.24751157407407404 0.19841435185185183
0 0.40685763888888893 0.31235532407407407 0.12459490740740727 0.0797569444444445
1 0.5509837962962962 0.37846064814814817 0.11209490740740743 0.07910879629629637
3 0.7338541666666667 0.6452893518518519 0.10960648148148149 0.1382407407407406
2 0.6314525462962963 0.3742881944444444 0.04982638888888893 0.08211805555555554
1 0.74453125 0.2572743055555556 0.05625 0.0450231481481481
3 0.817679398148148 0.3513252314814815 0.04930555555555571 0.06805555555555554
0 0.08524305555555556 0.4206134259259259 0.14375 0.1337731481481482
3 0.9627748842592592 0.5803472222222222 0.07445023148148167 0.09556712962962965
1 0.7830439814814815 0.2404050925925926 0.054456018518518334 0.03869212962962969
3 0.834837962962963 0.6032638888888889 0.08026620370370381 0.10396990740740737
1 0.7954861111111111 0.21706018518518516 0.03831018518518512 0.023819444444444393
3 0.9174189814814815 0.3602430555555555 0.060243055555555716 0.11072916666666668
4 0.20888310185185185 0.48308449074074067 0.21984953703703702 0.12524305555555557
4 0.6131365740740741 0.28130787037037036 0.14068287037037025 0.13517361111111112
0 0.7134548611111111 0.2001793981481481 0.06267361111111107 0.05003472222222225
4 0.514988425925926 0.2730902777777778 0.08668981481481489 0.06687500000000002
1 0.29615162037037035 0.3666261574074074 0.062442129629629674 0.04378472222222225
1 0.17375578703703703 0.40115162037037033 0.06736111111111112 0.050277777777777644
0 0.20188078703703707 0.7167071759259259 0.3274305555555556 0.2930092592592592
1 0.8468171296296296 0.41947916666666674 0.15393518518518512 0.11402777777777792
3 0.9644241898148149 0.3497164351851852 0.07115162037037023 0.13053240740740746
3 0.9449074074074073 0.2781944444444444 0.03287037037037024 0.045370370370370415
3 0.9022858796296298 0.2897974537037037 0.035358796296296194 0.028344907407407405
1 0.8493344907407409 0.29723958333333333 0.06331018518518547 0.06722222222222225
2 0.8206886574074075 0.28463541666666664 0.030150462962962976 0.05614583333333334
3 0.880005787037037 0.23772569444444444 0.023090277777777855 0.033946759259259274
1 0.9059606481481481 0.26221064814814815 0.059490740740740476 0.04831018518518517
1 0.8261574074074074 0.24208333333333334 0.05347222222222214 0.05423611111111111
1 0.6894386574074074 0.27030671296296294 0.032638888888888926 0.039120370370370416
1 0.7591724537037037 0.22990162037037037 0.027314814814814882 0.021689814814814846
2 0.7610243055555556 0.23763310185185188 0.013368055555555536 0.02408564814814813
2 0.7208333333333334 0.25145833333333334 0.018229166666666786 0.029016203703703704
0 0.7823206018518518 0.1786053240740741 0.04351851851851851 0.038125000000000006
0 0.8138310185185185 0.16288194444444443 0.035648148148148096 0.0361574074074074
0 0.8439814814814814 0.1527083333333333 0.03379629629629619 0.02826388888888891
2 0.8490740740740741 0.22680555555555557 0.021585648148148097 0.03542824074074069
2 0.8341724537037039 0.20487847222222225 0.041319444444444284 0.02085648148148147
2 0.8739872685185185 0.20203125000000002 0.024942129629629762 0.04184027777777777
1 0.8927372685185185 0.2010590277777778 0.031076388888888928 0.03903935185185183
1 0.8630208333333332 0.18068287037037037 0.02552083333333357 0.015358796296296306
1 0.8349537037037038 0.1837037037037037 0.02714120370370381 0.017002314814814845