1 0.4419560185185185 0.5249826388888889 0.20288194444444443 0.15440972222222218
2 0.41052083333333333 0.42652777777777773 0.07304398148148153 0.09375
1 0.7683564814814815 0.3123958333333333 0.07101851851851855 0.07809027777777774
1 0.5972048611111112 0.3708506944444444 0.09335648148148153 0.09420138888888889
2 0.3275347222222222 0.48692708333333334 0.07010416666666668 0.0999305555555555
1 0.8571296296296296 0.37288194444444445 0.11716435185185184 0.10722222222222229
1 0.8047222222222222 0.45524305555555555 0.1641319444444445 0.1113888888888889
2 0.6691261574074074 0.36769097222222225 0.048865740740740723 0.0682291666666667
1 0.7588368055555555 0.5546354166666667 0.24144675925925937 0.19118055555555563
2 0.8544502314814814 0.22616319444444444 0.011724537037036954 0.026805555555555572
1 0.8393518518518519 0.23508680555555558 0.033784722222222285 0.03354166666666671
2 0.6336342592592592 0.32710069444444445 0.03737268518518526 0.049236111111111036
3 0.9476793981481482 0.39975694444444443 0.06854166666666686 0.09989583333333343
1 0.7526504629629629 0.2627777777777778 0.04334490740740744 0.040000000000000036
2 0.8379224537037036 0.25697916666666665 0.02620370370370395 0.041180555555555554
2 0.18954282407407408 0.743732638888889 0.17260416666666667 0.1865277777777777
3 0.8184837962962963 0.6758854166666667 0.06954861111111121 0.0811805555555555
3 0.7436111111111112 0.6205555555555555 0.06615740740740747 0.12482638888888893
3 0.9203530092592593 0.3207291666666666 0.0316782407407409 0.06784722222222221
3 0.8952430555555555 0.29864583333333333 0.021284722222222285 0.03326388888888889
1 0.7232060185185185 0.3079340277777778 0.043900462962962905 0.05875000000000004
1 0.7125289351851851 0.2730381944444445 0.04343749999999993 0.04312500000000004
1 0.8879745370370369 0.22776041666666663 0.03819444444444429 0.024270833333333287
1 0.8649999999999999 0.21265625 0.025694444444444287 0.023993055555555552
1 0.8384374999999998 0.21324652777777775 0.02872685185185162 0.020937499999999963
0 0.7692071759259259 0.20463541666666668 0.03819444444444446 0.024270833333333287
0 0.6226446759259259 0.25005208333333334 0.05584490740740744 0.040277777777777767
4 0.3956539351851852 0.32223958333333336 0.07496527777777776 0.0531944444444445
1 0.3167418981481481 0.35053819444444445 0.041319444444444464 0.024340277777777787
2 0.2804340277777778 0.36383680555555553 0.030567129629629618 0.030347222222222213
4 0.029137731481481483 0.4375 0.058275462962962966 0.065625