1 0.22145833333333337 0.31005787037037036 0.06520833333333335 0.06722222222222225
1 0.24390625000000005 0.25361689814814814 0.052604166666666605 0.04165509259259261
1 0.18494791666666666 0.5424016203703703 0.2290625 0.18938657407407417
1 0.1535416666666667 0.4529398148148148 0.17197916666666666 0.12725694444444446
1 0.128125 0.332025462962963 0.09375 0.07493055555555558
1 0.31875 0.2871064814814815 0.047395833333333304 0.03359953703703704
1 0.2650520833333333 0.29845486111111114 0.03947916666666664 0.03163194444444439
2 0.19437500000000002 0.3192476851851852 0.0458333333333333 0.05687499999999997
1 0.17390624999999998 0.275931712962963 0.04677083333333334 0.04758101851851855
3 0.05786458333333333 0.32321180555555556 0.0578125 0.0730671296296296
0 0.5724479166666667 0.5456655092592593 0.5995833333333334 0.5620601851851852
2 0.29104166666666664 0.3990972222222222 0.05843749999999996 0.08244212962962968
1 0.3031770833333333 0.3221701388888889 0.07625000000000001 0.04599537037037038
1 0.32927083333333335 0.3628587962962963 0.10260416666666661 0.06760416666666665
0 0.8673958333333334 0.5825347222222221 0.20291666666666686 0.33439814814814817
2 0.82359375 0.7023668981481481 0.13239583333333335 0.21084490740740733
2 0.32796875 0.45245949074074077 0.06656250000000004 0.11089120370370367
3 0.11515625 0.6550173611111111 0.11583333333333332 0.12590277777777778
3 0.022916666666666665 0.6236342592592592 0.04583333333333333 0.14648148148148152
4 0.7538541666666667 0.3353935185185185 0.13083333333333336 0.09398148148148149
0 0.14651041666666667 0.23141782407407407 0.07614583333333332 0.06778935185185189
1 0.36109375 0.30593171296296295 0.04822916666666668 0.04609953703703704
3 0.031223958333333336 0.44684027777777774 0.06244791666666667 0.1278356481481481
3 0.014192708333333331 0.3991203703703704 0.028385416666666663 0.061562499999999964
2 0.17427083333333332 0.29381944444444447 0.02489583333333334 0.04644675925925927
2 0.18875 0.2985185185185185 0.02437499999999999 0.03863425925925927
2 0.13307291666666665 0.2811631944444445 0.034062500000000016 0.043807870370370414
2 0.1221875 0.2575925925925926 0.024270833333333332 0.037071759259259277
2 0.20854166666666668 0.2585648148148148 0.019166666666666644 0.0305787037037037
2 0.22453125 0.26396412037037037 0.021145833333333287 0.03690972222222229
1 0.21744791666666669 0.24175347222222224 0.031458333333333324 0.028101851851851833
1 0.19427083333333334 0.22738425925925926 0.02458333333333331 0.018402777777777768
1 0.10385416666666666 0.21728009259259257 0.025208333333333322 0.02777777777777777