0 0.9505671296296295 0.7555555555555555 0.0988657407407409 0.12465277777777786
1 0.1352488425925926 0.4136631944444444 0.09615740740740741 0.08065972222222229
1 0.1480324074074074 0.41968750000000005 0.07635416666666668 0.059513888888889
2 0.8313252314814814 0.7298784722222222 0.15209490740740747 0.16732638888888882
1 0.20953703703703702 0.5385590277777779 0.15189814814814814 0.10340277777777765
1 0.26613425925925926 0.6229166666666667 0.18878472222222226 0.15336805555555558
2 0.3361747685185185 0.3953125 0.04337962962962969 0.05493055555555557
1 0.4380902777777778 0.4216666666666667 0.10175925925925924 0.06843749999999993
2 0.7235590277777778 0.4553993055555555 0.07134259259259253 0.0530555555555555
1 0.2510706018518518 0.3775 0.06312499999999996 0.04489583333333336
1 0.9490306712962961 0.5369791666666666 0.10193865740740762 0.13673611111111122
1 0.6102083333333334 0.4339930555555556 0.09262731481481482 0.07270833333333329
1 0.373900462962963 0.37126736111111114 0.04890046296296298 0.041145833333333305
2 0.6214872685185184 0.5763541666666667 0.08525462962962962 0.14097222222222214
2 0.19755208333333335 0.3525173611111111 0.024814814814814845 0.027604166666666697
1 0.2880960648148148 0.35498263888888887 0.045208333333333336 0.030069444444444392
1 0.1809201388888889 0.37750000000000006 0.06519675925925927 0.02472222222222218
4 0.7888599537037038 0.5572916666666666 0.2722453703703705 0.16954861111111122
1 0.9410879629629629 0.39647569444444447 0.1122106481481481 0.05954861111111107
1 0.18173032407407408 0.393125 0.0694560185185185 0.04673611111111109
1 0.8514583333333334 0.3815798611111111 0.0893634259259258 0.03982638888888897
2 0.5282060185185186 0.4459375 0.04023148148148152 0.08440972222222207
2 0.3878935185185185 0.4607465277777778 0.05380787037037038 0.07565972222222221
4 0.10983217592592594 0.3143229166666667 0.05892361111111111 0.054062500000000034
2 0.14586805555555554 0.3478819444444444 0.02826388888888891 0.03399305555555552
3 0.33002893518518517 0.68265625 0.038969907407407425 0.12020833333333343
3 0.4134143518518519 0.7424826388888889 0.07013888888888893 0.12003472222222236
3 0.11661458333333333 0.6856423611111111 0.07937500000000001 0.08770833333333332
3 0.08152777777777778 0.49000000000000005 0.04020833333333336 0.11402777777777792
3 0.1110127314814815 0.4874131944444445 0.03535879629629628 0.11069444444444443
3 0.2218402777777778 0.4751909722222223 0.0439699074074074 0.036250000000000074
3 0.06909722222222223 0.4005902777777777 0.03270833333333334 0.02951388888888893
2 0.2264699074074074 0.33899305555555553 0.051539351851851836 0.031909722222222214
1 0.25912037037037033 0.33732638888888894 0.02761574074074069 0.021493055555555605
1 0.17983796296296298 0.3415972222222222 0.03459490740740741 0.03583333333333334
1 0.1602777777777778 0.3251388888888889 0.027696759259259275 0.023055555555555607
0 0.18949074074074074 0.30227430555555557 0.07438657407407408 0.0516319444444445
2 0.5877025462962963 0.45092013888888893 0.03777777777777782 0.06715277777777776