1 0.5676331018518519 0.5295833333333333 0.1893518518518519 0.1333333333333334
1 0.2711516203703704 0.6483506944444445 0.19622685185185187 0.17579861111111122
1 0.1957638888888889 0.5661458333333333 0.14994212962962958 0.10815972222222214
1 0.12288194444444445 0.4949826388888889 0.11712962962962963 0.10670138888888889
3 0.19960069444444445 0.66703125 0.08546296296296294 0.07718750000000014
1 0.8196469907407407 0.3604340277777778 0.08329861111111114 0.036493055555555556
1 0.20203703703703707 0.35718750000000005 0.04414351851851848 0.028506944444444394
4 0.34642939814814816 0.3542361111111111 0.11195601851851844 0.07368055555555557
1 0.23527777777777778 0.3875520833333333 0.0568518518518518 0.04312500000000004
1 0.13341435185185185 0.36272569444444447 0.04108796296296298 0.033055555555555574
1 0.38741898148148146 0.4333506944444444 0.08714120370370368 0.08506944444444446
1 0.9376157407407408 0.3656770833333333 0.10706018518518548 0.05940972222222225
3 0.04507523148148148 0.4602951388888889 0.041597222222222216 0.06743055555555558
1 0.6637557870370371 0.48310763888888886 0.17197916666666657 0.12006944444444442
0 0.0747048611111111 0.35230902777777773 0.06976851851851851 0.0718055555555555
2 0.7560474537037036 0.7050347222222222 0.13232638888888887 0.18388888888888885
1 0.4440798611111111 0.7270833333333333 0.2290856481481482 0.18038194444444447
3 0.37287037037037035 0.6107118055555556 0.0706944444444444 0.1343055555555555
1 0.4377719907407407 0.4067013888888889 0.06972222222222228 0.0686805555555555
2 0.27250578703703704 0.42355902777777776 0.035370370370370365 0.06871527777777775
2 0.22167824074074077 0.4181770833333333 0.03513888888888896 0.05309027777777775
1 0.14184027777777777 0.40447916666666667 0.06478009259259263 0.051284722222222176
1 0.30261574074074077 0.40069444444444446 0.06321759259259263 0.05121527777777786
4 0.1688773148148148 0.33229166666666665 0.06331018518518516 0.05746527777777777
1 0.48910879629629633 0.34105902777777775 0.03630787037037031 0.02659722222222225
1 0.053125 0.4239583333333334 0.08518518518518518 0.05843750000000014
1 0.5936805555555555 0.44329861111111113 0.05724537037037045 0.06968750000000004
1 0.7632696759259259 0.34934027777777776 0.052164351851851795 0.042916666666666714
1 0.5172337962962963 0.3423090277777778 0.02543981481481481 0.030798611111111106
2 0.6617766203703704 0.34951388888888885 0.014317129629629477 0.017812499999999964
2 0.939224537037037 0.36887152777777776 0.03633101851851848 0.02815972222222225
3 0.8593518518518518 0.35282986111111114 0.016087962962962978 0.03194444444444446