3 0.36593749999999997 0.7176041666666666 0.09000000000000004 0.06666666666666679
1 0.18057291666666667 0.5464062500000001 0.25458333333333333 0.20208333333333323
2 0.8490624999999999 0.5057291666666666 0.10395833333333329 0.13604166666666656
2 0.70234375 0.5715104166666667 0.12791666666666668 0.16875
1 0.39333333333333337 0.3416666666666667 0.08677083333333328 0.06489583333333329
1 0.30921875 0.34338541666666667 0.08312499999999998 0.0802083333333334
1 0.31557291666666665 0.29473958333333333 0.06333333333333338 0.040000000000000036
2 0.6059375 0.4659375 0.07708333333333339 0.10625
2 0.5647916666666667 0.4297916666666667 0.08093749999999993 0.09406250000000008
1 0.13166666666666665 0.335 0.08250000000000002 0.0708333333333333
2 0.5806250000000001 0.635625 0.14729166666666665 0.20270833333333335
3 0.37890625 0.5930729166666666 0.0885416666666666 0.13812499999999997
1 0.9433854166666666 0.3858854166666667 0.05697916666666671 0.06135416666666664
1 0.9477604166666665 0.37859375 0.04989583333333343 0.07177083333333326
3 0.17895833333333333 0.38395833333333335 0.05718750000000004 0.06447916666666664
2 0.2611458333333333 0.2828125 0.047812500000000036 0.04052083333333334
1 0.15229166666666666 0.4572916666666667 0.16677083333333337 0.12156249999999993
2 0.24026041666666664 0.3044270833333333 0.041874999999999926 0.044791666666666605
2 0.16489583333333332 0.2682291666666667 0.021354166666666695 0.04031249999999993
2 0.17526041666666664 0.27609374999999997 0.024583333333333356 0.04208333333333325
3 0.03854166666666666 0.401875 0.05739583333333333 0.11427083333333332
0 0.8284375 0.7334375 0.17322916666666685 0.1484375
1 0.73765625 0.34515624999999994 0.06333333333333328 0.040000000000000036
1 0.18739583333333334 0.24572916666666664 0.04281249999999996 0.035520833333333356
3 0.02609375 0.6186458333333333 0.0521875 0.09625000000000003
1 0.25869791666666664 0.26119791666666664 0.04864583333333332 0.0296875
1 0.113125 0.263125 0.053020833333333336 0.04864583333333332
1 0.22999999999999998 0.24833333333333335 0.04052083333333325 0.024479166666666698
2 0.14651041666666667 0.25234375 0.024270833333333332 0.037395833333333336
1 0.14869791666666665 0.23119791666666667 0.02666666666666666 0.02666666666666666
1 0.21734375 0.26317708333333334 0.048541666666666664 0.028125
3 0.02359375 0.57140625 0.0471875 0.06177083333333329
2 0.7734375 0.7767708333333333 0.10260416666666679 0.04572916666666664
2 0.42348958333333336 0.43765625 0.06739583333333332 0.10093749999999986
2 0.45791666666666664 0.41125000000000006 0.04802083333333336 0.09031249999999993
2 0.5073958333333334 0.36906249999999996 0.04854166666666657 0.07479166666666667
3 0.4765625 0.6448958333333333 0.11229166666666668 0.19104166666666664
3 0.06536458333333334 0.39619791666666665 0.044062500000000004 0.10093750000000004
3 0.04291666666666667 0.3129166666666666 0.0203125 0.024687499999999928
3 0.06109374999999999 0.30859375 0.02177083333333334 0.02322916666666668
3 0.04677083333333333 0.33677083333333335 0.015000000000000003 0.015000000000000036
1 0.08020833333333333 0.26687500000000003 0.03385416666666665 0.041145833333333395
1 0.10687500000000001 0.22854166666666664 0.010729166666666679 0.020937499999999963
1 0.11734375 0.2231770833333333 0.01583333333333332 0.027500000000000035
1 0.12770833333333334 0.21937499999999996 0.0171875 0.024479166666666607
1 0.12921875 0.22005208333333331 0.02052083333333332 0.027812499999999928
2 0.16369791666666667 0.23953125000000003 0.01937500000000001 0.033958333333333354
1 0.17786458333333333 0.22536458333333337 0.025937499999999992 0.01572916666666675
1 0.15833333333333333 0.215 0.024270833333333332 0.0140625
1 0.11364583333333333 0.20864583333333334 0.01822916666666665 0.016770833333333356
2 0.33723958333333337 0.2847395833333334 0.01395833333333334 0.022708333333333285
1 0.6202604166666668 0.30942708333333335 0.04427083333333322 0.034062500000000016
2 0.6668229166666666 0.32265625 0.018333333333333358 0.018333333333333358
2 0.5878125000000001 0.30614583333333334 0.011979166666666785 0.016354166666666715
2 0.5718229166666667 0.3009895833333333 0.013437499999999858 0.014895833333333285
2 0.5191666666666667 0.28583333333333333 0.016770833333333356 0.01822916666666661
2 0.50296875 0.28380208333333334 0.010312499999999858 0.014687499999999964
2 0.4734375 0.2834375 0.021666666666666678 0.021666666666666678
2 0.4057812500000001 0.25994791666666667 0.010416666666666786 0.016249999999999966
1 0.8127604166666667 0.3502604166666667 0.05270833333333336 0.04395833333333332
2 0.8095833333333333 0.35125 0.031770833333333214 0.03322916666666664
1 0.8803125000000002 0.3753125 0.08374999999999985 0.042916666666666714