1 0.25 0.6125 0.178125 0.1296875
1 0.1875 0.5375 0.1359375 0.10625
1 0.3453125 0.453125 0.1015625 0.0828125
1 0.30625 0.3921875 0.090625 0.0515625
1 0.4171875 0.3984375 0.0796875 0.0546875
1 0.271875 0.3703125 0.0546875 0.0328125
1 0.63125 0.5796875 0.184375 0.165625
1 0.61875 0.4671875 0.11875 0.065625
1 0.1140625 0.4546875 0.10625 0.096875
3 0.0328125 0.5 0.0625 0.0671875
3 0.0484375 0.41875 0.025 0.0734375
2 0.725 0.3484375 0.0203125 0.0234375
1 0.76875 0.35625 0.06875 0.034375
2 0.15625 0.3671875 0.0265625 0.04375
2 0.421875 0.5171875 0.05 0.1078125
2 0.471875 0.4484375 0.0375 0.075
3 0.253125 0.6921875 0.0421875 0.175
1 0.0703125 0.3828125 0.0671875 0.0484375
1 0.2546875 0.328125 0.05 0.0390625
2 0.1109375 0.3265625 0.0171875 0.03125
1 0.1828125 0.328125 0.0375 0.0375
2 0.084375 0.3265625 0.0140625 0.03125
1 0.4609375 0.31875 0.0328125 0.0265625
1 0.503125 0.325 0.0359375 0.0234375
4 0.8984375 0.45625 0.2015625 0.175