0 0.3171875 0.4125 0.1921875 0.1609375
0 0.290625 0.3140625 0.134375 0.046875
1 0.1328125 0.4046875 0.071875 0.0515625
3 0.084375 0.6828125 0.0734375 0.10625
1 0.1796875 0.3140625 0.04375 0.0265625
3 0.2328125 0.6921875 0.0859375 0.0921875
1 0.1140625 0.3 0.0359375 0.025
1 0.06875 0.346875 0.03125 0.034375
1 0.0875 0.3140625 0.0375 0.0296875
0 0.7265625 0.5578125 0.5453125 0.4484375
1 0.1875 0.5234375 0.1609375 0.0859375
1 0.2265625 0.609375 0.21875 0.153125
2 0.1671875 0.375 0.0328125 0.059375
3 0.0625 0.484375 0.05625 0.1109375
3 0.1125 0.4765625 0.025 0.05625
3 0.1671875 0.453125 0.034375 0.0453125
3 0.1890625 0.4328125 0.0265625 0.0203125
3 0.0765625 0.409375 0.0484375 0.05625
2 0.140625 0.296875 0.009375 0.025