1 0.640625 0.4796875 0.1578125 0.0890625
0 0.3875 0.4375 0.2 0.18125
1 0.2359375 0.60625 0.203125 0.15
1 0.53125 0.43125 0.0921875 0.078125
3 0.2234375 0.7171875 0.071875 0.1265625
3 0.0640625 0.709375 0.0984375 0.1421875
1 0.63125 0.415625 0.1171875 0.059375
3 0.88125 0.51875 0.071875 0.115625
1 0.13125 0.4078125 0.0671875 0.0546875
1 0.184375 0.521875 0.153125 0.0890625
1 0.196875 0.3359375 0.05 0.0328125
2 0.20625 0.3640625 0.0171875 0.040625
3 0.7546875 0.4734375 0.05625 0.0890625
1 0.0765625 0.39375 0.0703125 0.0515625
0 0.33125 0.284375 0.0734375 0.040625
3 0.128125 0.475 0.065625 0.0765625
1 0.5015625 0.5859375 0.1703125 0.165625
3 0.08125 0.4703125 0.046875 0.084375
1 0.96875 0.5109375 0.0609375 0.1140625
0 0.7171875 0.3265625 0.1765625 0.0890625
1 0.83125 0.35 0.0515625 0.0359375
1 0.5296875 0.321875 0.0328125 0.025
4 0.26875 0.2859375 0.05 0.0375
2 0.2296875 0.3578125 0.021875 0.0421875
2 0.1375 0.3296875 0.0203125 0.0359375
1 0.1859375 0.30625 0.0375 0.025
1 0.3265625 0.3375 0.046875 0.0296875
0 0.2109375 0.2765625 0.0359375 0.0265625
4 0.1140625 0.2734375 0.0421875 0.03125
2 0.1 0.3234375 0.01875 0.034375
3 0.1609375 0.384375 0.0203125 0.046875
4 0.2734375 0.3671875 0.0609375 0.071875
2 0.2796875 0.3953125 0.0265625 0.059375
1 0.890625 0.3640625 0.0671875 0.034375
1 0.2375 0.325 0.03125 0.01875
3 0.0484375 0.4828125 0.040625 0.1078125
3 0.021875 0.475 0.0328125 0.1265625
3 0.184375 0.45 0.03125 0.053125
4 0.1 0.2515625 0.028125 0.0265625
4 0.1390625 0.2609375 0.025 0.025
4 0.0671875 0.2453125 0.025 0.0265625