1 0.7859375 0.5743460648148149 0.240625 0.20622685185185183
1 0.81328125 0.4804513888888889 0.1625 0.12873842592592588
3 0.84609375 0.3977777777777778 0.065625 0.08465277777777783
2 0.71796875 0.3653530092592593 0.053125 0.0668171296296296
3 0.79296875 0.40752314814814816 0.0546875 0.06846064814814809
1 0.77421875 0.28858217592592594 0.0625 0.048553240740740744
3 0.77578125 0.6636631944444444 0.1078125 0.11809027777777778
2 0.61328125 0.4286747685185185 0.059375 0.07651620370370367
2 0.77265625 0.3260011574074074 0.040625 0.04741898148148147
1 0.8328125 0.35412037037037036 0.0796875 0.06819444444444445
0 0.1546875 0.7416145833333333 0.278125 0.3409837962962964
3 0.9 0.41541666666666666 0.059375 0.10620370370370366
3 0.91953125 0.41564814814814816 0.075 0.11013888888888879
4 0.3359375 0.4307002314814815 0.1546875 0.11739583333333332
0 0.3390625 0.6121122685185185 0.571875 0.45621527777777776
1 0.625 0.36443865740740744 0.0734375 0.05849537037037038
1 0.0203125 0.5073032407407407 0.040625 0.07085648148148138
1 0.66640625 0.34080439814814817 0.053125 0.0371296296296296
4 0.30078125 0.3827835648148148 0.2234375 0.13971064814814813
1 0.16015625 0.4520543981481481 0.0875 0.059224537037037096
3 0.953125 0.6181712962962964 0.09375 0.12986111111111107
1 0.8640625 0.2987094907407407 0.0625 0.050115740740740745
1 0.65625 0.32543402777777775 0.0578125 0.03737268518518526
1 0.5828125 0.3685011574074074 0.0328125 0.04857638888888882
2 0.56015625 0.3852951388888889 0.0328125 0.06107638888888882
2 0.4828125 0.40159722222222227 0.03125 0.039120370370370236
2 0.48515625 0.34156250000000005 0.0140625 0.019479166666666714
2 0.43203125 0.36458912037037033 0.021875 0.018321759259259274
2 0.53359375 0.3167303240740741 0.0125 0.013148148148148131
2 0.5796875 0.3097453703703704 0.0171875 0.021203703703703704
4 0.67578125 0.2616030092592593 0.0625 0.057928240740740745
2 0.721875 0.3030555555555555 0.028125 0.03427083333333334
2 0.703125 0.32317708333333334 0.0234375 0.03090277777777777
4 0.71796875 0.27004050925925926 0.0484375 0.04469907407407403
4 0.75 0.25373263888888886 0.0578125 0.051435185185185174
4 0.8296875 0.23442708333333334 0.040625 0.04585648148148147
2 0.84296875 0.2593344907407407 0.0203125 0.03074074074074069
2 0.840625 0.29202546296296295 0.028125 0.04833333333333334
3 0.94765625 0.36632523148148144 0.0359375 0.0799884259259259
3 0.884375 0.35054398148148147 0.025 0.027858796296296263
2 0.64296875 0.37865162037037037 0.03125 0.05787037037037042
2 0.621875 0.39630787037037035 0.0359375 0.06280092592592598
2 0.06953125 0.4793865740740741 0.025 0.02942129629629626