1 0.1859375 0.5234375 0.1421875 0.090625
2 0.659375 0.4625 0.0640625 0.090625
1 0.234375 0.603125 0.1984375 0.1296875
2 0.29375 0.3875 0.0328125 0.0390625
2 0.3515625 0.38125 0.03125 0.05
2 0.834375 0.528125 0.0953125 0.1265625
1 0.3125 0.46875 0.1109375 0.115625
2 0.4703125 0.4765625 0.065625 0.096875
0 0.2046875 0.3421875 0.0984375 0.0890625
2 0.1328125 0.4328125 0.05 0.059375
1 0.49375 0.3890625 0.0890625 0.0546875
1 0.98125 0.3640625 0.0375 0.0625
2 0.4015625 0.3921875 0.04375 0.053125
1 0.375 0.3546875 0.0609375 0.028125
3 0.353125 0.7125 0.05625 0.1390625
3 0.23125 0.6703125 0.0453125 0.13125
3 0.0625 0.659375 0.1046875 0.146875
3 0.084375 0.415625 0.025 0.0703125
3 0.046875 0.4765625 0.0546875 0.1203125
1 0.1296875 0.4046875 0.075 0.0515625
1 0.2640625 0.3328125 0.05 0.0328125
1 0.6359375 0.3375 0.0515625 0.028125
1 0.7640625 0.340625 0.053125 0.028125
1 0.8328125 0.3515625 0.0640625 0.0359375
1 0.7890625 0.3609375 0.06875 0.021875
1 0.9203125 0.353125 0.0796875 0.05
1 0.58125 0.328125 0.028125 0.0234375
4 0.4109375 0.284375 0.1171875 0.075
2 0.51875 0.3234375 0.021875 0.0265625
2 0.1015625 0.3375 0.021875 0.0375