1 0.725 0.546875 0.1609375 0.128125
1 0.3234375 0.4046875 0.09375 0.059375
1 0.275 0.3390625 0.05625 0.034375
1 0.13125 0.4328125 0.1 0.0890625
1 0.4140625 0.38125 0.08125 0.0390625
2 0.45625 0.4390625 0.05625 0.0734375
4 0.65625 0.3296875 0.1171875 0.0609375
1 0.8953125 0.346875 0.2 0.0859375
3 0.040625 0.50625 0.059375 0.0609375
3 0.2640625 0.6640625 0.0640625 0.1265625
1 0.1828125 0.5265625 0.1515625 0.090625
1 0.2328125 0.6140625 0.20625 0.15625
1 0.1828125 0.3328125 0.0515625 0.0296875
2 0.73125 0.7046875 0.1 0.153125
3 0.0640625 0.6859375 0.075 0.1078125
3 0.05 0.4140625 0.0296875 0.059375
1 0.4203125 0.3046875 0.053125 0.0390625
0 0.3375 0.29375 0.0515625 0.0390625
0 0.096875 0.2765625 0.034375 0.03125
2 0.1234375 0.30625 0.0140625 0.0234375
1 0.2625 0.284375 0.040625 0.034375
0 0.15 0.259375 0.0375 0.0296875