1 0.5935937499999999 0.4985069444444445 0.20040509259259273 0.13722222222222236
4 0.3317997685185185 0.3395138888888889 0.1395833333333334 0.1436805555555555
1 0.2345949074074074 0.6233854166666667 0.19877314814814814 0.13249999999999992
1 0.8371180555555556 0.46640625 0.20017361111111107 0.12159722222222218
1 0.17851273148148147 0.5580555555555555 0.15934027777777776 0.10663194444444439
3 0.03871527777777778 0.44631944444444444 0.044791666666666674 0.07128472222222229
2 0.249369212962963 0.4173958333333333 0.029050925925925952 0.06312499999999996
1 0.5689699074074074 0.41980902777777784 0.12440972222222228 0.06836805555555543
3 0.2657118055555555 0.6858159722222222 0.08356481481481488 0.15805555555555556
2 0.20736689814814815 0.4039583333333333 0.03511574074074071 0.05076388888888879
1 0.07622685185185185 0.34086805555555555 0.041157407407407406 0.036840277777777784
2 0.5740104166666666 0.5543402777777777 0.07221064814814823 0.1296875
3 0.03607638888888889 0.5189409722222222 0.0637037037037037 0.08263888888888893
4 0.5021238425925926 0.3425173611111111 0.21966435185185187 0.17201388888888883
1 0.18672453703703704 0.37302083333333336 0.05078703703703704 0.05423611111111111
4 0.07744791666666666 0.3111979166666667 0.04444444444444447 0.047847222222222284
1 0.09669560185185186 0.38352430555555556 0.0351388888888889 0.052326388888888874
1 0.6366030092592593 0.3384722222222222 0.04729166666666664 0.029166666666666608
2 0.27153356481481483 0.3983506944444445 0.030474537037037043 0.05378472222222221
1 0.2389525462962963 0.3819965277777778 0.04743055555555555 0.038541666666666696
4 0.1452025462962963 0.37991319444444444 0.05556712962962962 0.060590277777777854
1 0.118125 0.36133680555555553 0.037986111111111144 0.033645833333333285
1 0.179375 0.3415972222222222 0.042465277777777775 0.019687500000000035
4 0.1256539351851852 0.3278993055555556 0.03476851851851852 0.027326388888888876
1 0.05219907407407407 0.3801909722222222 0.04589120370370372 0.04006944444444445
1 0.04085648148148148 0.41977430555555556 0.08171296296296296 0.058090277777777824
3 0.08222800925925926 0.7270659722222221 0.06225694444444443 0.0904166666666665
2 0.5544965277777778 0.6054861111111112 0.07409722222222222 0.15159722222222224
2 0.4070428240740741 0.53578125 0.0642824074074074 0.12170138888888893
2 0.34125 0.4928993055555555 0.06395833333333334 0.09982638888888892
1 0.34921875 0.4297743055555555 0.09164351851851853 0.07076388888888889
2 0.40344907407407404 0.40909722222222217 0.038541666666666606 0.07114583333333328
1 0.7920138888888889 0.3458333333333333 0.06613425925925931 0.03583333333333334
1 0.8514467592592592 0.3432465277777778 0.058229166666667 0.029409722222222177
1 0.9490335648148147 0.35010416666666666 0.06942129629629648 0.04684027777777775