1 0.5445601851851852 0.5298032407407407 0.18900462962962958 0.13182870370370364
2 0.756886574074074 0.4327546296296296 0.08570601851851851 0.08119212962962977
1 0.35584490740740743 0.4828125 0.10752314814814809 0.12256944444444447
1 0.2742476851851852 0.3708333333333333 0.07424768518518512 0.06672453703703703
1 0.25364583333333335 0.5961226851851852 0.23524305555555552 0.15850694444444446
1 0.5747685185185185 0.41603009259259255 0.1267939814814815 0.09519675925925916
2 0.693576388888889 0.4765625 0.06770833333333322 0.10081018518518511
2 0.9252893518518519 0.586111111111111 0.10069444444444428 0.14884259259259275
3 0.09704861111111111 0.677025462962963 0.09299768518518521 0.10954861111111107
3 0.46368634259259256 0.7330729166666666 0.05214120370370381 0.059664351851851906
1 0.48234953703703703 0.4554398148148149 0.12233796296296298 0.1012731481481481
2 0.22074652777777776 0.3837673611111111 0.02910879629629628 0.06973379629629628
1 0.4598958333333333 0.35613425925925923 0.08663194444444447 0.0640625
1 0.20613425925925927 0.5173032407407407 0.1599537037037037 0.10578703703703703
1 0.20176504629629627 0.2937210648148148 0.044618055555555536 0.025057870370370418
2 0.1527488425925926 0.42774884259259255 0.03877314814814818 0.07789351851851851
1 0.14600694444444445 0.3935763888888889 0.08813657407407405 0.06255787037037033
1 0.14131944444444444 0.39375 0.07685185185185187 0.052777777777777854
2 0.36004050925925923 0.3848668981481481 0.03975694444444446 0.06232638888888884
2 0.30541087962962965 0.38845486111111105 0.038252314814814795 0.06383101851851851
1 0.35789930555555555 0.3270543981481482 0.03836805555555554 0.02482638888888893
1 0.23032407407407404 0.3043981481481482 0.044328703703703634 0.017245370370370418
2 0.3318287037037037 0.38356481481481486 0.03657407407407405 0.06064814814814819
3 0.06030092592592593 0.4875 0.07002314814814814 0.07905092592592596
1 0.14956597222222223 0.34181134259259255 0.06087962962962963 0.04282407407407405
1 0.22766203703703702 0.3170138888888889 0.04947916666666661 0.029918981481481487
3 0.0654224537037037 0.4356770833333333 0.02777777777777777 0.07592592592592595
3 0.0918113425925926 0.4088831018518519 0.029340277777777767 0.07598379629629619
3 0.06909722222222223 0.387037037037037 0.02627314814814814 0.03530092592592595
1 0.08695023148148148 0.34100115740740744 0.03923611111111112 0.048263888888888926
1 0.2125 0.3512152777777778 0.04201388888888893 0.039004629629629584
4 0.4141203703703704 0.3241898148148148 0.06423611111111108 0.04918981481481488
2 0.31524884259259256 0.3372395833333333 0.01701388888888893 0.03807870370370363
2 0.2647569444444445 0.3046875 0.03373842592592595 0.026215277777777768
1 0.2782118055555555 0.33000578703703703 0.04126157407407405 0.018692129629629583
2 0.11501736111111112 0.3172743055555555 0.020081018518518512 0.03663194444444447
1 0.13929398148148148 0.29681712962962964 0.04184027777777777 0.03431712962962967
2 0.16484375 0.2896122685185185 0.013136574074074047 0.017650462962962975
1 0.17476851851851852 0.3252314814814815 0.02662037037037037 0.04467592592592595
1 0.09227430555555556 0.29464699074074074 0.03373842592592591 0.026215277777777768
2 0.4024016203703704 0.38799189814814816 0.04641203703703702 0.07349537037037032
2 0.6185763888888889 0.31035879629629626 0.014756944444444286 0.019270833333333393
1 0.6682291666666667 0.32025462962962964 0.05225694444444447 0.020659722222222232
1 0.5324652777777779 0.30885416666666665 0.04293981481481488 0.021875
1 0.8357060185185186 0.321875 0.06087962962962976 0.04282407407407405
1 0.9462673611111111 0.34985532407407405 0.05619212962962976 0.04265046296296297