1 0.125 0.4109375 0.0859375 0.0546875
2 0.2921875 0.465625 0.046875 0.084375
0 0.1140625 0.30625 0.0625 0.046875
3 0.23125 0.7140625 0.0921875 0.0609375
1 0.225 0.609375 0.221875 0.146875
1 0.2 0.3765625 0.0421875 0.040625
0 0.8765625 0.559375 0.246875 0.346875
1 0.18125 0.51875 0.14375 0.078125
3 0.0796875 0.696875 0.071875 0.090625
1 0.26875 0.359375 0.0625 0.0265625
2 0.10625 0.359375 0.0265625 0.04375
1 0.1359375 0.3421875 0.021875 0.040625
1 0.1578125 0.3109375 0.0359375 0.021875
0 0.540625 0.575 0.4265625 0.3109375
1 0.271875 0.3328125 0.0546875 0.0265625
1 0.31875 0.34375 0.040625 0.028125
2 0.259375 0.41875 0.040625 0.0625
2 0.0953125 0.3296875 0.0234375 0.0265625
3 0.05625 0.4140625 0.034375 0.0609375
1 0.20625 0.31875 0.046875 0.021875
1 0.2203125 0.3421875 0.04375 0.0296875
3 0.025 0.496875 0.0453125 0.06875
2 0.7765625 0.5921875 0.0515625 0.153125
2 0.1703125 0.3796875 0.0203125 0.05
2 0.146875 0.365625 0.03125 0.03125
2 0.1625 0.34375 0.021875 0.021875
1 0.08125 0.3796875 0.0515625 0.0296875
3 0.065625 0.5375 0.0375 0.11875
3 0.353125 0.7578125 0.040625 0.046875
1 0.3078125 0.4046875 0.071875 0.059375
1 0.3390625 0.375 0.028125 0.0453125
2 0.20625 0.3359375 0.015625 0.01875