1 0.3741550925925926 0.51875 0.17438657407407404 0.128125
1 0.470474537037037 0.44375 0.1288078703703704 0.0921875
1 0.7284490740740741 0.465625 0.22300925925925927 0.153125
1 0.20681712962962964 0.60390625 0.1649537037037037 0.1203125
1 0.26751157407407405 0.6765625 0.25149305555555557 0.2015625
2 0.8123784722222223 0.40546875 0.08657407407407405 0.0859375
1 0.9093113425925926 0.5078125 0.18137731481481473 0.20625
1 0.38498842592592597 0.39921875 0.07387731481481481 0.059375
4 0.7018923611111111 0.3609375 0.22004629629629627 0.175
1 0.11938657407407408 0.5078125 0.09270833333333335 0.0703125
2 0.20006365740740742 0.43046875 0.059837962962962975 0.0625
2 0.5474884259259258 0.39921875 0.10534722222222222 0.0890625
2 0.28778935185185184 0.4609375 0.05835648148148147 0.0734375
2 0.25199074074074074 0.4796875 0.058379629629629635 0.0765625
1 0.1329861111111111 0.4453125 0.05978009259259256 0.0546875
3 0.06163773148148148 0.621875 0.07873842592592592 0.0828125
3 0.05932291666666667 0.5203125 0.04570601851851852 0.053125
1 0.9229803240740739 0.2546875 0.06759259259259238 0.0546875
3 0.5672627314814814 0.7484375 0.10521990740740747 0.071875
3 0.14538773148148149 0.7484375 0.053483796296296314 0.0484375
4 0.31870949074074073 0.41640625 0.08806712962962963 0.0765625
3 0.07363425925925926 0.76484375 0.05874999999999999 0.1265625
3 0.15494791666666666 0.7734375 0.08350694444444447 0.09375
2 0.5930324074074074 0.5359375 0.09328703703703703 0.1484375
2 0.1375347222222222 0.53203125 0.06630787037037038 0.0921875
4 0.4574479166666666 0.37265625 0.11789351851851855 0.0953125
4 0.24644097222222222 0.36328125 0.09898148148148148 0.0734375
4 0.15046874999999998 0.3796875 0.07237268518518518 0.0671875
1 0.15702546296296296 0.42109375 0.028344907407407405 0.0296875
1 0.2514409722222222 0.40546875 0.0613078703703704 0.05
2 0.25469328703703703 0.42265625 0.03481481481481481 0.059375
1 0.09003472222222222 0.44765625 0.039409722222222235 0.046875
2 0.06332175925925927 0.42734375 0.01895833333333332 0.028125
2 0.09530092592592594 0.4203125 0.029849537037037032 0.021875
1 0.11783564814814815 0.40390625 0.02366898148148149 0.03125
1 0.06866898148148148 0.4109375 0.025219907407407406 0.0296875
1 0.09043981481481482 0.396875 0.026736111111111117 0.0234375
2 0.045300925925925925 0.4203125 0.025254629629629634 0.034375
1 0.05137152777777778 0.39609375 0.02357638888888889 0.01875
4 0.30331018518518515 0.34140625 0.04718750000000007 0.0421875
1 0.5593171296296295 0.30859375 0.04085648148148131 0.03125
1 0.7785648148148148 0.2703125 0.06130787037037031 0.05
2 0.6139409722222222 0.3 0.026805555555555572 0.0328125
2 0.65140625 0.2953125 0.020474537037037166 0.021875
1 0.8651273148148148 0.24921875 0.08787037037037031 0.05