1 0.646875 0.515625 0.209375 0.11875
1 0.4109375 0.4421875 0.1078125 0.0640625
1 0.11875 0.4046875 0.08125 0.05625
4 0.4453125 0.353125 0.1625 0.0921875
1 0.2546875 0.3546875 0.0625 0.034375
2 0.184375 0.3734375 0.0328125 0.046875
2 0.784375 0.653125 0.090625 0.125
3 0.040625 0.5015625 0.0640625 0.06875
2 0.290625 0.4359375 0.0453125 0.0703125
1 0.1828125 0.525 0.1453125 0.0859375
3 0.0578125 0.4203125 0.040625 0.078125
1 0.221875 0.3375 0.05625 0.0234375
1 0.1046875 0.321875 0.0390625 0.0375
1 0.25625 0.325 0.0515625 0.021875
1 0.2265625 0.6140625 0.196875 0.15625
1 0.2875 0.3984375 0.0953125 0.05
3 0.2609375 0.6703125 0.0671875 0.1234375
2 0.1375 0.3203125 0.0296875 0.034375
1 0.178125 0.3140625 0.040625 0.0265625
3 0.203125 0.4625 0.034375 0.0359375
2 0.1515625 0.325 0.0234375 0.03125
3 0.0625 0.696875 0.071875 0.08125
1 0.5859375 0.4109375 0.10625 0.075
4 0.334375 0.2890625 0.078125 0.040625
4 0.20625 0.2765625 0.0390625 0.0296875
1 0.91875 0.365625 0.0921875 0.0453125
2 0.8359375 0.353125 0.03125 0.0234375
1 0.796875 0.3578125 0.071875 0.025