0 0.31453703703703706 0.5389583333333333 0.541261574074074 0.3951041666666667
0 0.18925925925925927 0.3173958333333333 0.2307523148148148 0.08718749999999993
0 0.6652430555555555 0.24656250000000002 0.05981481481481481 0.033645833333333285
0 0.8258101851851851 0.21083333333333334 0.03313657407407433 0.024062499999999966
2 0.9075694444444444 0.23979166666666668 0.011354166666666643 0.028854166666666625
4 0.8994097222222223 0.216875 0.030081018518518476 0.028541666666666642
0 0.8804050925925925 0.2009375 0.028402777777778 0.020624999999999984
4 0.5216319444444444 0.2655208333333333 0.13231481481481477 0.08062500000000003
1 0.883125 0.2789583333333333 0.04111111111111114 0.035520833333333356
4 0.8640277777777777 0.25677083333333334 0.048969907407407476 0.03916666666666666
4 0.07613425925925925 0.49385416666666665 0.1408564814814815 0.23572916666666668
1 0.8911342592592593 0.39729166666666665 0.0920370370370371 0.10135416666666668
1 0.6007870370370371 0.6465624999999999 0.1842245370370371 0.10749999999999993
3 0.7965162037037037 0.6616666666666666 0.05057870370370363 0.04239583333333332
3 0.861898148148148 0.32416666666666666 0.02259259259259281 0.04989583333333334
3 0.9722222222222221 0.4463541666666666 0.05555555555555571 0.08854166666666678
3 0.9592361111111112 0.34895833333333337 0.02436342592592595 0.0640625
2 0.822372685185185 0.29552083333333334 0.013148148148147954 0.04458333333333329
2 0.6714814814814816 0.3509375 0.02268518518518512 0.05614583333333334
2 0.6250462962962964 0.38375 0.03233796296296312 0.0755208333333333
2 0.6103356481481481 0.3409375 0.028819444444444463 0.04875000000000007
2 0.661712962962963 0.325 0.020844907407407475 0.03729166666666668
2 0.789212962962963 0.27427083333333335 0.01606481481481481 0.030729166666666696
2 0.42680555555555555 0.3046875 0.02364583333333332 0.015625
1 0.7269212962962962 0.2925 0.05365740740740747 0.03947916666666664
1 0.8206018518518519 0.2815625 0.044212962962962975 0.03416666666666668
1 0.9039699074074076 0.3135416666666667 0.06163194444444429 0.05093750000000004
1 0.578923611111111 0.33208333333333334 0.04432870370370381 0.04197916666666668
1 0.03611689814814815 0.37921875 0.06144675925925926 0.038437500000000034
1 0.7792013888888889 0.5486458333333333 0.14872685185185192 0.13479166666666664
1 0.8421990740740741 0.4725 0.11393518518518526 0.10437499999999993
3 0.7448842592592593 0.6604166666666667 0.05370370370370381 0.042604166666666644