4 0.5515625 0.3046875 0.1359375 0.078125
1 0.3015625 0.3640625 0.059375 0.053125
2 0.578125 0.4390625 0.0671875 0.06875
2 0.46875 0.4375 0.0625 0.071875
0 0.190625 0.3234375 0.1046875 0.078125
1 0.125 0.4109375 0.0796875 0.0515625
2 0.228125 0.3796875 0.034375 0.0484375
3 0.2984375 0.49375 0.0453125 0.09375
1 0.415625 0.303125 0.06875 0.03125
3 0.040625 0.503125 0.0609375 0.065625
1 0.1890625 0.5234375 0.1578125 0.0875
2 0.10625 0.3265625 0.025 0.0359375
1 0.1671875 0.384375 0.0390625 0.059375
1 0.2484375 0.615625 0.1921875 0.1390625
2 0.98515625 0.51640625 0.0296875 0.1140625
2 0.771875 0.3515625 0.034375 0.0234375
4 0.3015625 0.2796875 0.071875 0.059375
4 0.1296875 0.296875 0.0546875 0.0515625
4 0.8234375 0.3578125 0.0234375 0.028125