1 0.7830960648148149 0.6949016203703703 0.2433680555555556 0.19192129629629626
1 0.8443229166666667 0.6245717592592592 0.1642939814814813 0.11872685185185183
3 0.905462962962963 0.5659143518518519 0.06565972222222242 0.08329861111111114
2 0.7954108796296296 0.4823206018518519 0.053611111111111144 0.06390046296296284
3 0.8516898148148148 0.5518287037037037 0.053796296296296474 0.06702546296296283
1 0.8776967592592593 0.43892939814814813 0.06334490740740754 0.04423611111111114
3 0.7408043981481482 0.7694675925925926 0.107951388888889 0.11383101851851851
2 0.6730381944444443 0.492974537037037 0.058854166666666784 0.07355324074074084
2 0.8624537037037037 0.4707233796296296 0.04009259259259253 0.04597222222222221
1 0.9090277777777779 0.5209722222222222 0.08008101851851848 0.0639120370370371
0 0.14206597222222223 0.5712789351851851 0.23579861111111108 0.32693287037037033
3 0.9505613425925926 0.6043981481481481 0.05758101851851834 0.1046180555555555
3 0.9661487268518518 0.613275462962963 0.06770254629629627 0.10866898148148145
4 0.4091145833333333 0.3745717592592593 0.15739583333333335 0.10741898148148152
0 0.34475694444444444 0.5365798611111112 0.5793055555555556 0.4220254629629629
1 0.708125 0.4413368055555556 0.07483796296296301 0.05425925925925927
1 0.07085648148148148 0.30236689814814816 0.0632638888888889 0.06914351851851848
1 0.7562384259259259 0.43873842592592593 0.053321759259259235 0.0327430555555555
4 0.39328124999999997 0.3175810185185185 0.22697916666666665 0.12555555555555556
1 0.23372685185185188 0.3182465277777778 0.08880787037037034 0.05353009259259256
3 0.9283159722222223 0.8070486111111113 0.09628472222222229 0.12715277777777773
1 0.9598842592592594 0.48583912037037036 0.061967592592592526 0.047268518518518474
1 0.7520486111111111 0.42058449074074067 0.05957175925925924 0.03311342592592581
1 0.6660243055555555 0.4271643518518518 0.03237268518518519 0.04707175925925924
2 0.6390509259259259 0.43179398148148157 0.031643518518518474 0.06104166666666657
2 0.5593113425925926 0.41305555555555556 0.030254629629629548 0.03760416666666675
2 0.5834606481481481 0.3607696759259259 0.013611111111111107 0.019490740740740708
2 0.5241319444444444 0.3580324074074074 0.021238425925925952 0.016828703703703686
2 0.6394328703703704 0.3594155092592593 0.013148148148148131 0.011678240740740798
2 0.6854398148148148 0.3738194444444444 0.016736111111111108 0.01967592592592595
4 0.7943518518518519 0.3724884259259259 0.06233796296296301 0.05351851851851848
2 0.8225925925925927 0.4286574074074074 0.028414351851851906 0.03282407407407408
2 0.7975057870370371 0.43884837962962964 0.023634259259259237 0.030983796296296263
4 0.8308969907407407 0.3980092592592593 0.04762731481481488 0.04174768518518519
4 0.8682118055555555 0.3971064814814815 0.05893518518518519 0.04864583333333332
4 0.9502488425925926 0.4152025462962962 0.04146990740740719 0.04293981481481488
2 0.9534317129629629 0.4426388888888889 0.020416666666666573 0.02923611111111111
2 0.9395196759259259 0.47061921296296294 0.02768518518518519 0.046793981481481596
3 0.9983362268518519 0.5816782407407407 0.003327546296296191 0.07988425925925924
3 0.9600462962962963 0.5411226851851852 0.024918981481481594 0.026388888888888927
2 0.7202199074074074 0.4615162037037036 0.031458333333333324 0.057916666666666575
2 0.6933391203703703 0.4677083333333334 0.03486111111111114 0.0627893518518519
2 0.1379050925925926 0.3040046296296296 0.025011574074074082 0.02795138888888893