0 0.8469618055555556 0.5975115740740741 0.30607638888888894 0.37592592592592594
1 0.4807581018518519 0.4469039351851851 0.11412037037037023 0.0900462962962962
0 0.5317418981481481 0.3278645833333333 0.13732638888888893 0.08466435185185191
4 0.27427662037037037 0.3276909722222222 0.07563657407407405 0.06209490740740744
1 0.10960648148148149 0.36840277777777775 0.03692129629629628 0.027893518518518512
4 0.14320023148148148 0.34858217592592594 0.03553240740740744 0.03252314814814809
4 0.2958912037037037 0.4057291666666667 0.09236111111111107 0.09236111111111107
1 0.22392939814814813 0.44285300925925924 0.078125 0.08715277777777786
1 0.4684895833333334 0.70546875 0.24097222222222214 0.14467592592592596
1 0.1287326388888889 0.526707175925926 0.11689814814814818 0.12291666666666679
1 0.7283854166666666 0.32890625 0.046527777777777855 0.034490740740740745
1 0.07549189814814815 0.37416087962962963 0.03709490740740742 0.03258101851851851
1 0.10381944444444446 0.44386574074074076 0.07922453703703702 0.0747106481481481
1 0.1154224537037037 0.39904513888888893 0.05480324074074074 0.04728009259259256
1 0.16831597222222222 0.3736979166666667 0.04525462962962963 0.04224537037037042
1 0.1745949074074074 0.3747106481481482 0.004745370370370372 0.0017361111111110715
1 0.7493344907407409 0.4521701388888889 0.17766203703703703 0.12048611111111107
2 0.6077835648148149 0.4219618055555555 0.05121527777777786 0.07679398148148149
2 0.5228877314814815 0.5100983796296296 0.06950231481481488 0.10711805555555572
1 0.20818865740740738 0.5866030092592592 0.17401620370370371 0.1484375
1 0.2771412037037037 0.6578125 0.21342592592592596 0.20138888888888892
1 0.6344328703703704 0.34103009259259254 0.06035879629629619 0.028761574074074047
3 0.27662037037037035 0.7701388888888889 0.043634259259259255 0.040625
3 0.05755208333333334 0.5638599537037037 0.07581018518518519 0.10891203703703703
3 0.06171875 0.4867766203703704 0.03680555555555556 0.0668981481481481
3 0.15057870370370371 0.4424768518518519 0.03501157407407405 0.060590277777777854