1 0.31839699074074074 0.6829340277777778 0.21699074074074076 0.19347222222222218
0 0.8445717592592592 0.6134143518518519 0.3108564814814816 0.35418981481481476
1 0.23132523148148149 0.6061516203703704 0.1680671296296296 0.129849537037037
2 0.3117361111111111 0.47857060185185185 0.05876157407407412 0.07199074074074066
1 0.11732060185185185 0.4164467592592593 0.05065972222222222 0.04037037037037035
1 0.22269675925925925 0.4211342592592593 0.06665509259259261 0.047546296296296295
2 0.15423032407407405 0.43498263888888894 0.03650462962962964 0.03797453703703688
1 0.29247106481481483 0.45563078703703697 0.09763888888888887 0.07118055555555572
1 0.33785879629629634 0.42017361111111107 0.07042824074074065 0.058668981481481454
2 0.09903935185185184 0.43638310185185186 0.03650462962962964 0.03797453703703706
1 0.14952546296296293 0.5000983796296297 0.08045138888888888 0.07016203703703709
2 0.7053009259259259 0.4987789351851852 0.1310416666666665 0.16190972222222227
2 0.5800636574074074 0.47423032407407406 0.10804398148148149 0.1153935185185185
2 0.3715277777777778 0.4891203703703704 0.05784722222222225 0.08283564814814817
0 0.9371932870370369 0.2999884259259259 0.08018518518518505 0.09194444444444443
2 0.1511400462962963 0.40910879629629626 0.041284722222222216 0.03981481481481488
4 0.22189236111111113 0.3681481481481481 0.09175925925925928 0.07706018518518523
1 0.28391782407407407 0.4426678240740741 0.08218750000000004 0.04690972222222225
1 0.24742476851851852 0.43116319444444445 0.07033564814814816 0.05710648148148145
3 0.06270833333333332 0.5852604166666666 0.06356481481481482 0.12677083333333333
3 0.06671875000000001 0.5084259259259258 0.030347222222222213 0.03916666666666657
1 0.5649363425925926 0.3503298611111111 0.07418981481481488 0.043321759259259275
2 0.4373900462962963 0.510150462962963 0.07670138888888882 0.1119791666666666
2 0.5397337962962963 0.5162152777777778 0.07219907407407397 0.11482638888888878
2 0.49384837962962963 0.4644502314814815 0.05425925925925927 0.07483796296296283
1 0.4283043981481482 0.43565393518518525 0.0787037037037038 0.06694444444444443
0 0.36594907407407407 0.34243055555555557 0.11418981481481491 0.0877314814814815
3 0.31613425925925925 0.7629861111111111 0.09913194444444447 0.12265046296296304
3 0.2643923611111111 0.7700405092592593 0.10210648148148146 0.1991203703703704
3 0.17156249999999998 0.766875 0.07622685185185185 0.07769675925925927
3 0.18042824074074076 0.5486400462962963 0.03200231481481479 0.04082175925925924
3 0.2225173611111111 0.5363425925925925 0.03605324074074066 0.05663194444444457
3 0.08688078703703703 0.5859143518518518 0.056944444444444464 0.12015046296296301
3 0.12364004629629628 0.5756365740740741 0.05795138888888891 0.1108680555555555
3 0.08245949074074074 0.45875578703703707 0.020231481481481482 0.026111111111111106
3 0.09909722222222221 0.4636342592592593 0.013240740740740753 0.013240740740740798
3 0.10943287037037037 0.4541261574074074 0.02547453703703706 0.03576388888888893
2 0.21174189814814817 0.4858796296296296 0.053888888888888875 0.06858796296296284
3 0.1056886574074074 0.5091782407407408 0.023356481481481506 0.026296296296296262
2 0.40074652777777775 0.4698321759259259 0.04166666666666678 0.07253472222222221
2 0.4309780092592592 0.4544965277777777 0.03393518518518519 0.0471643518518519
4 0.7862789351851852 0.30194444444444446 0.2689004629629629 0.14983796296296292