1 0.9363049768518519 0.6157638888888888 0.12739004629629633 0.16082175925925918
1 0.25616319444444446 0.574230324074074 0.2105555555555556 0.18388888888888885
1 0.3369675925925926 0.3499189814814815 0.08384259259259252 0.05421296296296294
1 0.16105902777777778 0.4170081018518518 0.1562615740740741 0.09848379629629633
2 0.662019675925926 0.4247164351851852 0.06999999999999992 0.08777777777777765
1 0.20532986111111112 0.4852141203703704 0.16660879629629627 0.11771990740740748
1 0.8725983796296297 0.34642939814814816 0.07530092592592581 0.03974537037037038
2 0.3912731481481482 0.4152546296296296 0.07468750000000002 0.0880208333333334
1 0.3802025462962963 0.32260995370370366 0.0746296296296296 0.0568518518518518
2 0.4454803240740741 0.34272569444444445 0.054641203703703664 0.06204861111111111
1 0.8778530092592594 0.46287615740740745 0.2125694444444445 0.13256944444444443
1 0.558420138888889 0.511556712962963 0.1534143518518519 0.16378472222222235
3 0.2958912037037037 0.6152546296296297 0.13450231481481484 0.15968750000000007
2 0.19740162037037037 0.3172048611111111 0.03688657407407407 0.05021990740740741
2 0.2658738425925926 0.3536053240740741 0.04337962962962969 0.05523148148148147
2 0.5815914351851852 0.4296701388888889 0.0622106481481481 0.05776620370370367
1 0.700462962962963 0.3201041666666667 0.072013888888889 0.03645833333333339
1 0.27523148148148147 0.32256944444444446 0.06320601851851855 0.04690972222222225
1 0.23146412037037037 0.29428819444444443 0.061562499999999964 0.04526620370370367
3 0.09774305555555556 0.3591898148148148 0.07288194444444444 0.0832523148148148
2 0.31158564814814815 0.31363425925925925 0.024814814814814845 0.027777777777777856
3 0.09268518518518519 0.6242245370370371 0.1263888888888889 0.12342592592592591
3 0.06231481481481481 0.446412037037037 0.0797800925925926 0.09607638888888896
1 0.11820601851851853 0.2703935185185185 0.03648148148148147 0.04240740740740741
2 0.1732986111111111 0.2753703703703704 0.01880787037037037 0.0321412037037037
2 0.1852199074074074 0.27866898148148145 0.021932870370370373 0.03230324074074069
2 0.21882523148148145 0.2620428240740741 0.021689814814814846 0.02761574074074069
1 0.1602025462962963 0.24941550925925923 0.03747685185185183 0.03155092592592599
1 0.18819444444444447 0.2604976851851852 0.036238425925925896 0.0377199074074074
2 0.48552083333333335 0.40488425925925925 0.04138888888888879 0.07694444444444457
2 0.5097048611111111 0.44828124999999996 0.06135416666666664 0.10135416666666668
2 0.572482638888889 0.29932291666666666 0.023009259259259097 0.023009259259259274
0 0.37605902777777783 0.257806712962963 0.08211805555555554 0.051006944444444445