1 0.27543981481481483 0.4211631944444444 0.20062499999999997 0.1382291666666667
1 0.1822974537037037 0.26233217592592595 0.06899305555555557 0.06491898148148145
1 0.638599537037037 0.47477430555555555 0.18812499999999996 0.13748842592592592
2 0.7891319444444445 0.4838541666666666 0.09869212962962966 0.11971064814814802
1 0.1944502314814815 0.4611805555555556 0.18578703703703706 0.16386574074074076
2 0.8403703703703703 0.5755150462962962 0.11864583333333342 0.1614467592592593
1 0.23913773148148146 0.5430555555555555 0.23372685185185188 0.20258101851851862
1 0.3459837962962963 0.31915509259259256 0.08783564814814815 0.06915509259259256
2 0.9327141203703704 0.7602199074074074 0.09593750000000015 0.13202546296296305
3 0.10266782407407407 0.3218344907407408 0.08572916666666668 0.1033449074074074
1 0.6686631944444444 0.4064699074074074 0.15741898148148153 0.10135416666666668
1 0.2269386574074074 0.23699074074074078 0.04306712962962962 0.032187500000000036
3 0.2631597222222222 0.5878067129629629 0.1328935185185185 0.1685300925925926
3 0.07023148148148148 0.5741956018518518 0.11009259259259259 0.13598379629629634
3 0.059438657407407405 0.3948321759259259 0.08780092592592592 0.12062500000000007
3 0.13958333333333334 0.2734722222222222 0.0325925925925926 0.0471643518518519
2 0.26267939814814817 0.2810474537037037 0.03429398148148151 0.05194444444444439
2 0.30279513888888887 0.26145254629629633 0.026111111111111106 0.038981481481481506
2 0.13931712962962964 0.21166087962962962 0.022754629629629618 0.030983796296296263
0 0.33056712962962964 0.22145833333333337 0.06232638888888893 0.05048611111111114
2 0.4301793981481481 0.44016782407407407 0.0719444444444445 0.11188657407407412
1 0.4491956018518518 0.3952141203703704 0.1278240740740742 0.10271990740740744
2 0.4266319444444445 0.39968171296296295 0.05231481481481488 0.08108796296296301
2 0.5026851851851852 0.377957175925926 0.050706018518518546 0.07943287037037035
2 0.5265162037037037 0.2841956018518519 0.014618055555555643 0.019583333333333286
1 0.4575694444444444 0.33445601851851847 0.07689814814814824 0.06850694444444443
2 0.6426388888888889 0.5582754629629629 0.09667824074074076 0.15702546296296305