1 0.4359375 0.40625 0.0765625 0.0765625
1 0.1140625 0.4515625 0.0921875 0.078125
1 0.871875 0.3484375 0.0578125 0.03125
1 0.2359375 0.6140625 0.1703125 0.1203125
1 0.1796875 0.5328125 0.15 0.09375
1 0.7109375 0.5609375 0.2234375 0.1296875
1 0.58125 0.4453125 0.1234375 0.075
1 0.92734375 0.49140625 0.1453125 0.0859375
2 0.28125 0.3953125 0.025 0.059375
1 0.35 0.3671875 0.0765625 0.046875
2 0.1375 0.3328125 0.021875 0.0453125
2 0.175 0.353125 0.0234375 0.040625
2 0.228125 0.3640625 0.0234375 0.0453125
1 0.2296875 0.334375 0.040625 0.0203125
1 0.2890625 0.3421875 0.05625 0.0328125
1 0.96171875 0.36640625 0.0765625 0.0390625
3 0.0515625 0.4171875 0.0265625 0.0625
3 0.0328125 0.509375 0.0578125 0.0640625
3 0.253125 0.6734375 0.0375 0.121875