0 0.3923842592592593 0.38041666666666674 0.2302777777777778 0.18812499999999996
1 0.7087789351851852 0.44767361111111115 0.07836805555555557 0.06434027777777782
1 0.7886574074074074 0.6295833333333334 0.15829861111111115 0.12874999999999998
3 0.9411111111111111 0.5534375 0.04123842592592588 0.07517361111111107
1 0.7061284722222222 0.6955381944444444 0.23391203703703703 0.20545138888888897
1 0.4600578703703704 0.4726041666666666 0.1438194444444445 0.1140625
4 0.1381221064814815 0.41260416666666666 0.276244212962963 0.2235763888888888
1 0.49455439814814817 0.5492361111111111 0.15940972222222224 0.16624999999999995
4 0.7891840277777777 0.42699652777777775 0.09321759259259252 0.09152777777777779
2 0.7673900462962963 0.4760937500000001 0.053182870370370415 0.05697916666666671
1 0.6500520833333333 0.4231597222222222 0.0734490740740739 0.0563194444444445
2 0.6352141203703704 0.5015104166666667 0.07924768518518518 0.09402777777777764
1 0.8403761574074075 0.4417881944444444 0.04343750000000028 0.044062500000000074
2 0.9208680555555556 0.4445833333333333 0.07873842592592624 0.07684027777777765
2 0.8846296296296297 0.45314236111111106 0.0341550925925926 0.04677083333333343
3 0.9589004629629629 0.5338888888888889 0.013101851851851976 0.020868055555555643
3 0.9397858796296298 0.5189583333333333 0.017881944444444287 0.024201388888888786
1 0.9212905092592593 0.50953125 0.045462962962962906 0.05975694444444457
1 0.9319675925925927 0.6508159722222222 0.06908564814814824 0.067048611111111
3 0.8501736111111111 0.8239756944444444 0.07824074074074047 0.1127083333333335
3 0.6803587962962963 0.7468055555555556 0.09185185185185177 0.15076388888888897
1 0.013437500000000002 0.5485590277777778 0.026875000000000003 0.16899305555555558