1 0.20814236111111112 0.5671296296296295 0.19716435185185183 0.16745370370370374
1 0.15186342592592592 0.4808969907407407 0.1620023148148148 0.12019675925925917
1 0.6767592592592593 0.5268981481481482 0.19759259259259263 0.14567129629629622
1 0.7673263888888889 0.44754050925925926 0.1876504629629631 0.13417824074074075
1 0.24942129629629628 0.4019039351851852 0.08266203703703709 0.09212962962962959
2 0.24571180555555552 0.33825810185185184 0.03443287037037042 0.033194444444444395
2 0.26781828703703703 0.3174768518518518 0.03335648148148147 0.042476851851851904
1 0.31914930555555554 0.33390624999999996 0.07430555555555554 0.051134259259259275
1 0.3919675925925926 0.32647569444444446 0.0622106481481481 0.058206018518518476
2 0.452025462962963 0.459994212962963 0.061111111111111074 0.0970833333333335
1 0.47889467592592594 0.37740162037037034 0.11046296296296294 0.08754629629629633
1 0.10545717592592592 0.39953125 0.10248842592592596 0.08395833333333336
1 0.20120949074074074 0.325318287037037 0.049710648148148184 0.05746527777777777
3 0.04333912037037037 0.36582754629629627 0.03432870370370371 0.06122685185185191
3 0.06704861111111111 0.3441724537037037 0.02241898148148147 0.04182870370370377
1 0.11667824074074074 0.2882696759259259 0.03500000000000001 0.04413194444444439
1 0.14715856481481482 0.3012615740740741 0.04601851851851855 0.046342592592592526
1 0.8450462962962962 0.3455787037037037 0.0830324074074074 0.03918981481481483
3 0.20401041666666667 0.6468171296296296 0.07699074074074072 0.19304398148148144
3 0.021195023148148147 0.45182291666666663 0.042390046296296294 0.07530092592592581
1 0.31875 0.2965451388888889 0.06460648148148147 0.04432870370370372
4 0.9355902777777778 0.34177083333333336 0.0921990740740739 0.09581018518518522