1 0.6123090277777778 0.45810763888888884 0.09736111111111115 0.09642361111111111
2 0.7347743055555556 0.4369618055555556 0.04819444444444443 0.06145833333333321
2 0.8444965277777777 0.39100694444444445 0.033645833333333285 0.03895833333333334
1 0.6971180555555556 0.40713541666666664 0.06815972222222229 0.04673611111111118
3 0.7006770833333332 0.7044618055555556 0.08402777777777785 0.12861111111111115
1 0.8769965277777778 0.3713368055555556 0.041562499999999857 0.04399305555555557
1 0.7574131944444444 0.6498958333333333 0.22836805555555556 0.16156249999999997
2 0.7977083333333334 0.38501736111111107 0.03694444444444454 0.04690972222222225
0 0.28227430555555555 0.6018055555555556 0.5645486111111111 0.40361111111111114
3 0.9032986111111111 0.7713368055555556 0.06194444444444436 0.11826388888888886
3 0.8970659722222223 0.7350868055555555 0.07107638888888915 0.1077430555555555
1 0.8100520833333335 0.35741319444444447 0.03489583333333357 0.02496527777777775
1 0.8030208333333333 0.5682465277777778 0.14586805555555565 0.101701388888889
3 0.9464930555555554 0.5519444444444443 0.07347222222222242 0.0750694444444445
4 0.5041666666666667 0.3273958333333334 0.1108680555555555 0.07204861111111108
2 0.8565451388888888 0.48225694444444445 0.0578125 0.07281250000000003
3 0.9185763888888889 0.47093749999999995 0.036076388888889 0.07809027777777793
4 0.7397395833333333 0.3542881944444444 0.1046875 0.07489583333333334
1 0.025243055555555553 0.36069444444444443 0.05048611111111111 0.061875000000000034
1 0.8627083333333333 0.45125000000000004 0.08239583333333336 0.055173611111111145
3 0.9424131944444444 0.4892013888888889 0.042152777777777574 0.07055555555555557
3 0.7129687499999999 0.6440104166666666 0.05368055555555564 0.09760416666666671
1 0.08364583333333334 0.35328125 0.08097222222222222 0.06135416666666664
3 0.21029513888888887 0.355 0.024444444444444446 0.046354166666666606
1 0.16187500000000002 0.3520659722222222 0.0776388888888889 0.05184027777777782
4 0.8535937499999999 0.3335416666666667 0.02888888888888914 0.03562500000000002
4 0.8526909722222221 0.3037847222222222 0.04454861111111086 0.03788194444444439
1 0.42086805555555556 0.3455902777777778 0.038090277777777716 0.02822916666666666
0 0.5995138888888889 0.33006944444444447 0.04444444444444447 0.033194444444444395
1 0.5665625000000001 0.33486111111111116 0.019201388888888893 0.021145833333333287
1 0.90234375 0.35682291666666666 0.027256944444444285 0.03243055555555561
1 0.8832638888888888 0.3356423611111111 0.020729166666666642 0.019652777777777786
1 0.9022222222222223 0.32710069444444445 0.014375000000000072 0.014687499999999964
1 0.7929166666666667 0.31911458333333337 0.02062500000000007 0.014965277777777786
1 0.6093402777777778 0.41574652777777776 0.09041666666666667 0.06489583333333329