1 0.7586458333333334 0.4217708333333333 0.1333333333333334 0.08002314814814807
1 0.36984375 0.642349537037037 0.28583333333333333 0.18998842592592596
2 0.32875 0.4942303240740741 0.08052083333333329 0.0839236111111111
1 0.77703125 0.3112152777777778 0.05500000000000007 0.02891203703703704
2 0.49677083333333333 0.48579282407407404 0.07562499999999997 0.10414351851851862
1 0.8166145833333334 0.5888715277777777 0.24416666666666664 0.17376157407407397
2 0.42093749999999996 0.47218171296296296 0.06812500000000003 0.08530092592592595
1 0.06880208333333333 0.4232581018518518 0.08510416666666668 0.0590162037037036
3 0.9735156249999999 0.4673263888888889 0.05296875000000014 0.08240740740740744
1 0.8459895833333334 0.3270659722222222 0.06062500000000028 0.043043981481481454
1 0.850625 0.5019618055555556 0.16635416666666672 0.10704861111111122
2 0.7931250000000001 0.3418923611111111 0.03916666666666657 0.048969907407407386
3 0.9406770833333333 0.3893460648148148 0.06187499999999986 0.08520833333333337
1 0.62953125 0.46356481481481476 0.1515625 0.11931712962962955
3 0.7973437499999999 0.6510243055555556 0.08083333333333335 0.13543981481481476
1 0.84921875 0.29355324074074074 0.04572916666666664 0.030335648148148132
1 0.6390625 0.38409722222222226 0.09343749999999992 0.06694444444444443
3 0.8630208333333332 0.41863425925925923 0.04947916666666643 0.08658564814814813
3 0.9752604166666667 0.6594675925925926 0.04947916666666643 0.10444444444444442
1 0.78671875 0.3043344907407407 0.08114583333333343 0.04646990740740744
1 0.8884895833333333 0.28554976851851854 0.03937500000000007 0.028680555555555553
2 0.48609375000000005 0.40758680555555554 0.0609375 0.07114583333333328
4 0.43921875000000005 0.32494212962962965 0.12416666666666672 0.08300925925925924
4 0.8632291666666667 0.25785879629629627 0.05614583333333343 0.04609953703703704
1 0.9065104166666667 0.26318287037037036 0.0328125 0.023900462962962978