1 0.39397569444444447 0.6067245370370371 0.22579861111111105 0.16599537037037032
1 0.3294155092592593 0.46581018518518513 0.14854166666666666 0.11685185185185176
1 0.7334317129629631 0.43248842592592596 0.08537037037037046 0.06968750000000004
1 0.6437615740740741 0.5469675925925925 0.11603009259259256 0.13619212962962965
1 0.8050057870370371 0.4143055555555556 0.06314814814814831 0.04560185185185191
1 0.5182754629629629 0.4050289351851852 0.09329861111111111 0.07773148148148153
1 0.4948726851851852 0.5121006944444444 0.12799768518518526 0.10062500000000014
1 0.8821990740740742 0.4064409722222223 0.058391203703703806 0.0407754629629629
2 0.6774247685185186 0.44722800925925926 0.054166666666666786 0.07188657407407409
1 0.886857638888889 0.4573379629629629 0.08047453703703696 0.055486111111111215
2 0.6305960648148148 0.44896412037037037 0.04474537037037045 0.06848379629629626
2 0.09630208333333333 0.5440219907407406 0.10199074074074074 0.13733796296296283
2 0.40164930555555556 0.4921585648148148 0.06046296296296294 0.07519675925925924
1 0.8182812500000001 0.5724421296296296 0.15619212962962975 0.10614583333333343
3 0.921550925925926 0.7433969907407407 0.0781134259259261 0.10695601851851855
1 0.8127083333333334 0.3544039351851852 0.04414351851851848 0.027858796296296263
1 0.8484085648148149 0.39216435185185183 0.047546296296296475 0.04670138888888893
1 0.922175925925926 0.36389467592592595 0.039571759259259306 0.03553240740740744
2 0.8700173611111112 0.4802662037037037 0.05251157407407412 0.06559027777777775
3 0.9676446759259261 0.5557928240740742 0.06471064814814795 0.08939814814814824
3 0.5236342592592592 0.7667476851851852 0.04619212962962962 0.060717592592592594
2 0.7875578703703704 0.4489293981481481 0.036817129629629616 0.06043981481481495
3 0.954826388888889 0.45935185185185184 0.030196759259258955 0.03525462962962962
1 0.7725868055555555 0.6507407407407408 0.22740740740740756 0.16916666666666663
1 0.7036805555555555 0.37460069444444444 0.050300925925925985 0.021793981481481504
1 0.7296354166666668 0.38708333333333333 0.04561342592592581 0.021655092592592594
1 0.08140046296296297 0.3288310185185185 0.10230324074074074 0.053009259259259256
1 0.19863425925925926 0.3354282407407408 0.0477314814814815 0.05920138888888893
1 0.4453935185185186 0.33493055555555556 0.042581018518518476 0.027812500000000018