1 0.7801041666666666 0.5903645833333333 0.2241550925925928 0.18458333333333332
1 0.8446412037037037 0.5146875 0.15657407407407398 0.12093750000000014
0 0.38663773148148145 0.5287499999999999 0.5194791666666666 0.4408333333333333
2 0.773431712962963 0.35864583333333333 0.03283564814814817 0.05510416666666664
2 0.6942997685185185 0.37333333333333335 0.05351851851851848 0.06270833333333332
1 0.956568287037037 0.35192708333333333 0.08568287037037052 0.05395833333333329
2 0.9373437499999999 0.3186979166666667 0.030254629629629548 0.037812499999999985
1 0.20941550925925925 0.2911458333333333 0.07750000000000004 0.04718749999999998
3 0.8504918981481481 0.4413541666666667 0.05682870370370381 0.06604166666666664
2 0.8914872685185184 0.33901041666666665 0.032002314814814525 0.04104166666666664
2 0.7957581018518518 0.3383333333333333 0.03237268518518519 0.04729166666666664
2 0.8200347222222224 0.36416666666666664 0.03880787037037052 0.050833333333333286
3 0.9110648148148147 0.44437499999999996 0.06731481481481509 0.08541666666666678
0 0.10769097222222221 0.5598958333333333 0.16760416666666664 0.33333333333333337
3 0.6542129629629629 0.5571875000000001 0.0798379629629629 0.13916666666666658
3 0.7627314814814815 0.6942708333333334 0.10126157407407418 0.15927083333333342
3 0.9409085648148148 0.6965104166666667 0.11293981481481481 0.17250000000000015
3 0.9466030092592593 0.4749479166666667 0.054456018518518334 0.10479166666666657
3 0.9753761574074075 0.48401041666666667 0.04885416666666664 0.11531249999999993
1 0.9072743055555555 0.39364583333333336 0.09405092592592582 0.06385416666666668
4 0.40971064814814817 0.3225 0.12495370370370366 0.11260416666666666
1 0.11244212962962963 0.38859374999999996 0.1483912037037037 0.11416666666666675
2 0.13846064814814815 0.29822916666666666 0.04597222222222221 0.04041666666666668
4 0.6652083333333334 0.26625 0.09332175925925927 0.07781250000000002
4 0.7196412037037037 0.31124999999999997 0.07392361111111115 0.065625
1 0.688587962962963 0.343125 0.07667824074074084 0.05958333333333332
2 0.7524247685185186 0.34828125 0.026400462962962834 0.0515625
1 0.8074652777777779 0.31088541666666664 0.03925925925925924 0.032187500000000036
2 0.7788831018518518 0.31828124999999996 0.022442129629629548 0.03729166666666668
2 0.8321006944444445 0.3163020833333333 0.022534722222222213 0.038854166666666676
2 0.8532523148148148 0.34234375 0.027592592592592523 0.04541666666666666
2 0.8720428240740741 0.3285416666666666 0.02924768518518519 0.047083333333333324
2 0.9128993055555557 0.3297395833333333 0.022534722222222213 0.038854166666666676
1 0.8780092592592592 0.3101041666666667 0.04072916666666657 0.030729166666666696
1 0.9384375 0.2974479166666667 0.044039351851851906 0.034062499999999926
4 0.8950462962962963 0.2799479166666667 0.03962962962962955 0.038437500000000034
4 0.9200462962962963 0.27828125 0.04431712962962955 0.03875000000000002
1 0.5576793981481482 0.2914583333333333 0.05543981481481488 0.042604166666666644
2 0.5200405092592593 0.29161458333333334 0.025289351851851903 0.0328125