1 0.7532523148148148 0.6524247685185186 0.20243055555555553 0.16702546296296283
1 0.7213715277777778 0.45121527777777776 0.12156249999999993 0.0861574074074074
1 0.05572337962962963 0.5452372685185185 0.09700231481481483 0.1154745370370371
1 0.45392939814814814 0.4300694444444444 0.1013425925925926 0.0921064814814816
1 0.8675347222222222 0.45806712962962964 0.12153935185185176 0.08459490740740741
1 0.8209259259259258 0.580787037037037 0.15633101851851877 0.11322916666666671
2 0.67375 0.4528530092592592 0.060509259259259277 0.07744212962962962
2 0.07520833333333334 0.6478472222222222 0.1336574074074074 0.16444444444444456
4 0.25840277777777776 0.4654456018518518 0.28125 0.21505787037037044
1 0.8918171296296297 0.5154456018518518 0.12181712962962976 0.1033449074074074
1 0.4776215277777777 0.5530497685185185 0.18976851851851856 0.15590277777777786
3 0.9673090277777778 0.497037037037037 0.05276620370370359 0.08201388888888879
1 0.5705092592592592 0.44351273148148146 0.10586805555555542 0.08123842592592592
3 0.9620457175925926 0.5797916666666667 0.07590856481481474 0.0949305555555556
4 0.14927083333333332 0.3747858796296296 0.2845833333333333 0.2291666666666666
2 0.8243171296296297 0.3879108796296296 0.03339120370370381 0.039548611111111145
2 0.32655092592592594 0.636730324074074 0.12467592592592594 0.19086805555555558
2 0.3207696759259259 0.5101099537037037 0.07942129629629627 0.08865740740740727
2 0.5931481481481482 0.3899537037037037 0.030219907407407477 0.03637731481481481
2 0.7811979166666667 0.37711805555555555 0.023923611111111142 0.03315972222222223
2 0.8870254629629629 0.40289930555555553 0.02401620370370381 0.039409722222222145
1 0.8681597222222223 0.3948090277777778 0.03026620370370381 0.03950231481481481
1 0.5682407407407407 0.7121701388888889 0.24668981481481467 0.20204861111111114