1 0.7748784722222222 0.6231886574074074 0.2954976851851853 0.18861111111111112
2 0.6392129629629629 0.49951388888888887 0.06924768518518505 0.10094907407407412
1 0.6699305555555556 0.4490972222222222 0.1658796296296295 0.0976967592592592
1 0.19276041666666668 0.5732638888888889 0.2435300925925926 0.18003472222222214
1 0.11972800925925926 0.3557638888888889 0.0761111111111111 0.05265046296296294
1 0.17445023148148148 0.2940625 0.044212962962962975 0.039687499999999966
1 0.1615625 0.48239004629629634 0.1679282407407407 0.10709490740740737
2 0.8807754629629632 0.5380902777777777 0.08702546296296276 0.08247685185185176
4 0.3111284722222222 0.29281828703703705 0.11736111111111107 0.09541666666666666
3 0.1835474537037037 0.3595023148148148 0.045937499999999964 0.04283564814814813
1 0.9191550925925928 0.40012731481481484 0.10472222222222242 0.062442129629629584
1 0.18359953703703705 0.26816550925925925 0.053020833333333336 0.028888888888888964
2 0.21184027777777778 0.31068287037037035 0.02554398148148147 0.040972222222222146
3 0.03564236111111111 0.6717881944444445 0.07128472222222222 0.11850694444444443
3 0.037537615740740736 0.6108159722222222 0.07507523148148147 0.08254629629629626
1 0.15270254629629632 0.2467650462962963 0.04060185185185183 0.03026620370370372
1 0.12236689814814813 0.25970486111111113 0.040439814814814845 0.02714120370370372
3 0.2538773148148148 0.4334027777777778 0.07638888888888892 0.11822916666666661
1 0.17791087962962962 0.40798611111111105 0.12872685185185184 0.0737268518518519
1 0.36092013888888885 0.34126157407407404 0.08834490740740737 0.07781249999999992
4 0.4333680555555556 0.2839814814814815 0.06377314814814809 0.05559027777777779
3 0.04117476851851852 0.4225578703703704 0.08234953703703704 0.13716435185185177
1 0.08048032407407407 0.32980324074074074 0.06592592592592592 0.03688657407407412
2 0.5730844907407407 0.32953125 0.018483796296296262 0.025254629629629655
1 0.5089293981481482 0.31721064814814814 0.03780092592592599 0.03646990740740748
1 0.09982060185185185 0.24286458333333333 0.024409722222222218 0.01909722222222223
1 0.1181539351851852 0.2355671296296296 0.021284722222222198 0.01905092592592599
4 0.12610532407407407 0.20266203703703703 0.02982638888888891 0.03322916666666664
4 0.09585069444444444 0.21403935185185183 0.03952546296296296 0.03961805555555555
1 0.23539351851851853 0.24788194444444445 0.042002314814814846 0.027164351851851887
1 0.8197511574074074 0.37505787037037036 0.06797453703703696 0.0462847222222222
2 0.810792824074074 0.38221643518518517 0.020289351851851833 0.02996527777777782
2 0.9280034722222222 0.4101446759259259 0.030474537037036953 0.04572916666666664
3 0.648136574074074 0.3424710648148148 0.01511574074074069 0.02052083333333332
3 0.09255208333333334 0.4131539351851852 0.04268518518518518 0.10055555555555565