2 0.3953125 0.5739583333333333 0.12052083333333333 0.15114583333333337
1 0.82328125 0.4724479166666667 0.19406250000000008 0.15760416666666668
4 0.20130208333333335 0.5947395833333333 0.2625 0.22750000000000004
1 0.8444270833333334 0.40119791666666665 0.16302083333333356 0.13531250000000003
4 0.425625 0.46364583333333337 0.20166666666666658 0.15500000000000008
1 0.8817708333333332 0.3021875 0.12156250000000028 0.12010416666666668
3 0.9703645833333333 0.33171875 0.059270833333333425 0.08927083333333333
1 0.6670833333333334 0.2835416666666667 0.06927083333333339 0.05906250000000002
1 0.7398958333333333 0.24572916666666664 0.0642708333333335 0.054062500000000034
2 0.6213541666666667 0.3627083333333333 0.0609375 0.07406249999999996
2 0.7376041666666666 0.29375 0.06374999999999993 0.06958333333333329
1 0.29541666666666666 0.38208333333333333 0.054166666666666606 0.04249999999999998
3 0.93515625 0.24369791666666663 0.06104166666666657 0.07562499999999997
1 0.589375 0.31854166666666667 0.08145833333333333 0.055208333333333394
1 0.2544791666666667 0.39187500000000003 0.04614583333333329 0.038854166666666676
1 0.14265624999999998 0.4330729166666667 0.09854166666666667 0.078125
3 0.8173437499999998 0.5481770833333334 0.09750000000000014 0.15583333333333335
3 0.8102604166666666 0.28890625000000003 0.051145833333333356 0.09052083333333334
2 0.6678124999999999 0.3180208333333333 0.05031250000000007 0.07802083333333334
1 0.8575520833333332 0.18609375 0.05166666666666657 0.05166666666666666
2 0.7991666666666666 0.2284375 0.03770833333333332 0.052291666666666715
2 0.7028125000000001 0.24270833333333336 0.027500000000000035 0.03916666666666666
1 0.7627604166666666 0.22380208333333332 0.04854166666666657 0.05145833333333334
1 0.7511458333333334 0.20260416666666664 0.04770833333333328 0.03895833333333334
1 0.8071354166666665 0.18317708333333332 0.041562499999999857 0.04010416666666665
1 0.8310416666666667 0.16510416666666666 0.028125 0.025208333333333322
2 0.8047916666666666 0.206875 0.02604166666666643 0.040625
1 0.8973437499999999 0.21796875 0.05135416666666685 0.04697916666666666
3 0.9155208333333335 0.24343750000000003 0.03770833333333314 0.07562499999999997