4 0.425625 0.3044791666666667 0.19343749999999993 0.10263888888888886
1 0.6446006944444445 0.43734375 0.0766319444444445 0.0735069444444445
1 0.4345486111111111 0.47013888888888894 0.1554513888888888 0.09086805555555558
2 0.7481076388888889 0.4482291666666667 0.0546180555555555 0.06989583333333335
1 0.7902083333333334 0.6403819444444444 0.24465277777777777 0.16621527777777773
1 0.7372222222222222 0.3964756944444444 0.08482638888888872 0.04715277777777773
1 0.6376215277777778 0.3856770833333333 0.07340277777777775 0.03597222222222225
1 0.7299131944444445 0.3549479166666667 0.04527777777777775 0.03534722222222229
4 0.7837326388888889 0.30151041666666667 0.09156250000000003 0.058229166666666644
3 0.7753125 0.7266840277777777 0.0760416666666666 0.09534722222222225
2 0.9366493055555555 0.37046875 0.01743055555555557 0.04097222222222223
1 0.9228472222222223 0.3584548611111111 0.05222222222222221 0.05111111111111111
2 0.820138888888889 0.40065972222222224 0.036527777777777715 0.04920138888888896
1 0.8380555555555557 0.5579340277777778 0.16354166666666642 0.09729166666666664
2 0.8829340277777777 0.39112847222222225 0.03149305555555557 0.041284722222222216
3 0.9364930555555556 0.525 0.04413194444444457 0.11493055555555554
1 0.8954166666666665 0.4436979166666667 0.08374999999999985 0.05805555555555557
3 0.9524479166666666 0.7259375 0.09447916666666671 0.12385416666666664
3 0.8680902777777778 0.4961631944444445 0.03496527777777771 0.04916666666666671
1 0.6827777777777777 0.36560763888888886 0.06368055555555543 0.02795138888888893
2 0.18784722222222222 0.6090451388888889 0.1134722222222222 0.16486111111111104
3 0.9699479166666667 0.5226215277777777 0.04513888888888893 0.10246527777777778
2 0.8160590277777778 0.36154513888888895 0.029652777777777573 0.03499999999999996
2 0.7834548611111111 0.36550347222222224 0.03746527777777775 0.03517361111111113
3 0.6743055555555555 0.4910763888888889 0.05135416666666668 0.06670138888888885
1 0.6843923611111111 0.384375 0.05763888888888893 0.03249999999999993
1 0.19461805555555553 0.3399305555555555 0.08583333333333334 0.03468750000000007
2 0.4719270833333333 0.5560416666666667 0.07267361111111122 0.1249305555555555
2 0.8664583333333333 0.3540798611111111 0.06253472222222242 0.03729166666666668
1 0.8773090277777778 0.33480902777777777 0.04350694444444443 0.030625000000000034
3 0.8435590277777777 0.48859375000000005 0.04822916666666686 0.06663194444444435
3 0.9783680555555556 0.44866319444444447 0.028298611111111073 0.03965277777777772
3 0.597482638888889 0.7118055555555556 0.06666666666666679 0.16538194444444443
3 0.6605208333333333 0.6023784722222223 0.05510416666666664 0.15107638888888886
3 0.7084722222222222 0.3115451388888889 0.05756944444444443 0.030937500000000017
2 0.9613020833333333 0.3632118055555556 0.018090277777777785 0.020694444444444394
1 0.9129687499999999 0.3293576388888889 0.019722222222222287 0.022291666666666644
0 0.9180034722222221 0.3021527777777778 0.03555555555555543 0.027326388888888963
2 0.065 0.3386111111111111 0.029861111111111116 0.039687499999999966