1 0.4056192129629629 0.3944270833333333 0.0920370370370371 0.0894444444444444
1 0.21528935185185186 0.6187152777777778 0.21001157407407406 0.13732638888888893
1 0.570625 0.3876388888888889 0.11326388888888879 0.07743055555555553
2 0.31864583333333335 0.38621527777777775 0.040011574074074116 0.049270833333333375
1 0.15743055555555557 0.5606944444444444 0.1618402777777778 0.11128472222222215
1 0.08837962962962963 0.4927777777777777 0.11291666666666667 0.10083333333333329
1 0.9264293981481483 0.28296875 0.08236111111111129 0.05333333333333332
1 0.6234780092592593 0.30140625 0.0752199074074074 0.0360069444444445
2 0.33102430555555556 0.4936284722222222 0.07910879629629627 0.1110069444444445
1 0.7045254629629629 0.40885416666666663 0.17902777777777779 0.11166666666666672
2 0.5508854166666667 0.4372395833333333 0.07320601851851852 0.08746527777777775
3 0.023585069444444447 0.46701388888888895 0.04717013888888889 0.07461805555555542
3 0.027815393518518517 0.5630555555555555 0.055630787037037034 0.08135416666666676
2 0.06369212962962963 0.36690972222222223 0.03631944444444444 0.038263888888888875
3 0.25156828703703704 0.6865798611111111 0.07062499999999998 0.127986111111111
3 0.03954282407407407 0.45640625 0.03473379629629629 0.06788194444444429
2 0.08960648148148148 0.3788194444444445 0.03475694444444446 0.03822916666666672
2 0.08288773148148147 0.35789930555555555 0.010023148148148132 0.012708333333333321
1 0.26721643518518523 0.39984375 0.08818287037037038 0.07531249999999998
1 0.2880324074074074 0.3595833333333333 0.055474537037037044 0.04649305555555561
1 0.1897685185185185 0.37347222222222226 0.061296296296296314 0.06847222222222218