2 0.8019675925925925 0.4750578703703704 0.03572916666666685 0.058680555555555715
1 0.7266724537037037 0.6718171296296296 0.20376157407407405 0.14739583333333323
1 0.7877951388888889 0.5971354166666667 0.14704861111111106 0.10428240740740743
1 0.1694212962962963 0.3474247685185185 0.09273148148148147 0.04733796296296298
2 0.7612789351851852 0.44302662037037044 0.017812499999999964 0.04334490740740726
2 0.7626793981481481 0.4462673611111111 0.028587962962962975 0.041030092592592736
1 0.369375 0.514380787037037 0.18880787037037045 0.1291666666666668
1 0.7937442129629629 0.4219039351851852 0.058113425925925985 0.04010416666666661
1 0.1264988425925926 0.6155960648148148 0.24021990740740745 0.22013888888888894
1 0.43961805555555555 0.4301793981481481 0.08885416666666668 0.06261574074074083
4 0.6287268518518518 0.39791666666666664 0.07387731481481481 0.0739583333333333
1 0.18821180555555556 0.45390625 0.16447916666666665 0.11024305555555554
2 0.7266724537037037 0.4600694444444445 0.050844907407407366 0.08003472222222215
3 0.931412037037037 0.4893518518518518 0.04733796296296298 0.04241898148148149
1 0.8315914351851852 0.4482349537037037 0.061076388888889 0.0372106481481481
1 0.8671064814814816 0.4892939814814815 0.09855324074074048 0.06956018518518511
2 0.4836747685185185 0.45775462962962965 0.048391203703703665 0.06273148148148149
2 0.8455902777777778 0.5261284722222223 0.04656249999999993 0.0875
4 0.5566203703703704 0.41218171296296297 0.09171296296296294 0.0877314814814815
3 0.6937962962962964 0.7462384259259259 0.1044675925925926 0.18362268518518512
2 0.855011574074074 0.374681712962963 0.039120370370370236 0.03402777777777777
3 0.8973090277777779 0.784056712962963 0.12666666666666657 0.1914930555555557
3 0.9359375 0.5986979166666666 0.0597337962962964 0.07135416666666679
3 0.9236458333333333 0.5483796296296296 0.03225694444444436 0.08177083333333321
2 0.661255787037037 0.5116898148148149 0.0452430555555555 0.09207175925925917
2 0.6491261574074073 0.45824652777777775 0.03244212962962969 0.055324074074074046
2 0.5852199074074074 0.4958622685185185 0.05248842592592595 0.08171296296296297
1 0.3367361111111111 0.735474537037037 0.31090277777777775 0.1724537037037038
1 0.053015046296296296 0.5555844907407408 0.10603009259259259 0.1986689814814815
1 0.09359953703703704 0.34259259259259256 0.056793981481481494 0.04467592592592595
1 0.029369212962962965 0.36009837962962965 0.05873842592592593 0.031770833333333304
1 0.035917245370370374 0.3371238425925926 0.07183449074074075 0.038831018518518515
1 0.5427141203703704 0.3476273148148148 0.034513888888889 0.035243055555555534
4 0.7466898148148149 0.3462673611111111 0.05539351851851855 0.047685185185185205
0 0.8533854166666668 0.34554398148148147 0.034513888888889 0.035243055555555534
1 0.9206828703703703 0.43914930555555554 0.031226851851851832 0.031886574074074046
2 0.8731481481481481 0.433275462962963 0.019375000000000142 0.043460648148148096
2 0.8671701388888888 0.4124421296296297 0.03780092592592581 0.03859953703703702
2 0.8418749999999999 0.40115740740740746 0.010671296296296262 0.025694444444444464
1 0.815769675925926 0.4054976851851852 0.03427083333333343 0.030555555555555537
1 0.75671875 0.394849537037037 0.035914351851851836 0.03223379629629637
1 0.7395138888888889 0.42416087962962956 0.029826388888888822 0.034895833333333216
1 0.7016377314814815 0.4135127314814815 0.035648148148148096 0.05711805555555553