1 0.15341435185185184 0.5955208333333333 0.2652199074074074 0.16357638888888887
1 0.7912615740740742 0.5907291666666667 0.2005208333333334 0.14496527777777785
1 0.25017361111111114 0.5057986111111111 0.2068287037037037 0.10451388888888893
0 0.8221064814814815 0.2835416666666667 0.09664351851851834 0.03805555555555555
1 0.838136574074074 0.5052430555555556 0.15324074074074084 0.09083333333333332
0 0.8053819444444444 0.33864583333333337 0.14803240740740725 0.1188194444444445
0 0.6289351851851852 0.38791666666666663 0.2508680555555555 0.23975694444444445
3 0.9619212962962962 0.4696527777777778 0.05538194444444429 0.10427083333333335
1 0.8869791666666668 0.3884375 0.07690972222222214 0.05322916666666666
4 0.183912037037037 0.405625 0.3434027777777778 0.16687499999999994
1 0.48258101851851853 0.6585763888888889 0.1864583333333334 0.2289583333333333
1 0.44103009259259257 0.4233680555555555 0.09484953703703702 0.07392361111111115
1 0.47494212962962956 0.36788194444444444 0.06915509259259274 0.0546180555555555
3 0.7934606481481481 0.6923263888888889 0.07407407407407404 0.14527777777777776
3 0.9584780092592592 0.6777083333333334 0.08304398148148166 0.14548611111111107
3 0.8529513888888889 0.44079861111111107 0.04525462962962976 0.041597222222222285
2 0.3814814814814815 0.5044444444444445 0.05891203703703703 0.11527777777777785
2 0.4461805555555555 0.4779861111111111 0.055034722222222145 0.09489583333333336
2 0.9091435185185185 0.3113194444444445 0.023321759259259167 0.039548611111111145
2 0.877025462962963 0.3307986111111111 0.0203125 0.042604166666666644
1 0.359375 0.32979166666666665 0.08211805555555554 0.02524305555555557
3 0.9038194444444445 0.46312499999999995 0.03952546296296298 0.05552083333333328
0 0.7836226851851852 0.2578125 0.04803240740740744 0.0322916666666667
1 0.9075810185185185 0.2691319444444445 0.029166666666666785 0.028749999999999963