2 0.6356770833333334 0.51171875 0.09837962962962976 0.13125
1 0.4756076388888889 0.5621354166666667 0.22708333333333322 0.19750000000000015
1 0.33000578703703703 0.3481770833333333 0.07951388888888893 0.08479166666666664
3 0.07818287037037037 0.32989583333333333 0.07505787037037037 0.09072916666666667
1 0.43188657407407405 0.4169791666666667 0.14913194444444447 0.11281250000000007
1 0.21004050925925927 0.51515625 0.20295138888888892 0.13510416666666672
2 0.277662037037037 0.3095833333333333 0.055324074074074046 0.06291666666666665
1 0.16319444444444445 0.45437500000000003 0.16064814814814815 0.1291666666666666
3 0.22821180555555554 0.5926562499999999 0.12152777777777786 0.16708333333333342
1 0.7370659722222223 0.34130208333333334 0.06568287037037042 0.04802083333333336
2 0.18017939814814815 0.2693229166666667 0.03628472222222223 0.05385416666666672
1 0.1384548611111111 0.2596354166666667 0.05787037037037037 0.047499999999999966
1 0.29476273148148147 0.26869791666666665 0.05746527777777777 0.03656249999999996
2 0.20792824074074073 0.29864583333333333 0.04728009259259256 0.05614583333333334
2 0.2446759259259259 0.27437500000000004 0.03425925925925925 0.04124999999999997
1 0.15891203703703702 0.2333333333333333 0.04021990740740744 0.03385416666666661
3 0.03208912037037037 0.6190625 0.06417824074074074 0.15875000000000003
3 0.030772569444444443 0.4060416666666667 0.061545138888888885 0.09552083333333332
2 0.2384837962962963 0.3363541666666666 0.04484953703703702 0.07468749999999993
1 0.09513888888888888 0.25083333333333335 0.04369212962962963 0.04343750000000002
0 0.1732349537037037 0.20432291666666663 0.040625 0.044791666666666605
1 0.19317129629629629 0.2341666666666667 0.030613425925925954 0.026979166666666644
1 0.22037037037037038 0.23625 0.030555555555555537 0.025416666666666643
1 0.24895833333333334 0.26395833333333335 0.0375 0.04458333333333329
4 0.4879340277777778 0.33453125 0.12326388888888892 0.12979166666666667