4 0.2509895833333333 0.3912037037037037 0.29625 0.18233796296296295
1 0.44578125 0.4546585648148148 0.15395833333333328 0.08501157407407404
1 0.7234895833333334 0.6089814814814816 0.23885416666666667 0.16431712962962947
1 0.6672395833333333 0.410792824074074 0.09208333333333343 0.07004629629629626
1 0.7547395833333332 0.4094965277777778 0.08812500000000015 0.08091435185185177
2 0.21546875000000001 0.5376793981481482 0.10177083333333332 0.14511574074074077
1 0.8500520833333333 0.40808449074074077 0.09177083333333336 0.06535879629629626
1 0.6176041666666666 0.3592361111111111 0.08239583333333336 0.04180555555555561
3 0.8685937499999999 0.6684895833333334 0.07156249999999993 0.09003472222222228
2 0.5703125 0.4130092592592593 0.04822916666666668 0.06783564814814813
2 0.788125 0.35358796296296297 0.04656249999999993 0.04283564814814813
1 0.7299479166666666 0.3599131944444444 0.07447916666666679 0.040127314814814775
2 0.6097395833333333 0.4186689814814815 0.050104166666666575 0.0725462962962963
3 0.9140625 0.40791666666666665 0.045520833333333496 0.05062499999999996
1 0.8116145833333333 0.30563078703703705 0.04250000000000007 0.028726851851851885
3 0.9236458333333333 0.4983101851851853 0.07312499999999993 0.09005787037037045
3 0.9234895833333333 0.4655324074074073 0.07416666666666671 0.08226851851851862
1 0.77421875 0.5270601851851853 0.17093750000000013 0.10555555555555571
1 0.8025520833333333 0.33620370370370367 0.04041666666666686 0.044305555555555556
1 0.06364583333333333 0.3448090277777778 0.10677083333333334 0.05621527777777775
1 0.8969791666666665 0.37148726851851854 0.11739583333333314 0.05168981481481483
1 0.6770833333333334 0.34508680555555554 0.057187499999999857 0.03831018518518521
3 0.9288541666666668 0.7245717592592593 0.034791666666666644 0.07700231481481482
2 0.19718750000000002 0.4840972222222222 0.09229166666666666 0.07317129629629626
1 0.7485937500000001 0.32607638888888885 0.057187499999999857 0.03831018518518512
2 0.8348437499999999 0.4371875 0.04427083333333357 0.07870370370370364
3 0.41937499999999994 0.7453877314814814 0.07104166666666671 0.058807870370370455
1 0.8852604166666665 0.33653935185185185 0.03843749999999986 0.03803240740740739
1 0.5121354166666666 0.30226273148148153 0.019479166666666714 0.01121527777777782
2 0.8446354166666665 0.3371412037037037 0.03718750000000028 0.04269675925925931