1 0.1203125 0.3296875 0.040625 0.0265625
1 0.24375 0.60625 0.2 0.1453125
1 0.1859375 0.5265625 0.1375 0.09375
1 0.2640625 0.3796875 0.0703125 0.0484375
1 0.125 0.4140625 0.0828125 0.0703125
2 0.1640625 0.371875 0.034375 0.0453125
0 0.4578125 0.44375 0.3078125 0.2828125
4 0.9359375 0.3640625 0.125 0.05625
1 0.9203125 0.5015625 0.146875 0.09375
1 0.2203125 0.34375 0.05 0.0296875
1 0.2140625 0.31875 0.0375 0.0203125
2 0.9578125 0.5484375 0.0828125 0.1109375
2 0.0921875 0.3453125 0.0125 0.0328125
1 0.1640625 0.33125 0.0140625 0.021875
2 0.259375 0.3390625 0.021875 0.0234375
1 0.8171875 0.6640625 0.21875 0.2359375
2 0.8953125 0.765625 0.053125 0.03125
0 0.7015625 0.43125 0.175 0.1890625
2 0.628125 0.5234375 0.03125 0.1375
1 0.98359375 0.65703125 0.0328125 0.1234375
3 0.0671875 0.6859375 0.0546875 0.075
3 0.2515625 0.721875 0.046875 0.0296875
3 0.0828125 0.5625 0.028125 0.14375
3 0.028125 0.496875 0.0421875 0.0484375
3 0.05 0.4546875 0.0265625 0.084375
3 0.05625 0.4 0.0203125 0.0375
2 0.134375 0.3515625 0.01875 0.0375
2 0.221875 0.415625 0.021875 0.059375
2 0.2953125 0.4234375 0.021875 0.0640625
2 0.2109375 0.3734375 0.0234375 0.0265625
1 0.1765625 0.3015625 0.03125 0.028125
1 0.1421875 0.3078125 0.0109375 0.025
0 0.09375 0.3 0.0546875 0.0453125
2 0.06875 0.3203125 0.0125 0.0265625
1 0.8078125 0.3484375 0.0546875 0.0296875