4 0.3978645833333333 0.4332118055555556 0.16416666666666674 0.12222222222222215
0 0.6847395833333334 0.3834201388888889 0.1961458333333333 0.20406249999999995
3 0.8991666666666667 0.3351388888888889 0.016874999999999928 0.01909722222222223
1 0.8519791666666666 0.30600694444444443 0.05124999999999993 0.04326388888888886
1 0.8209375 0.5892708333333333 0.24770833333333328 0.18180555555555564
1 0.8490104166666667 0.4955034722222222 0.15833333333333321 0.10493055555555557
3 0.68546875 0.4645659722222222 0.06468749999999997 0.08100694444444442
3 0.8970833333333333 0.4092013888888889 0.04458333333333329 0.08368055555555554
1 0.8802604166666667 0.37918402777777777 0.09145833333333328 0.06131944444444448
3 0.9750520833333333 0.45961805555555557 0.04989583333333343 0.0781944444444445
2 0.5159895833333333 0.4498784722222222 0.06218749999999993 0.09031249999999993
2 0.5778125 0.4060069444444444 0.049687499999999926 0.06663194444444454
2 0.37854166666666667 0.7284375000000001 0.14677083333333335 0.188923611111111
2 0.6490104166666667 0.5846701388888889 0.10593749999999993 0.16149305555555565
0 0.7645312499999999 0.3165451388888889 0.08739583333333342 0.11739583333333332
4 0.80234375 0.24015625 0.05166666666666657 0.04951388888888886
4 0.7056770833333333 0.26453125 0.062291666666666676 0.045069444444444426
3 0.95734375 0.36529513888888887 0.07177083333333342 0.09364583333333325
3 0.9188541666666665 0.30281250000000004 0.027291666666666714 0.034930555555555555
1 0.5531770833333333 0.3875173611111111 0.05614583333333343 0.06989583333333335
2 0.28057291666666667 0.3822395833333333 0.021875 0.023888888888888894
2 0.4649479166666667 0.33953125 0.01593750000000007 0.02843750000000007
1 0.20270833333333335 0.4078125 0.07104166666666671 0.03590277777777775
2 0.06765625 0.4297743055555555 0.029479166666666678 0.044340277777777715
2 0.8771875000000001 0.27458333333333335 0.014270833333333144 0.02684027777777782
2 0.85421875 0.2693923611111111 0.017291666666666573 0.025347222222222143
1 0.9063020833333333 0.2549479166666667 0.023229166666666856 0.020798611111111143
1 0.8748958333333334 0.26361111111111113 0.02447916666666643 0.016145833333333304