1 0.7548611111111111 0.62625 0.19643518518518518 0.15590277777777786
1 0.07546875 0.59078125 0.1509375 0.16906250000000006
1 0.08230613425925926 0.5011284722222222 0.1646122685185185 0.0958333333333334
1 0.7271064814814815 0.47013888888888894 0.09131944444444447 0.0957638888888889
1 0.8124768518518518 0.548611111111111 0.15538194444444464 0.09718750000000007
2 0.6260127314814815 0.5100868055555555 0.06321759259259263 0.09826388888888893
1 0.13639467592592594 0.4687326388888889 0.17878472222222222 0.09302083333333329
1 0.7783564814814815 0.40798611111111105 0.07381944444444458 0.0531944444444445
1 0.7755671296296296 0.36260416666666667 0.03458333333333332 0.028888888888888874
2 0.5572164351851852 0.5148090277777777 0.06790509259259245 0.0983680555555555
2 0.27276041666666667 0.5194270833333332 0.07587962962962962 0.12041666666666657
1 0.8703819444444445 0.43190972222222224 0.0832407407407409 0.05965277777777782
1 0.729386574074074 0.37329861111111107 0.0471643518518519 0.04010416666666661
1 0.7261921296296296 0.3826041666666667 0.05645833333333332 0.02937500000000002
2 0.9022280092592592 0.3521354166666667 0.012777777777777999 0.03777777777777782
2 0.8913946759259259 0.33782986111111113 0.04253472222222214 0.047812500000000036
0 0.509548611111111 0.4098263888888889 0.32986111111111105 0.2416666666666666
2 0.43256944444444445 0.5698611111111112 0.09304398148148145 0.11767361111111115
2 0.6886631944444443 0.38567708333333334 0.02531250000000007 0.042743055555555555
1 0.853761574074074 0.35496527777777775 0.036261574074073974 0.04454861111111112
0 0.028090277777777777 0.36083333333333334 0.05618055555555555 0.07000000000000002
1 0.34122685185185186 0.45375 0.039548611111111145 0.06649305555555571
1 0.9602314814814814 0.5386111111111112 0.06609953703703723 0.06552083333333343
1 0.8754456018518517 0.48671875 0.033460648148147955 0.08822916666666672
1 0.9442187499999999 0.48512152777777773 0.02716435185185162 0.08184027777777772
1 0.9272164351851853 0.45973958333333337 0.023900462962962978 0.06302083333333322
2 0.9178298611111112 0.3556076388888889 0.012743055555555572 0.03309027777777782
2 0.8882002314814814 0.3471354166666667 0.012719907407407405 0.02996527777777782
2 0.8256886574074074 0.3473090277777778 0.014293981481481666 0.03156249999999998
2 0.806869212962963 0.3562673611111111 0.014305555555555571 0.03312500000000007
0 0.8049768518518519 0.29527777777777775 0.031458333333333144 0.028819444444444463
1 0.3422974537037037 0.4147048611111111 0.04879629629629632 0.04951388888888886