1 0.3794849537037037 0.3794560185185185 0.08640046296296297 0.05150462962962958
2 0.49542824074074077 0.503732638888889 0.0703125 0.08674768518518512
1 0.917332175925926 0.6605324074074075 0.1653356481481481 0.19965277777777785
1 0.5107060185185185 0.4365162037037037 0.12274305555555554 0.07934027777777768
1 0.15112847222222223 0.452025462962963 0.10896990740740745 0.10376157407407405
1 0.12378472222222223 0.3247974537037037 0.04340277777777777 0.039004629629629584
2 0.35439814814814813 0.40891203703703705 0.05862268518518521 0.05515046296296298
1 0.21973379629629627 0.526244212962963 0.16163194444444445 0.0994791666666666
3 0.07528935185185186 0.49050925925925926 0.06394675925925926 0.08495370370370363
1 0.3094618055555555 0.3597222222222222 0.0625 0.04438657407407405
1 0.2826388888888889 0.6181712962962963 0.21817129629629628 0.16857638888888893
4 0.9801793981481481 0.40381944444444445 0.03964120370370381 0.07893518518518512
1 0.6969039351851852 0.4995081018518519 0.16493055555555552 0.12297453703703702
3 0.08489583333333332 0.409837962962963 0.03744212962962963 0.06371527777777768
2 0.1765625 0.343113425925926 0.0328125 0.04328703703703703
3 0.30607638888888894 0.6821469907407407 0.07974537037037041 0.15098379629629638
3 0.1992476851851852 0.41796875 0.04496527777777777 0.08113425925925935
3 0.25546875 0.3881076388888889 0.03194444444444446 0.052604166666666695
3 0.30662615740740745 0.3845486111111111 0.03084490740740744 0.05879629629629628
3 0.22965856481481484 0.3552083333333333 0.025115740740740744 0.04456018518518512
3 0.7425925925925926 0.36953125 0.05266203703703702 0.03778935185185191
1 0.2164351851851852 0.33446180555555555 0.038136574074074045 0.03101851851851851
1 0.21782407407407406 0.31114004629629627 0.042476851851851904 0.026504629629629583
4 0.12786458333333334 0.26417824074074076 0.041724537037037025 0.037384259259259256
1 0.16284722222222223 0.30520833333333336 0.038136574074074045 0.03101851851851851