1 0.36328125 0.45625 0.115625 0.07020833333333325
1 0.11640625 0.47807291666666674 0.10625 0.09927083333333328
1 0.2453125 0.36713541666666666 0.0546875 0.039583333333333304
1 0.17734375 0.36260416666666667 0.0390625 0.044791666666666695
2 0.4546875 0.43578124999999995 0.05 0.06427083333333332
3 0.27890625 0.688125 0.06875 0.12177083333333343
1 0.63046875 0.6365624999999999 0.2078125 0.22322916666666667
1 0.2921875 0.41166666666666674 0.065625 0.057499999999999926
1 0.1828125 0.55515625 0.1578125 0.10739583333333336
3 0.21015625 0.7515104166666667 0.0984375 0.11125000000000007
2 0.3484375 0.4029166666666667 0.0359375 0.04614583333333329
1 0.09765625 0.3307291666666667 0.0328125 0.038124999999999964
1 0.9453125 0.7255208333333333 0.109375 0.2041666666666666
1 0.4515625 0.34963541666666664 0.053125 0.03166666666666664
2 0.375 0.4046875 0.04375 0.04510416666666668
2 0.1375 0.3622916666666667 0.025 0.03604166666666666
2 0.42265625 0.5164583333333332 0.06875 0.09833333333333343
3 0.03671875 0.5344791666666666 0.0671875 0.07010416666666668
2 0.1140625 0.37322916666666667 0.025 0.048541666666666664
3 0.04609375 0.43901041666666674 0.040625 0.06833333333333336
2 0.75546875 0.6214583333333333 0.065625 0.16218749999999993
1 0.19296875 0.6214583333333333 0.0859375 0.1510416666666668
1 0.1359375 0.3403125 0.03125 0.025520833333333392
1 0.15546875 0.32989583333333333 0.0296875 0.025416666666666643
1 0.203125 0.34791666666666665 0.025 0.03135416666666666
1 0.22578125 0.3525520833333333 0.01875 0.02156250000000002
2 0.60234375 0.36906249999999996 0.0171875 0.019895833333333356
2 0.546875 0.3622395833333333 0.0125 0.013333333333333286
4 0.7578125 0.38802083333333337 0.0890625 0.048125000000000015
2 0.8234375 0.3908333333333333 0.021875 0.031145833333333428