1 0.7127199074074074 0.43494791666666666 0.1622685185185185 0.1096643518518519
1 0.43583333333333335 0.5202835648148147 0.12771990740740743 0.1312384259259259
1 0.3911747685185185 0.43696759259259255 0.09607638888888896 0.07040509259259267
1 0.6354108796296296 0.5103819444444444 0.15658564814814824 0.14519675925925934
1 0.16873842592592592 0.4028472222222222 0.05856481481481479 0.04197916666666668
1 0.2285185185185185 0.5967650462962963 0.16466435185185188 0.1238078703703703
4 0.5015046296296296 0.41932291666666666 0.11125000000000007 0.0898842592592592
1 0.13277777777777777 0.4531655092592592 0.05876157407407408 0.07158564814814809
3 0.0735648148148148 0.5053935185185185 0.04966435185185185 0.07578703703703696
2 0.2995775462962963 0.41586226851851854 0.03862268518518519 0.04717592592592599
1 0.9109259259259259 0.3361863425925926 0.1049884259259258 0.06307870370370364
1 0.2602951388888889 0.43641203703703707 0.0905555555555555 0.056099537037037094
1 0.25049189814814815 0.4024131944444444 0.07309027777777777 0.05052083333333339
2 0.9629108796296297 0.5336747685185186 0.07417824074074061 0.15510416666666665
2 0.3385011574074074 0.41554398148148153 0.040000000000000036 0.04413194444444439
4 0.21389467592592593 0.36313078703703705 0.08789351851851848 0.06375000000000001
2 0.9827951388888888 0.6743287037037037 0.034409722222222425 0.1456712962962964
3 0.15589699074074073 0.7775868055555556 0.08561342592592594 0.10413194444444436
4 0.2653645833333333 0.469386574074074 0.1067592592592593 0.11924768518518505
1 0.2949131944444444 0.6788715277777777 0.2554166666666666 0.209513888888889
0 0.4811168981481481 0.3512847222222223 0.08531250000000004 0.046481481481481526
3 0.08095486111111111 0.5906712962962963 0.07843750000000001 0.08818287037037038
2 0.10242476851851852 0.40096643518518515 0.040462962962962964 0.05194444444444457
1 0.0812326388888889 0.38506944444444446 0.025011574074074082 0.027777777777777856
1 0.13927083333333332 0.37873263888888886 0.04716435185185182 0.03359953703703704
3 0.3325694444444444 0.7228819444444444 0.1047569444444445 0.16431712962962966
2 0.7008217592592592 0.3393113425925926 0.03291666666666657 0.029745370370370415
4 0.07009837962962964 0.3548958333333333 0.03760416666666666 0.029988425925925988
1 0.08908564814814815 0.37301504629629634 0.026296296296296307 0.023171296296296263