1 0.6490277777777778 0.4558564814814815 0.17704861111111114 0.09478009259259253
1 0.32760416666666664 0.4051678240740741 0.09052083333333334 0.06694444444444443
0 0.8010416666666667 0.36300925925925925 0.34100694444444457 0.2331018518518518
1 0.23953125000000003 0.6431134259259259 0.20999999999999996 0.1718055555555555
1 0.1801388888888889 0.5744849537037038 0.16038194444444445 0.11796296296296305
1 0.3936631944444445 0.3846643518518519 0.08249999999999993 0.05745370370370369
3 0.03293402777777778 0.48607060185185186 0.0328125 0.07077546296296297
2 0.24899305555555556 0.42820023148148145 0.0453125 0.07096064814814813
4 0.6596875000000001 0.5736284722222222 0.2235069444444445 0.21730324074074084
1 0.16553819444444445 0.38804398148148145 0.05885416666666665 0.04773148148148145
1 0.0671875 0.3855960648148148 0.05437499999999999 0.05703703703703713
4 0.14878472222222222 0.33362268518518523 0.12840277777777778 0.08468750000000007
1 0.22595486111111113 0.3754340277777778 0.0990277777777778 0.09831018518518526
2 0.1114236111111111 0.3982175925925926 0.025902777777777785 0.04099537037037031
3 0.03580729166666667 0.5790277777777778 0.07161458333333334 0.08240740740740744
2 0.43524305555555554 0.4816724537037037 0.060104166666666715 0.10398148148148145
3 0.09064236111111111 0.7710590277777778 0.08211805555555556 0.1105555555555556
3 0.27027777777777773 0.7004513888888889 0.08465277777777783 0.15432870370370377
1 0.05883680555555556 0.4450752314814815 0.04204861111111111 0.06466435185185179
2 0.12192708333333332 0.3824421296296296 0.019513888888888876 0.034652777777777824
2 0.09729166666666667 0.36640625 0.01614583333333335 0.02366898148148149
2 0.12032986111111113 0.38402777777777775 0.017951388888888874 0.034629629629629656
1 0.1369270833333333 0.3751909722222222 0.027222222222222214 0.030081018518518476
3 0.04126736111111111 0.462517361111111 0.024548611111111108 0.05034722222222214
3 0.01934027777777778 0.4651851851851852 0.01618055555555556 0.025231481481481487