1 0.51609375 0.49301504629629633 0.131412037037037 0.11283564814814824
1 0.20951967592592596 0.6049305555555555 0.2328009259259259 0.16119212962962964
1 0.1595138888888889 0.31421875 0.03833333333333333 0.028680555555555553
2 0.23006365740740745 0.3863888888888889 0.05506944444444439 0.06641203703703695
3 0.02881076388888889 0.48883680555555553 0.05762152777777778 0.06818287037037045
1 0.10763310185185185 0.29781828703703705 0.03530092592592595 0.031759259259259306
1 0.16831597222222222 0.5183449074074075 0.15282407407407406 0.09753472222222222
2 0.18324652777777778 0.3309837962962963 0.030567129629629618 0.030127314814814808
0 0.8130439814814814 0.5740104166666666 0.3545601851851849 0.4753587962962964
1 0.4622685185185185 0.33120949074074074 0.030381944444444465 0.02387731481481481
3 0.05986111111111111 0.4065335648148148 0.050844907407407415 0.08196759259259263
1 0.12270833333333334 0.3957407407407407 0.07708333333333335 0.0714236111111111
1 0.602181712962963 0.43645254629629626 0.10980324074074091 0.06878472222222207
4 0.5404166666666667 0.33158564814814817 0.05896990740740744 0.03991898148148145
4 0.14980902777777777 0.2460763888888889 0.03383101851851853 0.03486111111111114
0 0.2698379629629629 0.28380787037037036 0.06508101851851844 0.03532407407407412
1 0.16406828703703705 0.2924016203703704 0.02385416666666664 0.014409722222222232
1 0.13141782407407407 0.2864467592592593 0.02408564814814813 0.022222222222222233
1 0.0608449074074074 0.3205729166666667 0.02744212962962962 0.030081018518518476
3 0.1145023148148148 0.40890624999999997 0.02859953703703706 0.06914351851851848