4 0.2203125 0.328125 0.075 0.071875
1 0.23125 0.609375 0.215625 0.15
2 0.1984375 0.39375 0.046875 0.0484375
0 0.9 0.678125 0.1890625 0.2078125
1 0.13125 0.40625 0.06875 0.0515625
0 0.696875 0.6015625 0.6046875 0.359375
2 0.3359375 0.409375 0.0515625 0.0671875
3 0.184375 0.4453125 0.040625 0.0671875
3 0.08125 0.4796875 0.03125 0.0953125
3 0.4171875 0.76875 0.065625 0.025
2 0.1484375 0.321875 0.0265625 0.0390625
3 0.05625 0.4828125 0.0484375 0.1015625
1 0.1828125 0.5265625 0.146875 0.090625
3 0.1546875 0.4484375 0.0390625 0.0734375
2 0.16875 0.321875 0.0203125 0.0359375
2 0.11875 0.3296875 0.021875 0.0328125
2 0.190625 0.35 0.028125 0.0421875
1 0.0859375 0.3203125 0.034375 0.0421875
3 0.071875 0.6875 0.0625 0.1109375
2 0.9765625 0.3640625 0.0453125 0.0625
3 0.471875 0.6890625 0.0671875 0.1828125
3 0.6046875 0.6890625 0.0875 0.1859375
4 0.440625 0.3578125 0.128125 0.103125
4 0.5703125 0.3671875 0.13125 0.096875
1 0.8203125 0.3484375 0.05 0.0375
4 0.2984375 0.2859375 0.0640625 0.0421875
4 0.146875 0.2609375 0.0359375 0.034375