1 0.19615740740740742 0.5784837962962963 0.26310185185185186 0.1308101851851852
1 0.056657986111111114 0.4966145833333333 0.11331597222222223 0.11449074074074073
1 0.7337905092592593 0.5575231481481481 0.20585648148148153 0.1632291666666667
1 0.7437731481481482 0.32337962962962963 0.06564814814814816 0.05682870370370372
1 0.7859432870370371 0.4656828703703704 0.14792824074074068 0.10530092592592588
1 0.27326388888888886 0.48594328703703704 0.1962731481481481 0.10660879629629623
1 0.418605324074074 0.4111574074074074 0.10895833333333335 0.10454861111111118
1 0.8845659722222223 0.24652777777777776 0.0474421296296299 0.03862268518518519
1 0.5586458333333334 0.37327546296296293 0.1064699074074074 0.08883101851851852
1 0.04142939814814815 0.5792476851851852 0.0828587962962963 0.11888888888888882
2 0.7077314814814815 0.35354166666666664 0.0405555555555555 0.05378472222222221
2 0.8278009259259258 0.27168981481481486 0.022534722222222213 0.038703703703703775
2 0.5421296296296296 0.4155150462962963 0.07853009259259273 0.09028935185185176
2 0.36405671296296294 0.41205439814814815 0.04975694444444443 0.07768518518518519
2 0.6671527777777777 0.3551678240740741 0.035787037037037096 0.0784143518518519
2 0.6429282407407407 0.36983796296296295 0.039282407407407405 0.08484953703703706
1 0.6382175925925926 0.31795717592592593 0.06775462962962955 0.039826388888888876
1 0.7850983796296296 0.29601851851851857 0.05121527777777786 0.04974537037037034
1 0.10499131944444444 0.6964525462962963 0.20998263888888888 0.20332175925925924
2 0.8220601851851853 0.2634664351851852 0.018761574074073906 0.02758101851851853
1 0.294068287037037 0.41075231481481483 0.1100462962962963 0.07035879629629634
2 0.8423668981481482 0.2754976851851852 0.03815972222222221 0.03962962962962964
1 0.05385416666666667 0.3733622685185185 0.10770833333333334 0.0728472222222222
2 0.8484375 0.26501736111111107 0.023634259259259237 0.030983796296296263
2 0.8414988425925927 0.3689699074074074 0.05701388888888914 0.06877314814814817
3 0.9319097222222222 0.43289930555555556 0.07438657407407412 0.07291666666666678
3 0.8885937500000001 0.5989525462962962 0.08460648148148167 0.11400462962962976
3 0.569068287037037 0.7097511574074075 0.05186342592592581 0.060682870370370526
2 0.3531712962962963 0.3986863425925926 0.029710648148148167 0.05469907407407408
4 0.7710648148148149 0.2306770833333333 0.09387731481481473 0.0865277777777778
0 0.8718981481481481 0.2106886574074074 0.04450231481481488 0.04156250000000004
3 0.9160763888888889 0.38479166666666664 0.035243055555555715 0.09550925925925924
3 0.9155960648148149 0.32721064814814815 0.02207175925925924 0.030891203703703775
4 0.35270833333333335 0.30140046296296297 0.06905092592592599 0.061701388888888875