1 0.440625 0.4671875 0.1 0.0984375
2 0.5234375 0.4265625 0.028125 0.078125
1 0.2265625 0.60625 0.184375 0.1390625
1 0.1859375 0.53125 0.1484375 0.09375
2 0.653125 0.5046875 0.065625 0.0859375
1 0.528125 0.5671875 0.1484375 0.159375
3 0.0390625 0.5078125 0.0703125 0.075
2 0.46875 0.4 0.0328125 0.04375
4 0.7875 0.371875 0.3953125 0.2375
2 0.1546875 0.3796875 0.0265625 0.05625
2 0.253125 0.3625 0.01875 0.04375
1 0.3453125 0.3984375 0.065625 0.0609375
4 0.190625 0.340625 0.046875 0.05625
1 0.11875 0.4515625 0.103125 0.0875
2 0.8640625 0.7125 0.1171875 0.1359375
2 0.9578125 0.5421875 0.084375 0.1390625
2 0.0765625 0.3265625 0.0203125 0.0359375
3 0.0546875 0.415625 0.028125 0.0796875
2 0.040625 0.3171875 0.0375 0.025
2 0.2359375 0.3453125 0.01875 0.0375
2 0.7734375 0.5984375 0.0859375 0.1609375
2 0.7953125 0.5078125 0.0671875 0.109375
2 0.7671875 0.45625 0.009375 0.0015625
3 0.259375 0.671875 0.0546875 0.13125
1 0.0640625 0.3765625 0.08125 0.0421875
1 0.271875 0.3328125 0.0296875 0.0328125
4 0.2296875 0.284375 0.078125 0.0515625
4 0.16875 0.2859375 0.0546875 0.05
2 0.0984375 0.340625 0.015625 0.0359375
2 0.1265625 0.3515625 0.025 0.040625
2 0.15625 0.3453125 0.015625 0.0125
2 0.1390625 0.3171875 0.009375 0.0265625
2 0.146875 0.31875 0.0125 0.028125
2 0.2703125 0.3734375 0.0203125 0.053125
2 0.3 0.384375 0.021875 0.0546875
2 0.2875 0.440625 0.034375 0.08125
2 0.3890625 0.359375 0.0203125 0.046875
2 0.5 0.4484375 0.0296875 0.071875
0 0.59375 0.303125 0.0984375 0.0640625
4 0.40625 0.3 0.04375 0.034375
1 0.50625 0.7046875 0.2390625 0.1546875