4 0.45939236111111115 0.2853877314814815 0.2029166666666667 0.1327314814814815
1 0.648263888888889 0.4539467592592592 0.08625000000000008 0.08500000000000014
1 0.4333333333333333 0.4484490740740741 0.16500000000000004 0.1137037037037036
2 0.7481076388888889 0.48280671296296296 0.06416666666666657 0.07546296296296298
1 0.7492881944444445 0.6765335648148149 0.26381944444444444 0.2019212962962964
1 0.7492708333333333 0.4296990740740741 0.09038194444444443 0.06003472222222221
1 0.6517881944444445 0.40163773148148146 0.07760416666666661 0.04744212962962955
1 0.7499131944444445 0.38830439814814816 0.04937500000000004 0.04254629629629623
4 0.8145833333333334 0.3458217592592593 0.096875 0.07101851851851855
3 0.7159375000000001 0.7575231481481481 0.08982638888888879 0.1053356481481483
2 0.9518055555555556 0.4397916666666667 0.02437499999999986 0.04236111111111107
1 0.9397743055555555 0.4256423611111111 0.05750000000000029 0.05666666666666664
2 0.8301562499999999 0.4490451388888889 0.04336805555555543 0.05343750000000007
1 0.8140972222222222 0.6051504629629629 0.17298611111111092 0.1215740740740742
2 0.8942534722222222 0.451082175925926 0.03850694444444436 0.045590277777777646
3 0.91921875 0.590306712962963 0.06197916666666643 0.11762731481481481
1 0.8946527777777777 0.5042013888888889 0.08902777777777793 0.06939814814814813
3 0.8915972222222223 0.7885069444444446 0.112361111111111 0.13518518518518513
3 0.8566145833333334 0.5500057870370371 0.04180555555555543 0.05342592592592599
1 0.7015277777777778 0.3902893518518519 0.06489583333333329 0.03797453703703706
2 0.15885416666666666 0.540150462962963 0.13829861111111114 0.17755787037037046
3 0.9521006944444445 0.5936747685185185 0.061736111111111214 0.1066898148148148
2 0.8339756944444444 0.4100173611111111 0.035208333333333286 0.03775462962962965
2 0.8003472222222221 0.40820601851851845 0.04152777777777779 0.04092592592592581
3 0.6659375000000001 0.511099537037037 0.0610069444444445 0.07387731481481481
1 0.6988194444444444 0.4090162037037037 0.060277777777777784 0.04106481481481481
1 0.22336805555555556 0.2797337962962963 0.0885416666666667 0.047523148148148134
2 0.45173611111111106 0.5384143518518518 0.0904166666666665 0.13189814814814813
2 0.8855729166666666 0.41196180555555556 0.06666666666666679 0.047361111111111145
1 0.9000347222222222 0.3948842592592593 0.04770833333333328 0.03784722222222214
3 0.8336979166666666 0.5381192129629631 0.057847222222222425 0.07229166666666664
3 0.9763020833333332 0.5227719907407408 0.033749999999999857 0.04243055555555557
3 0.5430729166666667 0.71171875 0.09281249999999996 0.16940972222222223
3 0.6292361111111111 0.6170601851851852 0.07840277777777782 0.15368055555555565
3 0.7379513888888889 0.3421296296296296 0.060243055555555536 0.03950231481481481
2 0.9775173611111111 0.43685763888888884 0.020798611111111143 0.022025462962962906
1 0.9375520833333333 0.3959432870370371 0.02239583333333357 0.02359953703703708
0 0.9479166666666666 0.3702430555555556 0.03822916666666672 0.03309027777777782
2 0.09472222222222222 0.2553472222222222 0.03531249999999999 0.042442129629629656