0 0.09505208333333334 0.35779513888888886 0.15177083333333335 0.14690972222222226
1 0.7538020833333333 0.3455034722222222 0.08479166666666664 0.05493055555555557
1 0.6613020833333334 0.4015451388888889 0.09562500000000007 0.0770138888888889
1 0.7318749999999999 0.30999999999999994 0.050520833333333216 0.032326388888888856
1 0.8104687500000001 0.5500173611111111 0.22156249999999994 0.1172569444444445
1 0.853125 0.48569444444444443 0.16312500000000013 0.10659722222222215
2 0.13380208333333332 0.6221701388888888 0.14541666666666667 0.14520833333333344
3 0.79640625 0.6207465277777777 0.0784374999999999 0.14684027777777775
4 0.63375 0.3286111111111111 0.08072916666666678 0.0642013888888889
1 0.8143750000000001 0.30347222222222225 0.04385416666666657 0.04934027777777779
4 0.3259375 0.4058680555555555 0.32583333333333336 0.2303472222222222
2 0.3929166666666667 0.6125 0.14885416666666665 0.1733680555555555
4 0.43291666666666667 0.2853472222222222 0.1898958333333333 0.08690972222222229
3 0.97046875 0.36807291666666664 0.030520833333333285 0.08336805555555564
2 0.5291145833333333 0.4138715277777778 0.06291666666666665 0.07784722222222218
2 0.6427604166666667 0.34640624999999997 0.027500000000000035 0.03805555555555555
2 0.8533854166666668 0.27835069444444444 0.01781250000000014 0.03315972222222223
1 0.8690625000000001 0.3257291666666667 0.08333333333333356 0.05645833333333332
2 0.18723958333333335 0.5552604166666667 0.08145833333333333 0.1219444444444445
1 0.59671875 0.5711979166666666 0.15135416666666668 0.2108680555555555
3 0.976171875 0.6423784722222222 0.04765625 0.08569444444444443
3 0.97921875 0.45597222222222217 0.041562499999999857 0.07020833333333343
3 0.95625 0.3425694444444445 0.015833333333333498 0.050277777777777824
1 0.9545312499999999 0.3285243055555555 0.08125 0.04861111111111107
2 0.7003125 0.31774305555555554 0.021250000000000036 0.03791666666666664
2 0.6821875000000001 0.3392708333333333 0.02906249999999986 0.038090277777777716
2 0.788125 0.2970138888888889 0.01604166666666664 0.030000000000000072
4 0.8235416666666666 0.26493055555555556 0.03968750000000014 0.033645833333333285
4 0.8552083333333332 0.25875 0.03177083333333357 0.031909722222222214
2 0.9282291666666665 0.2743402777777778 0.01781250000000014 0.03315972222222223
2 0.9099479166666666 0.25831597222222225 0.015729166666666572 0.02531249999999998
2 0.9252083333333333 0.25250000000000006 0.013749999999999929 0.01902777777777782
2 0.9172916666666666 0.23937499999999998 0.008749999999999859 0.014236111111111071