1 0.46744791666666663 0.38484953703703706 0.09670138888888893 0.065324074074074
1 0.7010416666666666 0.4131076388888889 0.08940972222222214 0.08853009259259252
1 0.8946354166666666 0.43551504629629634 0.10347222222222215 0.08894675925925917
1 0.3048958333333333 0.4576793981481481 0.17888888888888888 0.10991898148148138
1 0.8283159722222223 0.5117476851851851 0.1504513888888887 0.09502314814814809
1 0.8016319444444445 0.36634837962962963 0.07795138888888893 0.06476851851851854
2 0.8277777777777778 0.3116319444444445 0.04444444444444429 0.03254629629629626
2 0.07288194444444444 0.6764120370370371 0.11958333333333333 0.1815509259259258
2 0.5930208333333333 0.4421064814814814 0.0594444444444445 0.0751504629629629
1 0.7315972222222221 0.34575231481481483 0.061701388888888785 0.03618055555555557
3 0.9699131944444446 0.49420717592592595 0.06017361111111086 0.06435185185185191
4 0.5809201388888889 0.3900868055555556 0.1097569444444444 0.0906944444444445
1 0.8799131944444444 0.33588541666666666 0.055659722222222284 0.045370370370370325
2 0.8568055555555556 0.31624421296296296 0.014652777777777714 0.026979166666666644
3 0.7447569444444444 0.6565046296296296 0.05920138888888893 0.13447916666666657
1 0.7676041666666666 0.5940682870370371 0.19739583333333321 0.16980324074074069
3 0.96515625 0.40762731481481485 0.023541666666666572 0.07564814814814813
3 0.9800347222222221 0.37357060185185187 0.013090277777777715 0.02693287037037031
1 0.936076388888889 0.36549189814814814 0.04809027777777786 0.056076388888888926
2 0.884982638888889 0.3529340277777778 0.022951388888888858 0.04908564814814813
2 0.7661979166666667 0.3548900462962963 0.015173611111111106 0.050416666666666644
1 0.6923263888888889 0.3375347222222222 0.03847222222222228 0.04486111111111111
4 0.7354166666666666 0.3065509259259259 0.052569444444444356 0.04684027777777775
1 0.8794618055555556 0.28039351851851857 0.022430555555555287 0.025648148148148132
2 0.9280208333333334 0.28442708333333333 0.01145833333333357 0.023761574074074067
2 0.9465104166666667 0.3073321759259259 0.016145833333333214 0.023900462962962978
1 0.8807812500000001 0.3045891203703704 0.03333333333333357 0.024409722222222284
1 0.49463541666666666 0.3066493055555556 0.04284722222222222 0.030937500000000017
1 0.3161458333333333 0.3307002314814815 0.04423611111111114 0.023171296296296263
1 0.1896701388888889 0.3383564814814815 0.053576388888888896 0.021886574074074083
2 0.10682291666666666 0.33924768518518517 0.06322916666666667 0.034664351851851904