3 0.9813657407407408 0.4171990740740741 0.03113425925925952 0.08270833333333324
3 0.9734664351851852 0.4992303240740741 0.05306712962962976 0.08653935185185198
3 0.7490451388888889 0.6538946759259259 0.06481481481481488 0.14995370370370367
1 0.10031828703703702 0.3204224537037037 0.11938657407407405 0.06545138888888893
1 0.7625289351851852 0.5952719907407408 0.21001157407407406 0.15436342592592603
1 0.8282118055555555 0.5300289351851852 0.12986111111111107 0.13773148148148148
1 0.5353587962962962 0.5483449074074074 0.20248842592592595 0.16177083333333328
1 0.31027199074074074 0.49426504629629625 0.18871527777777786 0.12674768518518534
2 0.705295138888889 0.4025520833333333 0.03825231481481488 0.06436342592592599
1 0.6211516203703704 0.3920428240740741 0.08686342592592596 0.07156250000000001
1 0.583912037037037 0.35875 0.05960648148148149 0.051435185185185174
2 0.7927372685185186 0.39645254629629634 0.039583333333333214 0.058194444444444396
2 0.7640335648148149 0.3822858796296297 0.04432870370370381 0.05999999999999996
1 0.7077256944444444 0.34137152777777774 0.0674768518518519 0.05340277777777782
1 0.6736979166666666 0.331394675925926 0.04056712962962976 0.04265046296296297
1 0.9363425925925926 0.34282407407407406 0.059375 0.04518518518518526
1 0.863107638888889 0.3309664351851852 0.0471643518518519 0.05234953703703704
1 0.841724537037037 0.3453819444444444 0.052025462962962975 0.05728009259259252
2 0.41258680555555555 0.42477430555555556 0.06574074074074084 0.09074074074074065
1 0.9077256944444445 0.43667245370370367 0.11203703703703702 0.0775462962962962
1 0.9616319444444444 0.37351851851851847 0.07673611111111107 0.05717592592592595
2 0.7833912037037037 0.3343171296296296 0.022800925925925954 0.026134259259259274
4 0.36160300925925926 0.2951331018518519 0.13767361111111107 0.09603009259259263