1 0.740625 0.475 0.16875 0.09375
1 0.5953125 0.4140625 0.1140625 0.065625
3 0.065625 0.703125 0.0828125 0.153125
3 0.3625 0.571875 0.0546875 0.1296875
1 0.2796875 0.3421875 0.0484375 0.03125
2 0.3140625 0.421875 0.0421875 0.075
1 0.2421875 0.3609375 0.04375 0.05
2 0.7875 0.615625 0.09375 0.15625
2 0.834375 0.5546875 0.0734375 0.1203125
3 0.303125 0.70625 0.0734375 0.14375
1 0.225 0.5859375 0.21875 0.190625
1 0.2078125 0.3421875 0.040625 0.034375
0 0.390625 0.296875 0.06875 0.0359375
1 0.6671875 0.3375 0.059375 0.0203125
1 0.11875 0.4046875 0.0875 0.046875
3 0.084375 0.509375 0.040625 0.0984375
2 0.4625 0.559375 0.0796875 0.13125
4 0.4515625 0.3078125 0.040625 0.028125
3 0.40625 0.6984375 0.0703125 0.165625
1 0.221875 0.3140625 0.04375 0.025
1 0.1859375 0.5328125 0.1578125 0.109375
1 0.31875 0.3796875 0.0734375 0.0515625
4 0.890625 0.3296875 0.21875 0.1625
2 0.55 0.4546875 0.053125 0.103125
2 0.409375 0.4296875 0.05 0.075
2 0.97265625 0.584375 0.0546875 0.140625
2 0.153125 0.365625 0.0203125 0.040625
2 0.1328125 0.3375 0.0171875 0.0359375
2 0.0921875 0.33125 0.0171875 0.034375
2 0.1640625 0.3421875 0.0171875 0.03125
2 0.175 0.3171875 0.015625 0.025
3 0.184375 0.45 0.034375 0.053125
3 0.134375 0.459375 0.0390625 0.040625
3 0.0484375 0.4765625 0.0375 0.0953125
4 0.1734375 0.39375 0.028125 0.0546875
4 0.284375 0.271875 0.08125 0.059375
0 0.1203125 0.2609375 0.0296875 0.021875
1 0.078125 0.30625 0.021875 0.0265625
4 0.096875 0.284375 0.025 0.03125
1 0.1171875 0.2953125 0.0203125 0.0203125
1 0.0703125 0.3921875 0.0703125 0.0453125
3 0.434375 0.4828125 0.0390625 0.1