1 0.225 0.3953125 0.0890625 0.05625
4 0.503125 0.346875 0.1828125 0.1390625
2 0.275 0.378125 0.021875 0.0578125
1 0.1828125 0.525 0.14375 0.090625
1 0.3796875 0.3984375 0.0921875 0.0609375
1 0.2390625 0.6 0.19375 0.1265625
2 0.6703125 0.709375 0.134375 0.14375
1 0.2296875 0.3375 0.0546875 0.053125
1 0.1171875 0.453125 0.1 0.0953125
1 0.35 0.3640625 0.05 0.0390625
2 0.1296875 0.31875 0.0140625 0.0203125
4 0.9140625 0.64375 0.159375 0.2140625
1 0.5171875 0.4390625 0.1203125 0.075
2 0.4125 0.5109375 0.06875 0.1109375
3 0.0421875 0.5078125 0.065625 0.0765625
1 0.6390625 0.3359375 0.046875 0.0234375
4 0.90625 0.40625 0.184375 0.271875
1 0.1171875 0.346875 0.0546875 0.0375
3 0.046875 0.4203125 0.021875 0.0765625
1 0.3125 0.34375 0.040625 0.0375
1 0.146875 0.3125 0.0171875 0.028125
2 0.1609375 0.3203125 0.0140625 0.028125
1 0.06875 0.3765625 0.0609375 0.04375
2 0.5390625 0.615625 0.096875 0.1546875
2 0.275 0.3484375 0.021875 0.03125
2 0.159375 0.365625 0.021875 0.0484375
2 0.8 0.5453125 0.075 0.128125
2 0.2109375 0.35 0.015625 0.0296875
2 0.1875 0.359375 0.015625 0.0453125
2 0.159375 0.321875 0.0125 0.0296875
1 0.1875 0.309375 0.028125 0.01875
2 0.0703125 0.321875 0.0109375 0.0296875
2 0.0828125 0.325 0.0109375 0.03125
1 0.0953125 0.3125 0.01875 0.021875
1 0.115625 0.309375 0.0140625 0.01875
0 0.228125 0.275 0.046875 0.0328125
3 0.0328125 0.384375 0.0125 0.028125
3 0.259375 0.6671875 0.0390625 0.1453125