3 0.24469907407407407 0.6688425925925926 0.09487268518518518 0.14737268518518523
3 0.08973958333333334 0.657650462962963 0.11122685185185185 0.162361111111111
3 0.20024305555555558 0.4160069444444444 0.06846064814814809 0.05857638888888879
3 0.35488425925925926 0.3606076388888889 0.038124999999999964 0.04431712962962964
3 0.24469907407407407 0.6688425925925926 0.09487268518518518 0.14737268518518523
3 0.08973958333333334 0.657650462962963 0.11122685185185185 0.162361111111111
3 0.20024305555555558 0.4160069444444444 0.06846064814814809 0.05857638888888879
2 0.850625 0.5208738425925926 0.07579861111111122 0.1400115740740741
2 0.3576331018518519 0.36828125 0.04238425925925924 0.06637731481481488
1 0.6314351851851852 0.5706944444444444 0.24854166666666658 0.19697916666666657
0 0.19067708333333333 0.29197337962962966 0.09680555555555559 0.09452546296296296
1 0.5425115740740741 0.3972916666666667 0.11482638888888878 0.08157407407407406
0 0.3014409722222222 0.29716435185185186 0.15653935185185192 0.16504629629629627
1 0.4611689814814815 0.4154340277777778 0.13077546296296294 0.08874999999999993
3 0.24469907407407407 0.6688425925925926 0.09487268518518518 0.14737268518518523
3 0.08973958333333334 0.657650462962963 0.11122685185185185 0.162361111111111
1 0.24906250000000002 0.5565219907407407 0.24574074074074073 0.2030439814814816
1 0.6840798611111112 0.49782986111111105 0.21327546296296304 0.17775462962962968
1 0.2114872685185185 0.49684027777777773 0.16545138888888894 0.1266319444444445
1 0.16056712962962966 0.36115162037037035 0.0832523148148148 0.07347222222222224
1 0.9708159722222222 0.5065219907407407 0.058368055555555645 0.12843750000000007
1 0.3738773148148148 0.46997685185185184 0.11758101851851847 0.13469907407407417
1 0.6779166666666667 0.43942129629629634 0.18290509259259266 0.1027430555555556
1 0.13027199074074075 0.24539930555555553 0.026134259259259274 0.023356481481481416
2 0.7904861111111111 0.4492071759259259 0.06957175925925921 0.1100462962962963
4 0.6180960648148148 0.3285532407407407 0.23261574074074076 0.16020833333333329
3 0.07963541666666667 0.43255787037037036 0.06273148148148149 0.12833333333333333
2 0.4057581018518518 0.3442708333333333 0.03195601851851855 0.045509259259259235
0 0.18273726851851851 0.2446412037037037 0.07702546296296298 0.04350694444444443
1 0.3825983796296296 0.3056770833333333 0.052430555555555536 0.049837962962963014
1 0.8528240740740742 0.3365856481481481 0.08368055555555572 0.05168981481481474
1 0.490462962962963 0.2851793981481482 0.03467592592592581 0.03788194444444439
3 0.1403587962962963 0.43993055555555555 0.03777777777777778 0.06766203703703706