1 0.31626157407407407 0.4069849537037037 0.15079861111111104 0.11003472222222221
1 0.7963194444444445 0.7804629629629629 0.3424652777777778 0.25348379629629625
2 0.752181712962963 0.5165567129629629 0.08819444444444428 0.09504629629629627
1 0.22585069444444444 0.5400057870370369 0.23424768518518518 0.19719907407407397
2 0.7903703703703704 0.6100810185185186 0.10724537037037045 0.13594907407407408
1 0.4732696759259259 0.4061863425925926 0.1052662037037038 0.07967592592592591
1 0.18935763888888887 0.4644733796296296 0.1855208333333333 0.15741898148148153
1 0.4386921296296296 0.48379050925925926 0.19023148148148153 0.16061342592592603
1 0.30441550925925925 0.2841666666666667 0.05657407407407407 0.04458333333333329
2 0.9541087962962962 0.67421875 0.07267361111111086 0.10887731481481477
2 0.27109375 0.3203877314814815 0.04730324074074073 0.058506944444444466
1 0.26989583333333333 0.2641261574074074 0.051863425925925986 0.04138888888888888
4 0.546863425925926 0.32291087962962967 0.11936342592592589 0.08457175925925924
2 0.17521412037037037 0.24241319444444445 0.025254629629629655 0.0347453703703704
2 0.5924710648148148 0.5743402777777777 0.11673611111111111 0.1517129629629629
1 0.21587962962962964 0.2484837962962963 0.04717592592592599 0.041319444444444464
3 0.07343171296296297 0.31667824074074075 0.05538194444444444 0.0945601851851852
1 0.3090451388888889 0.2764236111111111 0.05181712962962966 0.03513888888888896
1 0.12958333333333333 0.3042303240740741 0.07392361111111109 0.06671296296296295
2 0.960949074074074 0.6485416666666667 0.058206018518518476 0.05398148148148145
2 0.20733796296296295 0.25538773148148153 0.01892361111111107 0.02371527777777782
1 0.22323495370370372 0.292337962962963 0.06444444444444439 0.05251157407407412
3 0.24737847222222223 0.5989120370370371 0.14660879629629625 0.17715277777777771
3 0.059646990740740743 0.5648842592592592 0.11190972222222222 0.1328935185185184
3 0.05524305555555555 0.39218171296296295 0.08979166666666667 0.09975694444444443
3 0.1947974537037037 0.35519097222222223 0.06789351851851855 0.09630787037037036
3 0.10706597222222222 0.32264467592592594 0.05064814814814813 0.0882407407407408
1 0.1538310185185185 0.20303819444444443 0.031435185185185156 0.025462962962962975
2 0.1617650462962963 0.21956018518518522 0.018981481481481488 0.03152777777777782
4 0.2069675925925926 0.2053877314814815 0.056643518518518565 0.05395833333333329
2 0.5350752314814814 0.4188194444444444 0.050555555555555645 0.0757407407407408
2 0.5292939814814815 0.48200810185185183 0.07578703703703696 0.1073611111111111