1 0.2375 0.6404050925925926 0.21745370370370373 0.17348379629629634
1 0.17253472222222224 0.5634143518518518 0.14703703703703702 0.11519675925925928
1 0.3497800925925926 0.3872569444444444 0.07666666666666666 0.05847222222222222
1 0.5750405092592592 0.4643055555555556 0.1402314814814815 0.09626157407407412
1 0.14979745370370373 0.40713541666666664 0.07501157407407408 0.05530092592592588
0 0.09211226851851853 0.3483449074074074 0.06591435185185186 0.06439814814814815
1 0.5390219907407408 0.5187557870370371 0.17121527777777779 0.14089120370370373
2 0.36877893518518523 0.5113657407407407 0.07984953703703698 0.11320601851851855
2 0.8973553240740741 0.6701215277777777 0.17306712962962933 0.20339120370370373
1 0.5858969907407408 0.4145833333333333 0.0987268518518519 0.06537037037037034
2 0.11572916666666666 0.47493634259259265 0.05658564814814815 0.06568287037037024
1 0.1008912037037037 0.44791087962962967 0.09082175925925928 0.062013888888888855
4 0.8555902777777777 0.31153935185185183 0.24870370370370373 0.1744097222222222
2 0.22411458333333334 0.3796238425925926 0.03576388888888893 0.04789351851851853
1 0.04714699074074074 0.4408449074074074 0.06899305555555556 0.06292824074074073
3 0.6308854166666666 0.7435474537037037 0.10273148148148152 0.095150462962963
2 0.21568287037037037 0.373900462962963 0.03732638888888893 0.047939814814814775
3 0.40126736111111116 0.7343981481481482 0.09855324074074083 0.11219907407407419
3 0.5196932870370371 0.7488541666666666 0.08572916666666668 0.1008912037037037
3 0.08097800925925927 0.7241261574074074 0.08729166666666668 0.10093750000000004
3 0.014869791666666668 0.7338773148148148 0.029739583333333337 0.04619212962962962
3 0.022494212962962966 0.5339467592592593 0.04391203703703704 0.11214120370370359
3 0.04443865740740741 0.5322511574074074 0.04528935185185186 0.10593749999999993
2 0.08523726851851851 0.3692534722222222 0.01820601851851853 0.03488425925925922
2 0.14946180555555555 0.3656828703703704 0.027673611111111107 0.03828703703703704
2 0.2532986111111111 0.3711053240740741 0.026296296296296262 0.044490740740740796
1 0.1732928240740741 0.3530960648148148 0.025925925925925953 0.0319907407407408