1 0.7181018518518518 0.6983912037037037 0.21148148148148138 0.18878472222222237
1 0.8447685185185186 0.4382407407407407 0.04633101851851862 0.03706018518518519
1 0.5362731481481482 0.4958738425925926 0.15167824074074066 0.11817129629629619
1 0.8223032407407407 0.509693287037037 0.09270833333333321 0.07568287037037039
2 0.6774826388888888 0.45806712962962964 0.04697916666666657 0.05893518518518519
2 0.641712962962963 0.4238599537037038 0.032361111111111104 0.0393518518518519
1 0.9013715277777777 0.508900462962963 0.07993055555555557 0.06556712962962977
1 0.7866377314814815 0.630451388888889 0.16753472222222232 0.12690972222222213
1 0.473119212962963 0.43499999999999994 0.10700231481481488 0.08432870370370367
2 0.7353125 0.4873206018518519 0.04697916666666657 0.05893518518518519
1 0.8337789351851853 0.4657638888888888 0.05892361111111129 0.04092592592592581
1 0.8658333333333333 0.5725347222222222 0.12019675925925917 0.10850694444444446
2 0.6181076388888889 0.45454861111111117 0.056493055555555574 0.06417824074074083
0 0.11241319444444445 0.3796469907407407 0.2248263888888889 0.21986111111111112
1 0.6913425925925927 0.4393229166666666 0.061134259259259235 0.06289351851851847
3 0.9582523148148148 0.5701851851851851 0.055532407407407544 0.08439814814814817
3 0.9340393518518517 0.6477951388888888 0.08733796296296319 0.10500000000000007
1 0.7352083333333332 0.4380092592592592 0.046238425925925954 0.03393518518518519
2 0.62234375 0.4172337962962963 0.030567129629629618 0.03144675925925924
2 0.9010821759259258 0.46583912037037034 0.027349537037036954 0.028136574074074085
1 0.19631365740740742 0.47964120370370367 0.171724537037037 0.1630324074074075
2 0.8030555555555555 0.4725520833333333 0.03075231481481495 0.037696759259259235
1 0.7482523148148148 0.4732175925925926 0.058101851851851904 0.06583333333333333
1 0.8937789351851851 0.4481886574074074 0.04950231481481495 0.03880787037037035
4 0.8495775462962964 0.4080034722222223 0.06062500000000028 0.04570601851851848
3 0.6668981481481481 0.5247453703703704 0.06684027777777786 0.0975462962962963
4 0.7646701388888889 0.4209722222222222 0.0637037037037036 0.044328703703703634
1 0.7116608796296295 0.41391782407407407 0.03980324074074062 0.027314814814814882
0 0.11097222222222222 0.269537037037037 0.17299768518518518 0.10071759259259264
1 0.531875 0.7499652777777778 0.24949074074074068 0.20819444444444457
4 0.7434490740740741 0.3711921296296296 0.06876157407407409 0.05710648148148145
0 0.8386921296296297 0.37918402777777777 0.03180555555555529 0.020601851851851816
1 0.9404629629629631 0.4838252314814815 0.030567129629629618 0.03144675925925924