1 0.7248668981481481 0.5455902777777778 0.22740740740740756 0.17583333333333329
1 0.2158854166666667 0.549212962962963 0.2277546296296297 0.19927083333333329
0 0.6756539351851852 0.3900520833333333 0.2038773148148149 0.16819444444444454
1 0.17824652777777777 0.45543402777777775 0.15635416666666666 0.12166666666666667
1 0.475619212962963 0.5096238425925925 0.23046296296296304 0.17133101851851862
1 0.804675925925926 0.4799768518518519 0.19093750000000007 0.13776620370370374
2 0.38782407407407404 0.37666666666666665 0.05584490740740744 0.08136574074074084
1 0.15747106481481482 0.2771354166666667 0.05531250000000001 0.04542824074074074
1 0.19296875 0.304693287037037 0.053749999999999964 0.04533564814814817
4 0.4607118055555556 0.35673611111111114 0.1169675925925926 0.0974768518518518
1 0.20190972222222223 0.28074652777777775 0.03947916666666664 0.03043981481481479
2 0.3286689814814815 0.36534143518518525 0.05097222222222229 0.06858796296296302
2 0.3439641203703704 0.3339930555555556 0.0381712962962963 0.047534722222222214
1 0.5518055555555555 0.37241319444444443 0.08858796296296294 0.07862268518518523
2 0.28945023148148147 0.32551504629629624 0.06834490740740744 0.08210648148148145
2 0.27012731481481483 0.3126099537037037 0.033506944444444464 0.048819444444444395
3 0.061550925925925926 0.37648726851851855 0.03881944444444445 0.09128472222222221
3 0.0802372685185185 0.3269849537037037 0.044490740740740754 0.052592592592592524
2 0.18200231481481483 0.2546064814814815 0.019074074074074066 0.022986111111111106
1 0.21803240740740742 0.24622685185185186 0.028541666666666642 0.02979166666666666
1 0.2187210648148148 0.25243055555555555 0.03332175925925931 0.03631944444444439
2 0.13601273148148146 0.2503067129629629 0.02543981481481481 0.031168981481481416
1 0.9365451388888889 0.37771412037037033 0.10414351851851862 0.07486111111111109
2 0.14763888888888888 0.3612384259259259 0.05726851851851853 0.07208333333333332
1 0.18047453703703703 0.25235532407407407 0.03793981481481481 0.031909722222222214
1 0.1573263888888889 0.23421296296296296 0.0269328703703704 0.026574074074074083
2 0.1846701388888889 0.2325925925925926 0.022129629629629655 0.018483796296296262
2 0.18311921296296296 0.23190393518518518 0.025324074074074065 0.023356481481481416
1 0.14180555555555557 0.3334837962962963 0.10262731481481482 0.07789351851851851
1 0.2665914351851852 0.2878414351851852 0.0584837962962963 0.0487384259259259
2 0.32109953703703703 0.45477430555555554 0.06726851851851849 0.11482638888888896
1 0.8393287037037037 0.35381365740740744 0.05687500000000014 0.04552083333333332
2 0.465005787037037 0.3830208333333333 0.04952546296296312 0.07630787037037035
2 0.49880208333333337 0.42004629629629625 0.05255787037037045 0.0702430555555555
3 0.0506712962962963 0.5839814814814815 0.07144675925925925 0.08072916666666678
3 0.056365740740740744 0.6211111111111112 0.09474537037037037 0.07274305555555553
3 0.44443865740740734 0.7175405092592593 0.0980787037037036 0.08699074074074069
3 0.034375 0.41946759259259264 0.06505787037037036 0.0709837962962963
4 0.2649537037037037 0.2403240740740741 0.06962962962962962 0.06344907407407412
4 0.37138310185185186 0.2746064814814815 0.11556712962962967 0.10832175925925921
1 0.3722974537037037 0.31826388888888885 0.04134259259259263 0.050844907407407366
1 0.20028356481481482 0.23244791666666664 0.014409722222222232 0.024270833333333287
2 0.12058449074074074 0.2379513888888889 0.0159953703703704 0.025925925925925953
2 0.1371412037037037 0.2268229166666667 0.020636574074074064 0.023078703703703775
1 0.10633101851851852 0.3043634259259259 0.0428587962962963 0.047812500000000036