2 0.4359375 0.475 0.0578125 0.0875
1 0.1796875 0.5375 0.1546875 0.10625
1 0.24375 0.6125 0.1921875 0.146875
2 0.3515625 0.4515625 0.05625 0.0828125
2 0.25625 0.3890625 0.0421875 0.0578125
1 0.115625 0.453125 0.1015625 0.09375
2 0.5765625 0.5296875 0.0734375 0.128125
1 0.1546875 0.315625 0.034375 0.025
1 0.6 0.4625 0.159375 0.09375
3 0.0515625 0.4140625 0.025 0.059375
3 0.034375 0.496875 0.053125 0.09375
2 0.3578125 0.3625 0.0265625 0.0375
1 0.259375 0.35 0.053125 0.0234375
1 0.1265625 0.346875 0.05 0.0453125
3 0.271875 0.65625 0.075 0.1546875
1 0.415625 0.3953125 0.0859375 0.0609375
1 0.2984375 0.371875 0.0734375 0.059375
2 0.2046875 0.3578125 0.0171875 0.0421875
4 0.2 0.321875 0.0421875 0.040625
4 0.128125 0.275 0.05 0.0546875
1 0.078125 0.309375 0.028125 0.0359375