0 0.8640625 0.3265625 0.271875 0.1078125
1 0.1828125 0.5390625 0.153125 0.1171875
1 0.2390625 0.6125 0.1859375 0.15
1 0.2328125 0.3515625 0.0546875 0.0484375
1 0.43125 0.4671875 0.1109375 0.0984375
1 0.3296875 0.3578125 0.059375 0.040625
1 0.4515625 0.365625 0.09375 0.0734375
3 0.0515625 0.4140625 0.025 0.06875
2 0.1734375 0.3296875 0.0296875 0.0296875
1 0.2890625 0.3890625 0.0796875 0.053125
2 0.9078125 0.70625 0.184375 0.1421875
2 0.715625 0.496875 0.0625 0.1046875
2 0.375 0.3625 0.0328125 0.046875
4 0.871875 0.421875 0.25625 0.171875
3 0.275 0.6578125 0.109375 0.1515625
1 0.1453125 0.375 0.0703125 0.05
3 0.090625 0.6734375 0.121875 0.1078125
3 0.034375 0.4953125 0.0640625 0.09375
1 0.0578125 0.384375 0.0828125 0.0625
2 0.0953125 0.33125 0.015625 0.034375
2 0.0875 0.30625 0.0109375 0.0265625
2 0.10625 0.3140625 0.0109375 0.028125
2 0.4515625 0.390625 0.0234375 0.053125
2 0.39375 0.3921875 0.0296875 0.05625
2 0.259375 0.3421875 0.015625 0.0359375
4 0.5046875 0.29375 0.1265625 0.0859375
1 0.6 0.3296875 0.0359375 0.021875