1 0.8739699074074074 0.3338888888888889 0.05194444444444457 0.039722222222222214
2 0.8645833333333333 0.34918402777777774 0.029155092592592524 0.051180555555555604
3 0.9777488425925925 0.38722222222222225 0.02880787037037038 0.07454861111111111
1 0.7828240740740741 0.5846006944444444 0.19207175925925918 0.1566319444444444
2 0.10782986111111112 0.3428819444444445 0.03384259259259261 0.05138888888888893
2 0.060619212962962965 0.35359375000000004 0.03672453703703704 0.04684027777777775
1 0.03212962962962963 0.3478125 0.021180555555555557 0.04770833333333328
1 0.2781018518518518 0.33453125 0.051620370370370414 0.033472222222222216
3 0.7734317129629629 0.6601909722222222 0.06252314814814816 0.18361111111111122
3 0.9801157407407407 0.47998263888888887 0.03976851851851855 0.08034722222222221
2 0.38052083333333336 0.49755208333333334 0.06003472222222221 0.10555555555555554
2 0.5336574074074074 0.47586805555555556 0.07574074074074062 0.1078125
2 0.18402777777777776 0.3324479166666666 0.029907407407407403 0.03562499999999993
1 0.9506018518518518 0.34692708333333333 0.05719907407407412 0.050868055555555534
2 0.9450462962962962 0.3001909722222222 0.030069444444444572 0.03874999999999993
1 0.5444502314814815 0.2913715277777778 0.046689814814814844 0.028576388888888894
1 0.38219328703703703 0.40899305555555554 0.12420138888888888 0.08034722222222221
1 0.5989872685185185 0.37664930555555554 0.054479166666666676 0.058541666666666714
1 0.6518518518518519 0.3390625 0.06641203703703695 0.04815972222222218
4 0.5247048611111111 0.4089236111111111 0.12032407407407408 0.0957638888888889
1 0.6642013888888889 0.4262152777777778 0.09861111111111107 0.09791666666666661
1 0.7290219907407407 0.34737847222222223 0.04774305555555554 0.04888888888888889
1 0.7826215277777777 0.3692708333333333 0.07535879629629641 0.0703819444444445
1 0.9158854166666668 0.4173784722222222 0.0968865740740739 0.09472222222222229
1 0.8436574074074074 0.5043749999999999 0.14777777777777779 0.1141319444444445
1 0.13737847222222224 0.5201041666666667 0.22873842592592591 0.17229166666666665