1 0.12591435185185187 0.5501041666666666 0.2357175925925926 0.1916666666666666
1 0.7901909722222222 0.6053645833333333 0.18614583333333332 0.16656250000000003
1 0.7248032407407408 0.4301041666666666 0.09238425925925924 0.06999999999999992
3 0.9222222222222222 0.5083333333333334 0.05677083333333357 0.07385416666666664
1 0.9215914351851853 0.49026041666666664 0.08842592592592595 0.08374999999999985
3 0.8828587962962964 0.7534375 0.09923611111111086 0.14208333333333326
3 0.6938657407407407 0.724375 0.09791666666666661 0.1466666666666665
2 0.4138483796296296 0.54578125 0.10104166666666661 0.146875
1 0.4441608796296297 0.50546875 0.15368055555555565 0.14104166666666665
3 0.9313020833333333 0.6053645833333333 0.07730324074074062 0.10947916666666675
1 0.16567708333333334 0.4484895833333334 0.20222222222222222 0.11624999999999996
2 0.1616087962962963 0.45135416666666667 0.07675925925925924 0.06895833333333332
2 0.07407986111111112 0.4611979166666667 0.050115740740740745 0.065625
1 0.8282465277777777 0.47619791666666667 0.08546296296296277 0.08666666666666671
2 0.8130844907407407 0.4359895833333334 0.045937499999999784 0.04510416666666668
1 0.8499826388888889 0.40473958333333326 0.036400462962962975 0.04135416666666671
2 0.8345312500000001 0.41546874999999994 0.029907407407407403 0.036250000000000074
2 0.808130787037037 0.4105729166666666 0.03820601851851855 0.04614583333333329
1 0.9254513888888889 0.43093750000000003 0.055474537037036954 0.04885416666666664
1 0.9097337962962964 0.41656249999999995 0.04585648148148138 0.04354166666666668
4 0.6050752314814816 0.38057291666666665 0.1522222222222222 0.11291666666666664
1 0.7468981481481481 0.39708333333333334 0.05876157407407412 0.05218749999999996
4 0.8698958333333333 0.36843750000000003 0.06385416666666685 0.06031250000000003
1 0.8184780092592593 0.3924479166666667 0.0377199074074074 0.03677083333333329
1 0.5761631944444444 0.42411458333333335 0.08581018518518527 0.06333333333333328
1 0.44907407407407407 0.4258333333333333 0.10216435185185198 0.07843750000000008
1 0.5365972222222222 0.4614583333333334 0.09359953703703709 0.09343749999999992
2 0.9154224537037038 0.38244791666666667 0.023333333333333428 0.02958333333333334
1 0.2150173611111111 0.34359375000000003 0.052430555555555536 0.05020833333333332
1 0.27270833333333333 0.34979166666666667 0.04849537037037033 0.034375
1 0.40518518518518515 0.35 0.05046296296296297 0.04229166666666666
1 0.4881597222222222 0.35239583333333335 0.03287037037037042 0.033333333333333305
1 0.5596585648148148 0.34932291666666665 0.05097222222222229 0.022083333333333323
1 0.026105324074074076 0.3291666666666667 0.05221064814814815 0.04916666666666671
2 0.4457291666666666 0.35427083333333337 0.024652777777777857 0.025
2 0.3401388888888889 0.34958333333333336 0.03427083333333334 0.030312499999999964
2 0.3052662037037037 0.3417708333333333 0.02333333333333325 0.02958333333333334
4 0.6047337962962963 0.5232291666666666 0.13689814814814802 0.14770833333333327