1 0.2570138888888889 0.46375 0.15374999999999997 0.10180555555555557
0 0.7567534722222222 0.31071180555555555 0.07749999999999986 0.04388888888888891
1 0.40875000000000006 0.4593055555555555 0.129826388888889 0.07940972222222235
2 0.5608159722222222 0.5103645833333333 0.07416666666666671 0.10472222222222224
2 0.46225694444444443 0.47847222222222224 0.06121527777777782 0.08413194444444443
1 0.4998090277777778 0.40661458333333333 0.07138888888888886 0.05
2 0.46196180555555555 0.5972743055555556 0.08121527777777775 0.14079861111111108
1 0.6511631944444444 0.38418402777777777 0.07593749999999985 0.04385416666666666
1 0.05873263888888889 0.38196180555555553 0.10583333333333331 0.053888888888888875
1 0.7608159722222222 0.620329861111111 0.23951388888888908 0.16618055555555564
1 0.39175347222222223 0.3448090277777778 0.08034722222222221 0.031458333333333324
1 0.8018576388888888 0.5321354166666666 0.15989583333333357 0.0972569444444444
2 0.8452777777777778 0.3720833333333333 0.04326388888888886 0.04937500000000004
3 0.9272222222222222 0.694375 0.07868055555555564 0.097013888888889
3 0.9486631944444444 0.5033506944444445 0.065763888888889 0.07798611111111117
2 0.8075347222222222 0.3821875 0.029236111111111285 0.05062499999999996
3 0.9363194444444444 0.4256944444444445 0.037673611111111074 0.07892361111111104
2 0.7730034722222221 0.3884548611111111 0.03559027777777786 0.055451388888888876
2 0.5697569444444445 0.45975694444444437 0.06052083333333336 0.052881944444444426
1 0.5894097222222222 0.41954861111111114 0.11263888888888882 0.07902777777777778
1 0.5733333333333334 0.3691666666666667 0.07104166666666671 0.034375
1 0.7180729166666666 0.36300347222222223 0.044930555555555605 0.0540972222222222
3 0.9053993055555555 0.3398090277777778 0.026145833333333358 0.052118055555555556
2 0.8586458333333333 0.33329861111111114 0.024236111111110858 0.03645833333333339
1 0.8166840277777778 0.32220486111111113 0.047534722222222214 0.030729166666666696
2 0.3106770833333333 0.6165798611111111 0.11295138888888889 0.16336805555555572
3 0.7393402777777778 0.6722222222222223 0.09104166666666665 0.1613194444444444
4 0.5040104166666667 0.32307291666666665 0.06972222222222228 0.04527777777777775
4 0.8741666666666668 0.3031597222222222 0.051006944444444716 0.04642361111111111
1 0.7499305555555555 0.3715277777777778 0.046493055555555426 0.05413194444444445
4 0.8827951388888888 0.2666145833333333 0.049131944444444284 0.032326388888888856