2 0.40898726851851847 0.6416319444444445 0.2395717592592593 0.25579861111111113
3 0.7041319444444444 0.6699479166666666 0.14475694444444437 0.1797569444444445
3 0.8987268518518519 0.7183680555555555 0.1426388888888887 0.1421875
3 0.9602893518518518 0.5529166666666667 0.07942129629629627 0.10368055555555564
1 0.7402141203703704 0.6253472222222222 0.24675925925925934 0.21395833333333342
3 0.6950173611111111 0.5296354166666667 0.07813657407407408 0.10965277777777764
3 0.8112673611111111 0.5666840277777778 0.19781249999999986 0.1774305555555557
3 0.952962962962963 0.47439236111111105 0.06386574074074076 0.09496527777777786
1 0.44706018518518514 0.4147916666666667 0.14704861111111106 0.12364583333333332
1 0.15903356481481482 0.5503298611111112 0.3060300925925926 0.3149652777777778
1 0.10842013888888888 0.4056076388888889 0.20711805555555554 0.17315972222222217
1 0.5880844907407408 0.3827256944444445 0.11244212962962977 0.10649305555555558
1 0.4455729166666667 0.3671701388888889 0.10269675925925928 0.08107638888888893
1 0.8418402777777777 0.46682291666666664 0.1201620370370371 0.10059027777777771
2 0.6923032407407408 0.3992013888888889 0.05577546296296294 0.07586805555555554
2 0.7287094907407408 0.37647569444444445 0.036701388888888783 0.05315972222222225
1 0.7854918981481481 0.4099131944444444 0.08119212962962959 0.10510416666666664
1 0.9531539351851851 0.4345138888888889 0.0903356481481481 0.08989583333333329
1 0.8249652777777777 0.3831423611111111 0.06967592592592595 0.0655555555555555
1 0.7761111111111111 0.3571701388888889 0.058668981481481454 0.060381944444444446
2 0.9427372685185185 0.36461805555555554 0.03026620370370381 0.04038194444444443
1 0.9137615740740742 0.3612152777777778 0.04449074074074062 0.05194444444444448
1 0.8777546296296297 0.35812499999999997 0.049085648148147955 0.045902777777777716
1 0.834554398148148 0.3444097222222222 0.03803240740740747 0.03760416666666666
1 0.8016608796296296 0.34039930555555553 0.050578703703703806 0.041284722222222216
1 0.8064641203703704 0.3480034722222222 0.06006944444444429 0.04951388888888886
1 0.971232638888889 0.38836805555555554 0.05533564814814795 0.04618055555555554
2 0.961394675925926 0.3575347222222222 0.025486111111111143 0.033923611111111106
2 0.9470081018518519 0.3362847222222222 0.02068287037037031 0.025902777777777785
1 0.9211226851851851 0.3303993055555555 0.03793981481481481 0.03135416666666666
1 0.23483217592592592 0.2842881944444445 0.1023726851851852 0.05920138888888893
4 0.6015393518518518 0.28831597222222227 0.08208333333333329 0.05986111111111114
2 0.4491377314814815 0.29118055555555555 0.04267361111111114 0.03468749999999998
1 0.5376041666666667 0.29975694444444445 0.06466435185185179 0.043472222222222176
2 0.5297916666666667 0.30010416666666667 0.031643518518518474 0.02795138888888893
1 0.06005787037037037 0.25453125 0.04488425925925925 0.0785069444444444
4 0.8401215277777776 0.29803819444444446 0.045937500000000145 0.044201388888888894
1 0.7800810185185185 0.30852430555555554 0.023761574074073977 0.022916666666666696
2 0.7628587962962963 0.30694444444444446 0.02075231481481481 0.030590277777777786
1 0.6854108796296297 0.30335069444444446 0.02530092592592581 0.02142361111111111
4 0.9081597222222222 0.2997048611111111 0.04118055555555529 0.03930555555555557
1 0.8746469907407407 0.30666666666666664 0.028472222222222142 0.024687499999999928