1 0.240625 0.6078125 0.2 0.1484375
1 0.178125 0.528125 0.1484375 0.1
1 0.315625 0.425 0.0828125 0.08125
1 0.5921875 0.4390625 0.1359375 0.08125
0 0.82421875 0.48828125 0.3515625 0.3546875
2 0.18125 0.3625 0.0359375 0.046875
1 0.1296875 0.409375 0.071875 0.0671875
3 0.0390625 0.5046875 0.0671875 0.071875
1 0.415625 0.3796875 0.0859375 0.0546875
1 0.13125 0.3109375 0.040625 0.025
1 0.09375 0.3 0.028125 0.0328125
3 0.04375 0.4171875 0.01875 0.075
3 0.071875 0.421875 0.034375 0.078125
3 0.109375 0.4234375 0.040625 0.090625
2 0.1484375 0.3234375 0.01875 0.0359375
2 0.515625 0.4609375 0.0546875 0.084375
4 0.1703125 0.2625 0.04375 0.0421875
4 0.3140625 0.29375 0.0796875 0.03125