1 0.2296875 0.409375 0.08125 0.0703125
1 0.2390625 0.609375 0.190625 0.1453125
1 0.828125 0.51875 0.2 0.128125
4 0.5125 0.3265625 0.21875 0.1484375
1 0.125 0.4109375 0.078125 0.05625
1 0.18125 0.525 0.146875 0.09375
2 0.4234375 0.4359375 0.0359375 0.075
1 0.5421875 0.63125 0.1765625 0.1984375
3 0.059375 0.4046875 0.0359375 0.04375
1 0.8953125 0.3609375 0.0953125 0.05
2 0.3703125 0.4265625 0.03125 0.0703125
1 0.284375 0.353125 0.040625 0.034375
1 0.5609375 0.4953125 0.1703125 0.1203125
1 0.221875 0.3578125 0.06875 0.0484375
2 0.3140625 0.4140625 0.034375 0.0671875
1 0.178125 0.3515625 0.034375 0.053125
1 0.3296875 0.3765625 0.075 0.0359375
1 0.8328125 0.4390625 0.1125 0.028125
1 0.9421875 0.359375 0.0546875 0.0453125
3 0.08125 0.6890625 0.0828125 0.071875
3 0.0671875 0.646875 0.0546875 0.0375
3 0.4046875 0.753125 0.0625 0.05625
3 0.0390625 0.503125 0.053125 0.06875
3 0.0515625 0.4515625 0.0234375 0.0828125
1 0.084375 0.3765625 0.0484375 0.028125
0 0.159375 0.3015625 0.084375 0.05625
2 0.340625 0.4359375 0.03125 0.078125
2 0.4765625 0.4296875 0.028125 0.0765625
1 0.415625 0.3984375 0.08125 0.0609375
2 0.3140625 0.3515625 0.015625 0.015625
2 0.334375 0.346875 0.0109375 0.0203125
2 0.3484375 0.3421875 0.015625 0.028125
2 0.3375 0.3328125 0.0109375 0.009375
1 0.2828125 0.325 0.0453125 0.0171875
2 0.275 0.328125 0.0125 0.0109375
2 0.2984375 0.3296875 0.0125 0.0078125
1 0.2296875 0.3203125 0.05 0.01875
2 0.090625 0.3140625 0.0328125 0.028125
2 0.1109375 0.2984375 0.0078125 0.021875
1 0.0734375 0.2875 0.015625 0.0140625
1 0.1109375 0.2875 0.0171875 0.0203125
4 0.2328125 0.284375 0.0328125 0.01875
1 0.9734375 0.7109375 0.0515625 0.1421875