0 0.2646354166666667 0.4380208333333333 0.23843750000000002 0.18819444444444447
1 0.21828124999999998 0.6631944444444444 0.23083333333333336 0.19097222222222215
1 0.8675 0.5157465277777777 0.21208333333333335 0.16677083333333337
1 0.14968750000000003 0.5872743055555556 0.16854166666666667 0.12121527777777778
1 0.5405729166666667 0.4009201388888889 0.10822916666666664 0.08114583333333325
1 0.6071354166666667 0.44854166666666667 0.13125 0.09930555555555554
1 0.4992708333333333 0.4915451388888889 0.17562500000000014 0.1339930555555556
4 0.14640625 0.36616319444444445 0.05125000000000002 0.044340277777777715
1 0.06171875 0.3671006944444445 0.03510416666666667 0.03583333333333325
1 0.7094270833333334 0.5596527777777778 0.1864583333333334 0.17965277777777794
3 0.024817708333333334 0.5864583333333334 0.04963541666666667 0.08315972222222215
2 0.14442708333333334 0.41935763888888894 0.035520833333333356 0.04208333333333343
2 0.10901041666666667 0.3864409722222222 0.017604166666666688 0.030381944444444465
1 0.7745833333333334 0.45206597222222217 0.17468749999999994 0.09656249999999993
1 0.08791666666666667 0.3972569444444445 0.04166666666666665 0.04079861111111107
1 0.08302083333333335 0.48244791666666664 0.10239583333333332 0.08711805555555543
1 0.03713541666666667 0.4067534722222222 0.04656250000000001 0.04413194444444457
1 0.8847395833333334 0.3276736111111111 0.13916666666666658 0.07784722222222218
2 0.43864583333333335 0.4253819444444445 0.03895833333333343 0.07027777777777774
2 0.47890625 0.43265624999999996 0.059791666666666646 0.055624999999999855
4 0.7048958333333333 0.3337847222222222 0.09708333333333333 0.054166666666666606
3 0.0109375 0.47887152777777775 0.021875 0.04222222222222225
1 0.48234374999999996 0.6396701388888889 0.1772916666666667 0.2057291666666668
2 0.9493229166666666 0.5577777777777777 0.04052083333333343 0.11708333333333343
2 0.39171875 0.5416145833333333 0.08093750000000002 0.115763888888889
2 0.5668229166666666 0.5830902777777778 0.0734375 0.1201041666666665
2 0.3969270833333333 0.46348958333333334 0.05322916666666666 0.07402777777777772
1 0.36734374999999997 0.44885416666666667 0.0546875 0.07253472222222221
3 0.09291666666666668 0.4985590277777778 0.03760416666666666 0.07333333333333343
3 0.019192708333333332 0.5304861111111111 0.038385416666666665 0.07659722222222225
1 0.03625 0.46704861111111107 0.042499999999999996 0.053298611111111074
1 0.12572916666666667 0.4059895833333334 0.030624999999999993 0.03874999999999993
2 0.027968750000000004 0.3797048611111111 0.0165625 0.014756944444444465
2 0.12583333333333332 0.38092013888888887 0.01489583333333333 0.013124999999999965
2 0.15947916666666667 0.3816319444444444 0.018333333333333358 0.017951388888888874
1 0.17786458333333335 0.3761805555555556 0.033958333333333354 0.01864583333333334
1 0.3525520833333333 0.4003993055555556 0.03260416666666668 0.045069444444444426
2 0.90703125 0.33414930555555555 0.0341666666666665 0.04513888888888893
2 0.8452083333333335 0.33296875 0.03958333333333357 0.032916666666666664
4 0.42312500000000003 0.34085069444444444 0.04104166666666664 0.03142361111111107
3 0.06625 0.7457638888888889 0.07739583333333333 0.0860069444444445