1 0.27262152777777776 0.6265972222222222 0.23229166666666662 0.16906250000000006
1 0.2088541666666667 0.5466840277777777 0.16069444444444442 0.10347222222222215
0 0.5073263888888888 0.43526041666666665 0.34982638888888895 0.31996527777777783
1 0.9387152777777779 0.5153125 0.12256944444444429 0.1219444444444445
0 0.24956597222222224 0.389375 0.1733680555555555 0.1427777777777778
2 0.7434201388888889 0.4863194444444444 0.07388888888888889 0.11715277777777793
2 0.8086111111111111 0.5278819444444445 0.078125 0.14222222222222225
0 0.9324652777777779 0.3560069444444444 0.1350694444444443 0.2250694444444445
4 0.6876041666666667 0.37416666666666665 0.08843750000000003 0.05815972222222223
2 0.9586631944444445 0.5617534722222223 0.082673611111111 0.1773263888888888
1 0.1279340277777778 0.3271701388888889 0.03704861111111111 0.025798611111111126
0 0.2246354166666667 0.3211111111111111 0.10690972222222221 0.052326388888888874
1 0.8221527777777776 0.3047048611111111 0.06913194444444457 0.0452430555555555
3 0.09074652777777778 0.4406076388888889 0.06180555555555556 0.05600694444444443
2 0.8858680555555555 0.6473784722222222 0.09256944444444457 0.11600694444444457
1 0.8086458333333333 0.7046180555555555 0.2572916666666668 0.09937499999999985
2 0.8662152777777777 0.4163368055555555 0.055798611111111285 0.09645833333333335
2 0.8192361111111112 0.3094618055555555 0.024409722222222284 0.022395833333333393
3 0.07638888888888888 0.5222569444444444 0.041875000000000016 0.09927083333333328
3 0.10477430555555556 0.5098958333333334 0.030868055555555562 0.09746527777777772
3 0.13286458333333334 0.5084895833333333 0.027222222222222214 0.050555555555555645
3 0.17411458333333335 0.4864583333333334 0.03930555555555557 0.041458333333333285
2 0.13697916666666668 0.3723263888888889 0.023819444444444438 0.04423611111111114
1 0.08166666666666667 0.32428819444444446 0.025902777777777785 0.020868055555555553
0 0.07887152777777777 0.3845659722222222 0.028298611111111115 0.0396527777777778
3 0.20289930555555555 0.4654861111111111 0.02986111111111107 0.039687499999999966
3 0.28770833333333334 0.7021180555555555 0.06496527777777779 0.09197916666666668
3 0.12847222222222224 0.7087847222222222 0.0634722222222222 0.09350694444444443
1 0.7000347222222223 0.4427083333333333 0.06354166666666679 0.09506944444444443
1 0.6738368055555556 0.4690972222222222 0.04881944444444457 0.11503472222222229