1 0.544241898148148 0.45541087962962956 0.11284722222222214 0.12285879629629619
4 0.5695891203703705 0.3370891203703704 0.1087962962962962 0.0914467592592592
1 0.4412905092592593 0.4022453703703704 0.11733796296296291 0.06380787037037035
0 0.860625 0.2291724537037037 0.0831018518518519 0.06671296296296295
1 0.29811342592592593 0.5219965277777778 0.1617476851851852 0.1409953703703703
2 0.19572916666666668 0.50234375 0.07777777777777777 0.09763888888888897
1 0.07426215277777778 0.6378530092592593 0.14852430555555557 0.19123842592592588
3 0.8369502314814815 0.3700289351851852 0.05047453703703688 0.07126157407407403
2 0.3676446759259259 0.6236979166666667 0.10821759259259256 0.17722222222222223
2 0.31125578703703705 0.42068865740740746 0.05336805555555557 0.0636111111111111
1 0.8013368055555556 0.46626157407407404 0.15447916666666686 0.10629629629629633
1 0.6181712962962963 0.4086747685185186 0.12607638888888886 0.0954629629629629
1 0.03371527777777778 0.391724537037037 0.06743055555555556 0.06967592592592595
2 0.40145833333333336 0.4565740740740741 0.05732638888888886 0.09189814814814809
1 0.7565798611111111 0.5551678240740741 0.23895833333333344 0.16684027777777785
1 0.7837037037037037 0.2979050925925926 0.07785879629629626 0.04771990740740737
2 0.7843402777777777 0.3290740740740741 0.034479166666666575 0.05795138888888891
2 0.4561516203703704 0.42721643518518515 0.03981481481481488 0.08006944444444439
3 0.945138888888889 0.43072337962962964 0.06600694444444458 0.06894675925925924
1 0.873599537037037 0.265162037037037 0.04628472222222228 0.03516203703703704
1 0.7172106481481482 0.2779513888888889 0.05064814814814813 0.024467592592592614
1 0.762181712962963 0.2607986111111111 0.044351851851851795 0.02258101851851855
1 0.6808275462962963 0.3211805555555555 0.07445601851851862 0.03818287037037038
1 0.04452546296296296 0.5231076388888889 0.08905092592592592 0.10690972222222221
1 0.4529050925925926 0.3525 0.07473379629629626 0.04755787037037038
1 0.7116666666666667 0.30710069444444443 0.054282407407407265 0.04181712962962969
2 0.6549131944444444 0.3006828703703704 0.0241782407407408 0.026215277777777768
3 0.9342361111111112 0.3774652777777777 0.038576388888888855 0.0909259259259259
3 0.9312615740740741 0.3198958333333334 0.038564814814814954 0.03788194444444439
2 0.8587268518518518 0.2932349537037037 0.026435185185185263 0.04973379629629626
1 0.8096759259259259 0.26379629629629625 0.04472222222222229 0.035081018518518546
2 0.8080671296296297 0.2654398148148148 0.013055555555555643 0.01939814814814813
2 0.6308969907407407 0.32142939814814814 0.02146990740740744 0.04011574074074069
2 0.5260416666666667 0.3588483796296297 0.02809027777777775 0.05293981481481484
2 0.5377777777777778 0.3839814814814814 0.02758101851851862 0.03575231481481485
2 0.3656712962962963 0.40070601851851856 0.04721064814814815 0.06641203703703695
2 0.23567708333333334 0.44410879629629624 0.0419675925925926 0.04741898148148138
1 0.33434606481481477 0.32588541666666665 0.042881944444444466 0.025624999999999964
0 0.4603645833333333 0.2850289351851852 0.08291666666666657 0.06046296296296294
1 0.5401909722222221 0.27620949074074075 0.01930555555555564 0.019722222222222287