1 0.271875 0.3515625 0.0546875 0.04375
0 0.9046875 0.5578125 0.190625 0.4453125
2 0.275 0.4078125 0.028125 0.0625
2 0.3171875 0.39375 0.03125 0.06875
1 0.353125 0.38125 0.0609375 0.053125
1 0.2375 0.6140625 0.196875 0.14375
1 0.18125 0.525 0.1421875 0.09375
4 0.2078125 0.3546875 0.090625 0.090625
2 0.221875 0.4 0.03125 0.0640625
1 0.5984375 0.4234375 0.125 0.078125
4 0.1703125 0.284375 0.0578125 0.0453125
1 0.15 0.3265625 0.0296875 0.0375
1 0.475 0.3859375 0.075 0.0515625
1 0.1171875 0.3234375 0.0390625 0.0296875
3 0.1421875 0.4328125 0.046875 0.0953125
3 0.0359375 0.503125 0.06875 0.0734375
2 0.4296875 0.3921875 0.021875 0.065625
2 0.275 0.365625 0.0171875 0.0296875
2 0.3078125 0.3578125 0.01875 0.0359375
4 0.38125 0.353125 0.059375 0.04375
4 0.30625 0.3109375 0.096875 0.065625
3 0.05 0.4546875 0.021875 0.084375
3 0.0734375 0.421875 0.0171875 0.075
3 0.053125 0.3921875 0.0203125 0.0296875
3 0.08125 0.6890625 0.0609375 0.0859375