1 0.1828125 0.51875 0.1453125 0.08125
1 0.2265625 0.340625 0.0609375 0.0359375
1 0.1234375 0.4078125 0.078125 0.0609375
1 0.240625 0.609375 0.20625 0.1484375
0 0.8765625 0.43125 0.240625 0.284375
1 0.45 0.46875 0.1078125 0.1078125
0 0.9296875 0.715625 0.1359375 0.13125
4 0.440625 0.3046875 0.0875 0.05
1 0.565625 0.4359375 0.1171875 0.1078125
1 0.3625 0.35625 0.0546875 0.034375
2 0.3875 0.3859375 0.0375 0.053125
1 0.1984375 0.3171875 0.034375 0.0234375
1 0.21875 0.4234375 0.0984375 0.071875
2 0.153125 0.325 0.01875 0.034375
4 0.103125 0.2734375 0.0484375 0.04375
1 0.171875 0.3046875 0.03125 0.0171875
3 0.0453125 0.4875 0.0328125 0.0953125
2 0.5734375 0.571875 0.084375 0.1390625
1 0.1703125 0.3234375 0.0328125 0.0234375
3 0.365625 0.615625 0.0578125 0.153125
3 0.084375 0.6796875 0.0703125 0.0921875
3 0.090625 0.5609375 0.05 0.1421875
3 0.075 0.453125 0.025 0.0671875
3 0.0515625 0.4 0.034375 0.0390625
4 0.303125 0.3546875 0.1046875 0.1359375
2 0.4609375 0.384375 0.071875 0.053125
2 0.1046875 0.334375 0.0109375 0.0328125
2 0.1203125 0.31875 0.0109375 0.0234375
1 0.121875 0.303125 0.028125 0.0171875
2 0.546875 0.3203125 0.04375 0.0234375
2 0.70625 0.34375 0.015625 0.028125
2 0.9609375 0.653125 0.0734375 0.0640625