1 0.5489699074074074 0.6481828703703704 0.23018518518518521 0.11333333333333329
3 0.7583333333333334 0.6209780092592593 0.12609953703703702 0.17881944444444448
3 0.9387673611111111 0.4607465277777777 0.06447916666666664 0.10195601851851847
3 0.9456770833333333 0.35752893518518525 0.045590277777778 0.06812500000000003
3 0.923113425925926 0.3721064814814815 0.04704861111111143 0.09625000000000003
1 0.7889930555555555 0.4953240740740741 0.17342592592592593 0.13021990740740746
1 0.7202488425925926 0.5593692129629629 0.1924768518518519 0.16717592592592592
2 0.6186400462962963 0.40105324074074067 0.06768518518518522 0.10370370370370381
2 0.6181076388888889 0.3512384259259259 0.05275462962962969 0.05608796296296301
2 0.31072916666666667 0.45123263888888887 0.06849537037037035 0.11932870370370363
2 0.2737442129629629 0.42850115740740746 0.08034722222222221 0.10756944444444443
2 0.8310416666666667 0.31525462962962963 0.04009259259259253 0.05222222222222221
2 0.9248495370370371 0.2785416666666667 0.021770833333333427 0.029328703703703683
1 0.9034201388888888 0.27124421296296297 0.04108796296296298 0.04137731481481488
2 0.8778935185185185 0.2828819444444444 0.02373842592592581 0.037233796296296265
2 0.8626331018518518 0.2767766203703704 0.014120370370370238 0.0319907407407408
2 0.8529745370370371 0.28280092592592593 0.018888888888889 0.03383101851851844
2 0.836111111111111 0.2775694444444444 0.024062500000000143 0.043483796296296263
1 0.8117939814814814 0.31094328703703705 0.022905092592592526 0.05120370370370368
2 0.8156770833333333 0.2811168981481481 0.022094907407407403 0.03557870370370377
1 0.8550520833333334 0.2577546296296297 0.023171296296296263 0.026296296296296262
1 0.6633680555555556 0.3345370370370371 0.04337962962962969 0.05553240740740737
0 0.7325347222222222 0.3374479166666667 0.15653935185185192 0.16504629629629627
4 0.7628645833333334 0.2632175925925926 0.09222222222222207 0.0662152777777778
1 0.5163020833333334 0.36194444444444446 0.07495370370370366 0.06363425925925928
1 0.4452430555555555 0.4105497685185185 0.12196759259259267 0.09913194444444447
1 0.36359375 0.3780034722222222 0.09427083333333339 0.07568287037037039
1 0.3867361111111111 0.4724305555555556 0.12094907407407404 0.1395717592592593
1 0.5430150462962964 0.3424479166666667 0.05940972222222207 0.06427083333333332
4 0.4367881944444445 0.2731944444444444 0.20435185185185176 0.1258217592592592
1 0.2866087962962963 0.31558449074074074 0.06476851851851854 0.04745370370370372
1 0.09369212962962963 0.3410358796296296 0.08739583333333334 0.03321759259259256
1 0.008090277777777776 0.33174768518518516 0.016180555555555552 0.08594907407407408
1 0.8693634259259259 0.417349537037037 0.11340277777777778 0.114201388888889