1 0.2650636574074074 0.3635821759259259 0.07018518518518517 0.061296296296296224
1 0.7064178240740742 0.5056770833333333 0.1562615740740739 0.09848379629629633
1 0.2579398148148148 0.5868287037037037 0.21483796296296295 0.17631944444444442
1 0.2075925925925926 0.5024074074074074 0.17466435185185186 0.12281249999999985
0 0.48641203703703706 0.47011574074074075 0.297662037037037 0.27099537037037036
1 0.14744791666666668 0.37929976851851854 0.09567129629629631 0.07196759259259258
1 0.9675694444444446 0.5799710648148149 0.06486111111111086 0.07188657407407409
2 0.26177083333333334 0.31510416666666663 0.029664351851851834 0.031145833333333338
3 0.06436342592592594 0.45991898148148147 0.08217592592592593 0.08217592592592596
1 0.9473784722222222 0.6233275462962963 0.10524305555555565 0.15343750000000006
1 0.21815393518518517 0.3003761574074074 0.035995370370370414 0.033032407407407406
2 0.736574074074074 0.5913888888888889 0.0766319444444445 0.1255208333333334
2 0.9412615740740741 0.7153645833333334 0.1174768518518519 0.1782754629629629
2 0.2678240740740741 0.4618981481481482 0.06728009259259257 0.09542824074074083
2 0.5477025462962963 0.7054803240740741 0.09646990740740727 0.20758101851851835
1 0.7528761574074074 0.4099131944444444 0.056388888888889 0.035648148148148096
4 0.2517418981481481 0.25692708333333336 0.04906249999999997 0.044618055555555536
4 0.17318287037037036 0.22947916666666668 0.048657407407407406 0.036805555555555536