1 0.128125 0.36875 0.0578125 0.0546875
1 0.2328125 0.60625 0.1734375 0.14375
0 0.665625 0.3265625 0.1328125 0.0640625
0 0.6890625 0.51875 0.55625 0.315625
1 0.1859375 0.5328125 0.1453125 0.09375
3 0.053125 0.4125 0.0375 0.059375
1 0.1171875 0.453125 0.1 0.090625
4 0.19375 0.33125 0.0703125 0.0625
2 0.1296875 0.3234375 0.015625 0.028125
3 0.040625 0.50625 0.0640625 0.0765625
3 0.353125 0.596875 0.0515625 0.0703125
3 0.425 0.575 0.0453125 0.109375
3 0.1296875 0.3875 0.021875 0.0328125
3 0.0390625 0.3921875 0.0125 0.0203125
2 0.1796875 0.3734375 0.021875 0.0515625
2 0.14375 0.3265625 0.0125 0.028125
2 0.15625 0.3359375 0.0140625 0.034375
2 0.1609375 0.3125 0.009375 0.021875
1 0.228125 0.3375 0.0125 0.0328125
1 0.13125 0.2953125 0.0234375 0.01875
1 0.075 0.296875 0.021875 0.0171875
1 0.0671875 0.3671875 0.034375 0.0359375
1 0.565625 0.321875 0.034375 0.025