1 0.3548958333333333 0.3881076388888889 0.07944444444444443 0.061689814814814795
1 0.28619791666666666 0.3485474537037037 0.07288194444444444 0.04744212962962964
4 0.698576388888889 0.40141782407407406 0.33013888888888887 0.24087962962962967
1 0.11510416666666665 0.4138368055555556 0.1146527777777778 0.10020833333333332
1 0.17269097222222224 0.4960648148148149 0.15527777777777776 0.10141203703703709
1 0.1800173611111111 0.34227430555555555 0.08076388888888886 0.05079861111111104
2 0.4265798611111111 0.4340104166666666 0.06097222222222225 0.07363425925925923
2 0.3188888888888889 0.4605266203703703 0.056631944444444395 0.08912037037037024
3 0.23493055555555556 0.6503530092592593 0.08246527777777776 0.1273611111111112
4 0.39678819444444446 0.3322800925925926 0.14149305555555552 0.11349537037037045
1 0.2143923611111111 0.5895486111111111 0.2302777777777778 0.17390046296296297
2 0.4133333333333333 0.5727719907407407 0.092048611111111 0.13701388888888885
2 0.25277777777777777 0.4100983796296297 0.06104166666666666 0.07675925925925924
1 0.19664930555555554 0.2974247685185185 0.06048611111111111 0.05175925925925924
1 0.9570659722222222 0.4489467592592592 0.06864583333333343 0.06761574074074073
1 0.25196180555555553 0.306099537037037 0.041458333333333285 0.038703703703703775
3 0.030486111111111113 0.4558680555555556 0.060972222222222226 0.07055555555555557
4 0.546701388888889 0.5165277777777778 0.162638888888889 0.15159722222222224
3 0.049618055555555554 0.370462962962963 0.03899305555555556 0.0682986111111111
1 0.06994791666666667 0.33510416666666665 0.07614583333333332 0.05378472222222221
2 0.5765277777777778 0.5815162037037037 0.07815972222222226 0.1444097222222222
2 0.6588368055555556 0.6418055555555555 0.09430555555555564 0.1683101851851852
1 0.2906770833333333 0.32288194444444446 0.034930555555555555 0.02601851851851853
0 0.28571180555555553 0.26488425925925924 0.0682291666666667 0.048865740740740723
2 0.12362847222222222 0.2764988425925926 0.019409722222222214 0.030243055555555554
2 0.13925347222222223 0.27696180555555555 0.014722222222222215 0.030104166666666644
1 0.15736111111111112 0.27124421296296297 0.027152777777777803 0.02734953703703704
1 0.10684027777777778 0.2932002314814815 0.04298611111111113 0.03718750000000002
2 0.1283159722222222 0.3118171296296296 0.01958333333333333 0.03805555555555555
2 0.14956597222222223 0.30541087962962965 0.016493055555555535 0.03952546296296298
2 0.13432291666666668 0.25258101851851855 0.009756944444444438 0.017465277777777823
2 0.22378472222222223 0.3076099537037037 0.014791666666666713 0.03322916666666664