4 0.6515625 0.3703125 0.2640625 0.175
1 0.3296875 0.471875 0.1 0.109375
1 0.1203125 0.4515625 0.1015625 0.090625
2 0.6046875 0.5140625 0.06875 0.1265625
2 0.4375 0.5890625 0.0640625 0.15
1 0.7953125 0.58125 0.20625 0.11875
1 0.1890625 0.5234375 0.16875 0.084375
1 0.2375 0.6109375 0.2046875 0.15
2 0.10625 0.3453125 0.0296875 0.05
2 0.85 0.6671875 0.1125 0.1578125
3 0.0484375 0.4109375 0.034375 0.0625
1 0.38125 0.3578125 0.0859375 0.0515625
1 0.4046875 0.4015625 0.1 0.040625
2 0.1765625 0.3640625 0.03125 0.046875
3 0.040625 0.509375 0.0609375 0.059375
4 0.2625 0.3296875 0.109375 0.090625
3 0.1640625 0.6671875 0.071875 0.128125
1 0.4328125 0.4640625 0.1203125 0.0796875
1 0.8546875 0.3546875 0.071875 0.0328125
2 0.6953125 0.640625 0.0734375 0.15625
2 0.1484375 0.3609375 0.0265625 0.05
2 0.2703125 0.3765625 0.0203125 0.0515625
2 0.3125 0.378125 0.021875 0.0546875
2 0.13125 0.321875 0.0140625 0.0296875
2 0.159375 0.3515625 0.01875 0.0453125
2 0.16875 0.325 0.015625 0.0265625
2 0.1078125 0.2984375 0.0109375 0.0203125
2 0.1234375 0.2921875 0.021875 0.025
2 0.06875 0.3109375 0.0109375 0.0234375
1 0.071875 0.296875 0.0203125 0.0171875
2 0.09375 0.2859375 0.009375 0.01875
1 0.0765625 0.378125 0.05 0.0453125
1 0.97890625 0.36328125 0.0421875 0.0484375
2 0.4890625 0.44375 0.025 0.06875
4 0.4375 0.30625 0.0515625 0.04375
2 0.9171875 0.3546875 0.034375 0.0390625