3 0.10320601851851852 0.7542824074074075 0.12127314814814816 0.13592592592592573
1 0.8072569444444445 0.49402777777777784 0.17898148148148146 0.124861111111111
1 0.4639756944444445 0.434056712962963 0.09266203703703706 0.06884259259259248
3 0.2538368055555556 0.7417881944444444 0.0916666666666666 0.14532407407407408
1 0.19387152777777777 0.55359375 0.1648148148148148 0.11006944444444447
1 0.5875115740740741 0.5591666666666667 0.16505787037037045 0.14288194444444446
1 0.42750000000000005 0.4649652777777778 0.11932870370370381 0.08428240740740733
1 0.07622685185185185 0.38037037037037036 0.06284722222222223 0.050115740740740655
0 0.4022453703703704 0.3238657407407407 0.08781249999999989 0.04672453703703709
1 0.6471412037037038 0.7020486111111112 0.22495370370370366 0.21627314814814796
1 0.2850462962962963 0.4216550925925926 0.08165509259259256 0.05890046296296294
3 0.039733796296296295 0.514363425925926 0.07275462962962963 0.12247685185185198
1 0.2465162037037037 0.3860763888888889 0.07218750000000007 0.045914351851851797
0 0.1727372685185185 0.3361747685185185 0.08810185185185185 0.08578703703703709
1 0.24526620370370372 0.6390393518518518 0.21375000000000002 0.1797685185185184
1 0.6723900462962963 0.526082175925926 0.1618287037037037 0.12865740740740747
0 0.08372106481481481 0.33780671296296294 0.06297453703703704 0.06730324074074065
1 0.8149421296296296 0.37181712962962965 0.06434027777777765 0.04082175925925924
1 0.5490335648148148 0.4251909722222223 0.08958333333333321 0.0749305555555555
3 0.12184606481481482 0.5295543981481481 0.06312500000000001 0.08761574074074083
4 0.3024131944444444 0.34133680555555557 0.1131018518518518 0.08708333333333336
2 0.3903414351851852 0.5091145833333334 0.05378472222222221 0.09181712962962969
2 0.2964409722222222 0.4839409722222222 0.049120370370370384 0.09469907407407412
2 0.5936805555555555 0.44312500000000005 0.05062500000000014 0.08696759259259253
2 0.8379976851851852 0.5323263888888888 0.07119212962962962 0.12239583333333322
3 0.12511574074074075 0.6546759259259259 0.07609953703703702 0.15232638888888878
1 0.12432291666666666 0.4422164351851851 0.08018518518518518 0.07131944444444435
1 0.20627314814814818 0.43553240740740745 0.07245370370370363 0.0818518518518518
1 0.3895543981481482 0.4028645833333334 0.0628819444444444 0.05480324074074083
1 0.6962037037037037 0.3672222222222222 0.07223379629629623 0.052164351851851795
4 0.5657349537037037 0.3604571759259259 0.07373842592592598 0.04443287037037038
2 0.6482928240740741 0.43580439814814814 0.03328703703703706 0.065763888888889
1 0.9639988425925926 0.5217824074074074 0.07200231481481474 0.13826388888888896
2 0.33088541666666665 0.3896701388888889 0.02693287037037031 0.05137731481481476
2 0.2034664351851852 0.37291087962962965 0.012777777777777732 0.03814814814814813
1 0.1777604166666667 0.3817303240740741 0.04718749999999998 0.044618055555555536