1 0.7924652777777779 0.5860937500000001 0.21656249999999985 0.19540509259259267
1 0.7922569444444444 0.36605902777777777 0.09545138888888882 0.08211805555555554
1 0.45192708333333337 0.5347048611111112 0.18746527777777774 0.14998842592592593
0 0.17348958333333334 0.4339409722222222 0.2182986111111111 0.13309027777777782
2 0.2989236111111111 0.4959895833333333 0.061249999999999985 0.08789351851851848
1 0.8672395833333333 0.40483217592592596 0.12107638888888914 0.11172453703703696
1 0.38060763888888893 0.4852256944444445 0.14288194444444446 0.10989583333333322
1 0.8264409722222222 0.4999421296296296 0.17156249999999992 0.13656250000000014
1 0.764375 0.3051099537037037 0.044618055555555536 0.04165509259259252
2 0.6245138888888888 0.4013715277777778 0.0421180555555555 0.06959490740740737
2 0.5447743055555556 0.4294155092592592 0.04371527777777775 0.07125000000000004
3 0.945954861111111 0.36580439814814814 0.040486111111111 0.06637731481481479
3 0.9564843749999999 0.44448495370370367 0.08703125000000007 0.10665509259259273
2 0.7384027777777777 0.3652083333333333 0.037152777777777854 0.056817129629629634
2 0.5321875 0.38965856481481487 0.030590277777777786 0.04238425925925924
3 0.9179166666666667 0.36804398148148143 0.04079861111111107 0.08043981481481488
3 0.6963541666666666 0.43917824074074074 0.05190972222222214 0.08890046296296301
1 0.6201215277777777 0.3792650462962963 0.0655555555555555 0.0709837962962963
2 0.5492013888888889 0.3828645833333333 0.027465277777777786 0.04219907407407408
1 0.65953125 0.36209490740740746 0.043194444444444355 0.047812500000000036
1 0.6903993055555555 0.38186921296296295 0.06701388888888893 0.06638888888888887
2 0.6912847222222223 0.3866030092592593 0.028923611111111212 0.03760416666666675
1 0.7698611111111111 0.34132523148148153 0.05906249999999993 0.059675925925925986
2 0.7290625000000001 0.33110532407407406 0.024062500000000143 0.02951388888888893
1 0.8155729166666668 0.2917592592592593 0.04298611111111086 0.038437500000000034
2 0.7966493055555556 0.28283564814814816 0.012881944444444394 0.017928240740740797
2 0.8267708333333333 0.3041261574074074 0.022673611111111214 0.037233796296296265
4 0.7542534722222223 0.27096064814814813 0.07006944444444443 0.06344907407407412
4 0.6855381944444444 0.2684490740740741 0.05888888888888886 0.051863425925925986
0 0.7575 0.24150462962962962 0.03965277777777772 0.028877314814814793
2 0.8349826388888889 0.25233796296296296 0.01458333333333357 0.024270833333333287
2 0.8472048611111112 0.24057870370370366 0.011284722222222144 0.01627314814814813
1 0.8603819444444444 0.23667824074074076 0.01756944444444457 0.01820601851851853
1 0.8640798611111112 0.33286458333333335 0.07805555555555585 0.071724537037037
1 0.6107638888888889 0.344380787037037 0.04902777777777771 0.029432870370370345
4 0.6821875000000001 0.3283275462962963 0.0765625 0.07475694444444443
4 0.39293402777777775 0.37282407407407403 0.060243055555555536 0.042581018518518476
2 0.025729166666666664 0.49072337962962964 0.030555555555555548 0.04082175925925924
1 0.6541319444444444 0.7159953703703703 0.24652777777777785 0.2096643518518519