1 0.32285879629629627 0.40531249999999996 0.0909143518518519 0.05263888888888886
1 0.3525173611111111 0.49144097222222227 0.12789351851851852 0.12396990740740747
1 0.2092303240740741 0.6224999999999999 0.22766203703703702 0.16282407407407398
1 0.5618344907407408 0.47809027777777774 0.10069444444444446 0.10599537037037035
1 0.13576388888888888 0.3465856481481482 0.03721064814814814 0.03543981481481477
1 0.11273148148148149 0.4194212962962963 0.07540509259259257 0.05530092592592588
1 0.16701388888888888 0.5375636574074074 0.159837962962963 0.10150462962962976
1 0.22664930555555554 0.3633564814814815 0.05173611111111107 0.04835648148148142
2 0.17063078703703702 0.3343229166666667 0.021180555555555536 0.024039351851851888
1 0.3190104166666667 0.36140046296296297 0.06053240740740744 0.03300925925925924
3 0.027806712962962964 0.5136574074074074 0.05561342592592593 0.06453703703703688
1 0.5012152777777777 0.40434027777777776 0.08912037037037042 0.046342592592592526
0 0.8089699074074075 0.5206076388888888 0.3570601851851851 0.32741898148148146
3 0.08998842592592593 0.46332754629629636 0.045486111111111116 0.09031249999999993
2 0.45141782407407405 0.6085590277777777 0.0706018518518519 0.09417824074074073
2 0.4848090277777778 0.4883217592592592 0.054745370370370416 0.08746527777777793
1 0.25610532407407405 0.34936921296296297 0.04641203703703702 0.031030092592592595
2 0.47795138888888894 0.6945949074074074 0.09629629629629619 0.1558101851851852
2 0.08185763888888889 0.3238715277777778 0.01649305555555556 0.023900462962962978
1 0.09638310185185185 0.3117881944444444 0.03674768518518519 0.022939814814814774
3 0.03857060185185185 0.4578935185185185 0.0390625 0.08543981481481477
3 0.7311921296296295 0.6989699074074075 0.07621527777777785 0.1614583333333332
2 0.7720486111111111 0.7572743055555555 0.19537037037037042 0.09163194444444436
2 0.45963541666666663 0.4289178240740741 0.04126157407407405 0.06053240740740744
1 0.6331018518518519 0.45439236111111114 0.04670138888888893 0.08098379629629626
4 0.31212384259259257 0.2939351851851852 0.07395833333333339 0.058379629629629635
2 0.13362268518518516 0.31993055555555555 0.014756944444444465 0.019166666666666644
1 0.15104166666666666 0.31418981481481484 0.027430555555555534 0.02422453703703704
1 0.05688657407407407 0.32234953703703706 0.029224537037037045 0.030520833333333285
1 0.06145833333333332 0.38896412037037037 0.05885416666666665 0.029837962962962906
1 0.035648148148148144 0.3467476851851852 0.04664351851851852 0.037280092592592594
1 0.681857638888889 0.3627662037037037 0.06840277777777785 0.034803240740740725
1 0.4333043981481481 0.33741319444444445 0.03668981481481488 0.021377314814814773
1 0.48315972222222225 0.3428009259259259 0.03836805555555554 0.024548611111111108
1 0.5469618055555555 0.35173032407407406 0.04432870370370381 0.01692129629629626
1 0.24288194444444447 0.30517939814814815 0.027083333333333393 0.014849537037037041
1 0.18686342592592592 0.29726273148148147 0.019270833333333303 0.014618055555555554
2 0.4278356481481481 0.5484201388888889 0.05815972222222214 0.09537037037037041