1 0.18984375 0.569375 0.15625 0.10428240740740727
1 0.2046875 0.3866724537037037 0.065625 0.045798611111111144
1 0.11328125 0.4688078703703704 0.0859375 0.07251157407407405
1 0.2609375 0.6503703703703703 0.2265625 0.17980324074074083
0 0.859375 0.37980324074074073 0.28125 0.3208333333333334
1 0.44609375 0.4806481481481481 0.1234375 0.12435185185185187
0 0.93984375 0.6530555555555556 0.1203125 0.1524537037037037
4 0.4109375 0.3194502314814815 0.09375 0.06319444444444447
1 0.5546875 0.4306712962962963 0.1328125 0.12598379629629636
1 0.34140625 0.38221643518518517 0.059375 0.04262731481481481
2 0.37109375 0.40743634259259254 0.0453125 0.05814814814814824
1 0.1734375 0.3676909722222222 0.0375 0.028402777777777822
1 0.21015625 0.47030671296296295 0.1078125 0.08673611111111104
2 0.1296875 0.38221064814814815 0.0234375 0.03767361111111116
4 0.07265625 0.33881944444444445 0.0546875 0.05196759259259256
1 0.1453125 0.3596701388888889 0.0328125 0.02211805555555557
3 0.04921875 0.5589583333333333 0.046875 0.10034722222222214
2 0.58359375 0.5636979166666667 0.1046875 0.15077546296296304
1 0.146875 0.37843171296296296 0.0359375 0.028391203703703738
3 0.38515625 0.6380092592592593 0.08125 0.16153935185185198
3 0.11796875 0.7430613425925926 0.084375 0.10218749999999996
3 0.10546875 0.625 0.071875 0.14896990740740748
3 0.07265625 0.5208506944444444 0.0359375 0.07057870370370374
3 0.04140625 0.47140046296296295 0.040625 0.04405092592592581
4 0.2828125 0.3895949074074074 0.125 0.15092592592592596
2 0.44296875 0.39546875 0.0796875 0.06465277777777781
2 0.08359375 0.39905671296296297 0.015625 0.034490740740740745
2 0.096875 0.3811863425925926 0.0140625 0.02510416666666666
1 0.09609375 0.3655555555555555 0.0296875 0.022094907407407403
2 0.51796875 0.3186805555555555 0.046875 0.030034722222222233
2 0.67890625 0.31831018518518517 0.0203125 0.029837962962962993
2 0.96875 0.585300925925926 0.0625 0.07546296296296298