1 0.3660763888888889 0.3445486111111111 0.08336805555555546 0.07868055555555556
1 0.600474537037037 0.43644097222222217 0.12266203703703696 0.11166666666666672
1 0.21861689814814814 0.5354166666666667 0.20435185185185184 0.17465277777777785
1 0.17783564814814815 0.4528819444444444 0.15417824074074077 0.14899305555555564
1 0.45769675925925923 0.4170138888888889 0.12734953703703714 0.11187499999999986
1 0.9098726851851853 0.525 0.17287037037037045 0.14201388888888894
1 0.9144444444444444 0.43498263888888894 0.1066898148148148 0.06409722222222207
1 0.9082465277777778 0.42822916666666666 0.11298611111111115 0.07062500000000008
2 0.7306076388888888 0.47595486111111107 0.07263888888888878 0.1063194444444445
2 0.862042824074074 0.6559895833333333 0.11055555555555543 0.16423611111111108
2 0.41682291666666665 0.34697916666666667 0.033206018518518475 0.05458333333333334
2 0.47530671296296295 0.35921875 0.04412037037037031 0.05194444444444439
2 0.3000925925925926 0.29046875 0.03787037037037031 0.05166666666666666
1 0.9893460648148148 0.4449305555555556 0.01450231481481481 0.060000000000000143
0 0.6225347222222222 0.3050347222222222 0.16015046296296304 0.11177083333333329
4 0.4386516203703704 0.24682291666666667 0.12100694444444446 0.09909722222222221
1 0.2055324074074074 0.29857638888888893 0.0723263888888889 0.0641319444444445
3 0.08289930555555555 0.3009027777777778 0.038101851851851845 0.08291666666666667
1 0.10651041666666665 0.2764236111111111 0.0708333333333333 0.0734375
3 0.04553240740740741 0.3900347222222222 0.07247685185185185 0.0844444444444445
3 0.029207175925925928 0.609548611111111 0.058414351851851856 0.12152777777777786
3 0.21415509259259258 0.6105902777777777 0.09041666666666667 0.18677083333333327
1 0.35017939814814814 0.27652777777777776 0.05974537037037031 0.05263888888888886