4 0.9431770833333333 0.48761574074074077 0.11364583333333336 0.12754629629629638
1 0.6046875 0.4175347222222222 0.1139930555555555 0.06957175925925921
1 0.40085069444444443 0.3854398148148148 0.07878472222222221 0.050567129629629635
3 0.2896875 0.6801099537037036 0.07295138888888886 0.13018518518518524
0 0.25947916666666665 0.3169328703703703 0.08062500000000003 0.05682870370370363
1 0.4950520833333334 0.4300694444444444 0.13555555555555543 0.09784722222222228
2 0.7529513888888889 0.6938715277777778 0.12079861111111115 0.15240740740740738
1 0.3092534722222222 0.3642361111111111 0.06500000000000003 0.05671296296296298
4 0.13868055555555556 0.30688657407407405 0.05045138888888889 0.045671296296296224
1 0.50671875 0.3760590277777778 0.07503472222222225 0.03648148148148147
1 0.43585069444444446 0.3640798611111111 0.06423611111111108 0.03952546296296298
1 0.7452777777777777 0.4860474537037037 0.17958333333333343 0.10442129629629626
3 0.07052083333333334 0.4261805555555555 0.03402777777777777 0.06273148148148149
4 0.19756944444444444 0.33067708333333334 0.03874999999999997 0.028402777777777822
1 0.2463541666666667 0.5843055555555555 0.2423958333333333 0.21734953703703716
2 0.7081250000000001 0.5996412037037038 0.11684027777777786 0.13363425925925937
3 0.058368055555555555 0.5044212962962963 0.07631944444444445 0.10053240740740747
1 0.9464409722222221 0.3524826388888889 0.10201388888888871 0.0460532407407408
3 0.09713541666666667 0.7260821759259259 0.0945486111111111 0.12409722222222222
1 0.21057291666666664 0.5353356481481482 0.15961805555555558 0.11208333333333335
2 0.5724479166666667 0.5185879629629631 0.0706944444444444 0.11454861111111114
2 0.7224131944444444 0.5166956018518519 0.08107638888888893 0.10212962962962954
2 0.7803125 0.7468113425925926 0.08822916666666672 0.05219907407407405
1 0.2106076388888889 0.3602777777777778 0.056076388888888926 0.03165509259259256
4 0.4386111111111111 0.30310185185185184 0.051458333333333425 0.03318287037037031
2 0.22364583333333332 0.38987847222222227 0.030555555555555537 0.054895833333333324
2 0.2585416666666666 0.4013425925925926 0.03097222222222218 0.06427083333333332
1 0.07894097222222222 0.3870428240740741 0.07743055555555553 0.05524305555555564
1 0.8175868055555554 0.33702546296296293 0.06402777777777757 0.03483796296296297
1 0.5378472222222223 0.3203414351851852 0.041736111111111106 0.025300925925925987