1 0.8090856481481481 0.56640625 0.15711805555555572 0.1171875
1 0.7421064814814815 0.64375 0.21689814814814828 0.171875
1 0.629056712962963 0.4015625 0.08635416666666665 0.05625
3 0.9395138888888889 0.46640625 0.07259259259259246 0.096875
1 0.8778530092592594 0.45859375 0.08174768518518505 0.0671875
2 0.5897395833333333 0.4359375 0.04894675925925931 0.06875
1 0.5541956018518518 0.3828125 0.07390046296296297 0.0625
3 0.9528877314814814 0.559375 0.08031250000000015 0.084375
1 0.3937210648148148 0.3203125 0.047106481481481485 0.03125
1 0.3905960648148148 0.3203125 0.056493055555555574 0.0328125
0 0.14890625 0.5234375 0.2978125 0.45625
1 0.811261574074074 0.378125 0.04721064814814824 0.0453125
2 0.2773148148148148 0.3203125 0.02517361111111107 0.0234375
2 0.5593460648148149 0.3203125 0.012638888888889 0.01875
2 0.5296759259259259 0.31796875 0.017326388888888822 0.01875
1 0.7324421296296297 0.36640625 0.05812500000000007 0.0421875
2 0.8533159722222223 0.39609375 0.02063657407407433 0.04375
2 0.8735648148148147 0.4046875 0.026828703703703383 0.0359375
2 0.8721817129629631 0.38046875 0.020520833333333145 0.028125
1 0.8902835648148149 0.3625 0.0361574074074074 0.0296875
1 0.9533680555555556 0.3890625 0.02995370370370374 0.0359375