1 0.684375 0.4109375 0.1203125 0.0578125
4 0.5359375 0.4015625 0.1390625 0.10625
0 0.1453125 0.2984375 0.084375 0.0640625
1 0.5453125 0.5265625 0.19375 0.1078125
1 0.184375 0.5234375 0.1390625 0.0859375
1 0.3640625 0.40625 0.0890625 0.0484375
1 0.7296875 0.628125 0.196875 0.2015625
1 0.734375 0.48125 0.1671875 0.0765625
1 0.2296875 0.6109375 0.2203125 0.1515625
2 0.8890625 0.565625 0.084375 0.121875
2 0.7890625 0.5109375 0.065625 0.0703125
3 0.0375 0.50625 0.059375 0.0640625
1 0.503125 0.45 0.140625 0.04375
1 0.3375 0.3390625 0.05625 0.01875
1 0.4484375 0.371875 0.053125 0.0375
2 0.425 0.3921875 0.03125 0.0546875
1 0.275 0.3234375 0.0421875 0.0171875
1 0.334375 0.3609375 0.06875 0.021875
2 0.165625 0.3796875 0.03125 0.04375
1 0.1390625 0.346875 0.0609375 0.0375
3 0.1453125 0.4359375 0.040625 0.0734375
2 0.2890625 0.4265625 0.04375 0.0609375
2 0.4015625 0.3640625 0.0234375 0.03125
1 0.24375 0.390625 0.0875 0.059375
1 0.2625 0.346875 0.046875 0.0171875
1 0.2125 0.334375 0.0453125 0.025
2 0.8625 0.453125 0.075 0.084375
2 0.98125 0.5265625 0.0375 0.103125
3 0.05 0.4375 0.021875 0.059375
3 0.0453125 0.3921875 0.0296875 0.0296875
1 0.1296875 0.4125 0.075 0.06875
2 0.071875 0.31875 0.0078125 0.0234375
2 0.090625 0.3125 0.0109375 0.0296875
2 0.0765625 0.2953125 0.009375 0.0125
2 0.0921875 0.2921875 0.0078125 0.01875
2 0.2125 0.3140625 0.0078125 0.0078125
2 0.2296875 0.3140625 0.015625 0.0140625
2 0.378125 0.35625 0.015625 0.03125
2 0.5828125 0.4265625 0.0171875 0.0609375
1 0.590625 0.4 0.0234375 0.046875
2 0.65625 0.43125 0.0203125 0.05625
2 0.6375 0.48125 0.0390625 0.0765625
1 0.8734375 0.3546875 0.0484375 0.0390625
2 0.915625 0.359375 0.028125 0.0265625
2 0.984375 0.3734375 0.0296875 0.0390625
0 0.4375 0.3 0.0703125 0.04375
1 0.3578125 0.2984375 0.0203125 0.0140625