1 0.2390625 0.6046875 0.1921875 0.1484375
1 0.921875 0.596875 0.153125 0.1625
1 0.9140625 0.50625 0.1625 0.0890625
1 0.2703125 0.45 0.0890625 0.0921875
1 0.1828125 0.525 0.153125 0.090625
2 0.3703125 0.49375 0.0609375 0.0953125
1 0.8609375 0.471875 0.1765625 0.0859375
1 0.2203125 0.3859375 0.071875 0.05
1 0.225 0.340625 0.034375 0.028125
2 0.4390625 0.5015625 0.065625 0.0953125
2 0.7234375 0.5171875 0.0734375 0.1171875
1 0.128125 0.40625 0.08125 0.05625
1 0.2703125 0.353125 0.046875 0.0375
1 0.2734375 0.3625 0.05625 0.0265625
2 0.0984375 0.325 0.0125 0.0375
2 0.109375 0.3109375 0.040625 0.046875
0 0.4890625 0.3984375 0.3234375 0.228125
2 0.5625 0.5609375 0.090625 0.1140625
2 0.3109375 0.3671875 0.025 0.0421875
1 0.146875 0.3296875 0.0359375 0.04375
0 0.971875 0.36875 0.0546875 0.0671875
1 0.65625 0.4484375 0.0375 0.065625
1 0.0359375 0.509375 0.0640625 0.0625
1 0.121875 0.4609375 0.03125 0.0875
1 0.053125 0.45625 0.025 0.08125
1 0.0703125 0.43125 0.021875 0.0625
2 0.0828125 0.328125 0.0125 0.0328125
2 0.1125 0.3203125 0.0125 0.0296875
2 0.175 0.3234375 0.0140625 0.03125
2 0.19375 0.3328125 0.0140625 0.0328125
0 0.196875 0.271875 0.03125 0.028125
1 0.65625 0.409375 0.046875 0.046875