1 0.5646354166666667 0.48864583333333333 0.12725694444444446 0.09416666666666665
3 0.08727430555555556 0.6842708333333334 0.08677083333333332 0.16468749999999996
3 0.38531250000000006 0.6075520833333334 0.06697916666666667 0.13999999999999985
1 0.2494791666666667 0.6008333333333333 0.24569444444444438 0.2002083333333335
3 0.26708333333333334 0.7165104166666667 0.0968055555555555 0.14510416666666667
1 0.20590277777777777 0.53171875 0.1757986111111111 0.13479166666666664
1 0.4432291666666667 0.4384895833333333 0.10107638888888885 0.06593750000000007
1 0.6476909722222223 0.4645833333333333 0.13024305555555565 0.09124999999999997
4 0.4611458333333333 0.3158333333333333 0.11072916666666668 0.07281250000000003
2 0.4296701388888889 0.5365104166666667 0.06607638888888889 0.11968750000000003
1 0.13984375 0.39489583333333333 0.09958333333333336 0.06739583333333332
1 0.10828125 0.38578125 0.11534722222222223 0.07156250000000001
1 0.8294618055555556 0.6986979166666666 0.23229166666666642 0.2491666666666667
3 0.44711805555555556 0.7363020833333334 0.093888888888889 0.14958333333333335
3 0.07368055555555555 0.46604166666666663 0.05038194444444444 0.11708333333333343
3 0.13788194444444443 0.4734375 0.04673611111111109 0.07010416666666668
3 0.17835069444444446 0.45510416666666664 0.03482638888888889 0.047499999999999966
3 0.3286111111111111 0.4884895833333333 0.05125000000000002 0.1015625
3 0.2911111111111111 0.4859895833333333 0.047986111111111104 0.0982291666666665
2 0.34105902777777775 0.43557291666666664 0.04083333333333332 0.07750000000000004
2 0.2417013888888889 0.39078124999999997 0.04041666666666668 0.06812499999999995
2 0.16401041666666666 0.3427604166666667 0.028645833333333304 0.04864583333333332
2 0.11541666666666668 0.3184895833333333 0.02673611111111107 0.040729166666666664
2 0.29925347222222226 0.37124999999999997 0.031909722222222214 0.051979166666666646
2 0.26397569444444446 0.3486458333333333 0.026944444444444392 0.04541666666666666
2 0.36053819444444446 0.383125 0.028923611111111126 0.054895833333333324
2 0.334375 0.3728125 0.027152777777777803 0.05010416666666666
2 0.3827777777777778 0.3752604166666667 0.03184027777777772 0.050416666666666644
2 0.4139409722222222 0.3929166666666667 0.030208333333333393 0.04874999999999998
1 0.21052083333333335 0.32015625 0.03434027777777775 0.03656249999999996
1 0.15324652777777778 0.3108854166666667 0.04840277777777775 0.0375
1 0.17168402777777778 0.3051041666666666 0.02923611111111111 0.026875000000000072
1 0.1279861111111111 0.28583333333333333 0.02937500000000002 0.02999999999999998
4 0.22640625 0.30953125 0.04243055555555557 0.043333333333333356
4 0.2172222222222222 0.260625 0.05861111111111113 0.05687499999999997
0 0.2955729166666667 0.2884375 0.04527777777777775 0.03729166666666668
0 0.11435763888888888 0.24208333333333334 0.03399305555555556 0.028749999999999963
0 0.08769097222222222 0.2730208333333334 0.04732638888888889 0.04833333333333325
0 0.9117013888888887 0.43140625000000005 0.17659722222222243 0.12364583333333332