1 0.6709201388888889 0.7789641203703704 0.3420833333333334 0.23125
1 0.9187326388888888 0.7903356481481482 0.16253472222222243 0.19618055555555552
1 0.24786458333333333 0.5892939814814815 0.20232638888888888 0.18969907407407405
1 0.20078125 0.50625 0.146875 0.1512731481481481
2 0.41208333333333336 0.46808449074074077 0.059826388888888894 0.09490740740740744
1 0.4804861111111111 0.4575520833333334 0.09864583333333332 0.08686342592592596
1 0.5496354166666666 0.4455150462962963 0.0796180555555555 0.07297453703703702
2 0.2885763888888889 0.42071759259259256 0.05645833333333332 0.08373842592592595
2 0.3353472222222222 0.41950231481481487 0.04527777777777775 0.07199074074074083
1 0.20194444444444443 0.3129050925925926 0.05125000000000002 0.05995370370370372
1 0.23671875 0.33342013888888894 0.06072916666666668 0.0653356481481481
2 0.29911458333333335 0.36846064814814816 0.03663194444444447 0.033912037037037025
1 0.38097222222222227 0.366724537037037 0.07788194444444443 0.06504629629629637
1 0.8582118055555554 0.46759259259259256 0.09184027777777785 0.061400462962962976
2 0.3798958333333333 0.38848379629629626 0.029270833333333357 0.05364583333333339
1 0.4233159722222222 0.37688078703703703 0.044930555555555605 0.056365740740740834
3 0.07109375 0.35625 0.04083333333333332 0.08258101851851851
3 0.09907986111111111 0.3169849537037037 0.06527777777777777 0.059432870370370414
1 0.13836805555555556 0.29493634259259255 0.0651388888888889 0.053182870370370415
1 0.18223958333333332 0.2685474537037037 0.0334027777777778 0.028993055555555536
3 0.2496875 0.6713252314814815 0.07399305555555555 0.1708333333333334
3 0.049548611111111106 0.43967013888888895 0.05482638888888889 0.08049768518518512
1 0.13748263888888887 0.3954861111111111 0.10968749999999998 0.09236111111111116
2 0.8330381944444444 0.6334201388888889 0.08402777777777785 0.1310185185185185
2 0.2953125 0.3377604166666667 0.027256944444444466 0.03321759259259256
2 0.9453819444444445 0.49432870370370374 0.04315972222222229 0.046875