0 0.7375 0.4140625 0.296875 0.1671875
4 0.3921875 0.33125 0.1390625 0.1140625
1 0.528125 0.4828125 0.146875 0.0859375
1 0.1171875 0.45 0.1015625 0.0828125
0 0.525 0.315625 0.1 0.04375
2 0.515625 0.5484375 0.0578125 0.1234375
1 0.159375 0.321875 0.04375 0.0359375
2 0.2828125 0.375 0.040625 0.0453125
1 0.1078125 0.3265625 0.053125 0.046875
2 0.2078125 0.3984375 0.0421875 0.0640625
1 0.215625 0.34375 0.0703125 0.0390625
1 0.184375 0.5265625 0.1484375 0.0890625
2 0.659375 0.478125 0.0515625 0.0875
3 0.040625 0.509375 0.0578125 0.0546875
3 0.2625 0.66875 0.0640625 0.11875
1 0.2375 0.6140625 0.2015625 0.1578125
1 0.9140625 0.6515625 0.171875 0.2265625
3 0.0515625 0.4140625 0.034375 0.065625
2 0.165625 0.3375 0.0296875 0.040625
2 0.1953125 0.315625 0.0125 0.0203125
0 0.1828125 0.2734375 0.0328125 0.0234375
0 0.2359375 0.278125 0.0515625 0.0265625
1 0.115625 0.290625 0.01875 0.01875
1 0.09375 0.2890625 0.021875 0.0203125
3 0.028125 0.7203125 0.05625 0.121875