4 0.49001736111111105 0.3753472222222222 0.2973958333333332 0.2514930555555555
4 0.469068287037037 0.3007465277777778 0.21336805555555555 0.12628472222222217
4 0.28935185185185186 0.36168402777777775 0.1241898148148148 0.12076388888888889
3 0.03842592592592592 0.3642708333333333 0.05081018518518519 0.055208333333333394
3 0.015610532407407405 0.5105208333333333 0.03122106481481481 0.07694444444444457
3 0.017563657407407403 0.6005381944444445 0.035127314814814806 0.0891319444444445
3 0.14172453703703702 0.7568055555555555 0.08570601851851851 0.1688888888888888
1 0.4334780092592593 0.6340451388888889 0.23993055555555554 0.2536111111111111
1 0.07667824074074073 0.5206423611111111 0.12390046296296295 0.0958333333333334
1 0.7638599537037037 0.2526041666666667 0.0515625 0.044340277777777715
1 0.857494212962963 0.22897569444444446 0.0703125 0.04517361111111109
1 0.8227719907407408 0.3823611111111111 0.22037037037037024 0.1577430555555555
1 0.2249710648148148 0.65265625 0.2327546296296296 0.19878472222222215
1 0.152662037037037 0.5671006944444444 0.17795138888888892 0.11069444444444443
2 0.3300925925925926 0.5054861111111111 0.07199074074074074 0.08885416666666668
2 0.3643518518518518 0.4634722222222222 0.06811342592592595 0.09958333333333336
2 0.49881365740740746 0.46684027777777776 0.08958333333333321 0.11611111111111114
2 0.838744212962963 0.4610763888888888 0.1400462962962962 0.16663194444444435
2 0.17083333333333334 0.4689583333333333 0.046932870370370375 0.06593750000000007
2 0.2621238425925926 0.4454340277777778 0.04930555555555553 0.0769444444444444
2 0.1347800925925926 0.45109374999999996 0.033506944444444464 0.052881944444444426
2 0.18298611111111113 0.43104166666666666 0.0401041666666667 0.05784722222222225
2 0.07916666666666666 0.42397569444444444 0.032060185185185185 0.05437499999999993
1 0.18067129629629627 0.3781944444444444 0.05335648148148149 0.047534722222222214
1 0.6327546296296296 0.37211805555555555 0.07465277777777786 0.0827430555555555