1 0.325 0.4015625 0.0921875 0.0578125
1 0.2625 0.3609375 0.05625 0.05
1 0.2296875 0.58125 0.16875 0.0875
1 0.184375 0.5265625 0.1515625 0.09375
1 0.3984375 0.375 0.0671875 0.053125
1 0.1578125 0.378125 0.08125 0.0515625
1 0.5546875 0.51875 0.146875 0.11875
0 0.7421875 0.321875 0.2203125 0.1
4 0.55 0.3875 0.1234375 0.0828125
2 0.196875 0.3359375 0.015625 0.0359375
3 0.078125 0.69375 0.0578125 0.0796875
2 0.5640625 0.428125 0.0515625 0.059375
2 0.096875 0.3140625 0.0109375 0.0296875
2 0.109375 0.2984375 0.0078125 0.01875
2 0.459375 0.3765625 0.028125 0.059375
4 0.228125 0.3140625 0.0546875 0.0453125
4 0.4609375 0.2890625 0.109375 0.084375
3 0.2578125 0.6703125 0.040625 0.1109375
1 0.5828125 0.678125 0.1359375 0.20625
2 0.471875 0.425 0.0328125 0.0765625
4 0.18125 0.3109375 0.03125 0.0328125
2 0.1109375 0.3390625 0.0171875 0.0453125
2 0.121875 0.315625 0.0171875 0.028125
2 0.071875 0.31875 0.0125 0.025
2 0.0859375 0.3 0.0109375 0.0203125
1 0.1109375 0.2875 0.028125 0.015625
1 0.08125 0.2828125 0.0140625 0.0109375
1 0.09375 0.284375 0.0140625 0.0125
1 0.0609375 0.3796875 0.0765625 0.0453125
3 0.0484375 0.4140625 0.021875 0.06875
3 0.059375 0.3921875 0.0125 0.040625
3 0.034375 0.50625 0.0578125 0.0578125
2 0.9609375 0.378125 0.0234375 0.0265625