4 0.5184548611111112 0.3609375 0.27531250000000007 0.2450231481481481
4 0.49751736111111117 0.2852719907407407 0.2039236111111112 0.12118055555555554
4 0.3184895833333333 0.3390914351851852 0.11180555555555553 0.1174768518518519
3 0.06907986111111111 0.3310474537037037 0.044895833333333336 0.05480324074074074
3 0.03385416666666667 0.47717013888888893 0.04069444444444444 0.0763310185185185
3 0.028498263888888885 0.5677083333333334 0.05699652777777777 0.08778935185185191
3 0.1639409722222222 0.7303819444444445 0.06618055555555555 0.17025462962962976
1 0.4565625 0.6190104166666666 0.2145833333333334 0.24988425925925917
1 0.10375000000000001 0.49071180555555555 0.11593749999999999 0.09282407407407404
1 0.7931597222222223 0.24855324074074076 0.04777777777777779 0.04409722222222223
1 0.8856249999999999 0.22922453703703702 0.06645833333333329 0.04236111111111107
1 0.8487152777777777 0.38093171296296297 0.20770833333333344 0.15109953703703702
1 0.24887152777777777 0.6289351851851851 0.21333333333333337 0.19363425925925917
1 0.17829861111111112 0.5405671296296296 0.16927083333333331 0.10613425925925916
2 0.3565798611111111 0.4852430555555555 0.06277777777777782 0.08732638888888893
2 0.39102430555555556 0.4444733796296296 0.058333333333333307 0.09791666666666679
2 0.5241840277777777 0.4541087962962963 0.07743055555555553 0.11493055555555554
2 0.8625173611111112 0.4618055555555555 0.12222222222222215 0.16504629629629636
2 0.1984375 0.4415798611111111 0.040451388888888926 0.06539351851851852
2 0.2901215277777778 0.4223090277777778 0.04069444444444441 0.0763310185185185
2 0.1621875 0.4232060185185185 0.027708333333333356 0.05353009259259256
2 0.2109548611111111 0.40477430555555555 0.03402777777777777 0.05711805555555553
2 0.10824652777777777 0.3936631944444444 0.026145833333333358 0.05341435185185182
1 0.20979166666666665 0.35182291666666665 0.049409722222222285 0.04733796296296298
1 0.6603472222222223 0.3636863425925926 0.065763888888889 0.08130787037037042