1 0.8091666666666667 0.54765625 0.2201041666666665 0.184375
0 0.25817708333333333 0.7203125 0.4085416666666667 0.3390625
1 0.8430208333333333 0.44609375 0.16916666666666663 0.1234375
2 0.69953125 0.36796875 0.06083333333333343 0.06875
1 0.8383854166666665 0.2359375 0.05249999999999986 0.0375
1 0.7461458333333333 0.28203125 0.0669791666666665 0.04375
2 0.8154166666666667 0.26640625 0.03677083333333329 0.0359375
1 0.7039583333333332 0.340625 0.0982291666666665 0.0671875
1 0.64296875 0.328125 0.07083333333333339 0.0546875
2 0.8647916666666667 0.2453125 0.03677083333333329 0.0359375
1 0.8565625000000001 0.32109375 0.08250000000000028 0.065625
2 0.3589583333333334 0.54453125 0.1354166666666666 0.15625
2 0.4564583333333333 0.471875 0.11052083333333336 0.1109375
2 0.65171875 0.40078125 0.060000000000000143 0.0796875
0 0.05364583333333334 0.46484375 0.05125 0.0890625
2 0.8029166666666667 0.24296875 0.041562499999999857 0.0375
4 0.7172916666666667 0.2359375 0.09239583333333332 0.0734375
1 0.70375 0.32578125 0.08249999999999993 0.0421875
1 0.7294791666666667 0.3015625 0.07072916666666665 0.053125
3 0.9747656250000001 0.359375 0.05046874999999993 0.1234375
3 0.9352604166666666 0.29453125 0.032187499999999855 0.0375
1 0.39968750000000003 0.35859375 0.07614583333333336 0.040625
2 0.6047395833333333 0.44609375 0.07906249999999986 0.1078125
2 0.5164583333333332 0.49296875 0.07458333333333336 0.1109375
2 0.52859375 0.42890625 0.05479166666666657 0.071875
1 0.5704687500000001 0.37734375 0.07916666666666679 0.0625
0 0.57359375 0.271875 0.11645833333333329 0.0828125
3 0.85671875 0.61640625 0.10166666666666657 0.11875
3 0.9065104166666667 0.6015625 0.10666666666666665 0.19375
3 0.9745312500000001 0.56171875 0.05093749999999986 0.0734375
3 0.8563020833333332 0.37578125 0.03229166666666643 0.0390625
3 0.8114062499999999 0.38203125 0.03802083333333357 0.0546875
3 0.960625 0.3703125 0.059375 0.1171875
3 0.9227604166666665 0.3765625 0.06031249999999986 0.1078125
3 0.89296875 0.2578125 0.020416666666666573 0.025
3 0.88046875 0.26953125 0.013333333333333286 0.0125
3 0.8660937499999999 0.26484375 0.027291666666666714 0.034375
2 0.7933854166666666 0.334375 0.054479166666666856 0.0671875
3 0.9004687499999999 0.31171875 0.023541666666666572 0.025
2 0.6146874999999999 0.39609375 0.04375 0.0703125
2 0.5794791666666667 0.3953125 0.035833333333333425 0.0453125
4 0.17468750000000002 0.40546875 0.27166666666666667 0.1375