1 0.20014467592592594 0.5314756944444443 0.2273148148148149 0.20211805555555565
1 0.2502893518518518 0.2930844907407407 0.07280092592592595 0.07135416666666669
0 0.4994212962962963 0.4911342592592593 0.45833333333333337 0.42004629629629625
1 0.18596643518518516 0.4301967592592593 0.14542824074074073 0.09592592592592589
2 0.27997685185185184 0.3544675925925926 0.05625 0.08752314814814817
1 0.18347800925925925 0.22376736111111112 0.03535879629629628 0.02859953703703706
1 0.2728587962962963 0.20989583333333334 0.03194444444444446 0.020601851851851816
3 0.11750578703703703 0.4685532407407408 0.07905092592592596 0.11381944444444443
1 0.1743634259259259 0.25938657407407406 0.05515046296296298 0.057835648148148164
1 0.18949652777777776 0.20859953703703704 0.028819444444444463 0.02041666666666666
1 0.2710648148148148 0.2583333333333333 0.0543981481481481 0.03752314814814817
2 0.3359085648148148 0.31763310185185184 0.09149305555555554 0.11299768518518523
2 0.7379918981481481 0.5744386574074074 0.1232060185185185 0.16944444444444445
2 0.7562789351851851 0.4805902777777778 0.08605324074074083 0.09240740740740741
3 0.04456018518518519 0.38577546296296295 0.08912037037037038 0.11171296296296296
3 0.06255787037037037 0.3104456018518518 0.07430555555555556 0.1119791666666666
2 0.128125 0.2239293981481482 0.06903935185185187 0.05398148148148145
4 0.6027777777777777 0.3524884259259259 0.29473379629629637 0.21234953703703702
4 0.3537615740740741 0.21445601851851853 0.10815972222222223 0.09995370370370367
1 0.7752604166666666 0.36799189814814814 0.08634259259259273 0.05812500000000007
1 0.4385416666666666 0.26166087962962964 0.1174768518518519 0.05685185185185189