1 0.6890625 0.703125 0.3171875 0.1578125
1 0.9328125 0.6578125 0.134375 0.165625
1 0.25 0.6125 0.178125 0.1484375
1 0.1921875 0.540625 0.1265625 0.121875
2 0.39375 0.4546875 0.0453125 0.084375
1 0.459375 0.428125 0.0875 0.0671875
1 0.525 0.4 0.0703125 0.05625
2 0.2671875 0.4359375 0.04375 0.0734375
2 0.3125 0.4234375 0.034375 0.0640625
1 0.1671875 0.3484375 0.0421875 0.05
1 0.2046875 0.3609375 0.0515625 0.053125
2 0.2703125 0.38125 0.0328125 0.0265625
1 0.35 0.3609375 0.0703125 0.0484375
1 0.8296875 0.3515625 0.084375 0.0421875
2 0.3515625 0.3828125 0.0203125 0.0484375
1 0.3921875 0.3609375 0.0359375 0.0484375
3 0.0453125 0.421875 0.028125 0.0765625
3 0.0671875 0.3765625 0.0578125 0.046875
1 0.103125 0.3453125 0.059375 0.0390625
1 0.1421875 0.309375 0.0296875 0.021875
3 0.2625 0.69375 0.0453125 0.1609375
3 0.0359375 0.509375 0.0421875 0.0703125
1 0.115625 0.4453125 0.0984375 0.0703125
2 0.828125 0.521875 0.0640625 0.115625
2 0.2625 0.3515625 0.021875 0.028125
2 0.91875 0.3578125 0.0359375 0.0390625
1 0.990625 0.3625 0.01875 0.059375