1 0.20081018518518517 0.5394675925925926 0.222337962962963 0.18923611111111108
2 0.6587962962962963 0.4546296296296296 0.06319444444444447 0.06319444444444429
1 0.16513310185185184 0.4495081018518519 0.17158564814814814 0.12494212962962976
1 0.19762731481481483 0.2462384259259259 0.04965277777777777 0.03460648148148149
0 0.358275462962963 0.3534143518518518 0.26030092592592596 0.203125
2 0.7156828703703704 0.5196180555555555 0.0662037037037038 0.10231481481481489
2 0.760619212962963 0.4649016203703704 0.07575231481481488 0.06521990740740727
1 0.46715856481481477 0.46796875 0.15115740740740743 0.12106481481481488
1 0.13755787037037037 0.33038194444444446 0.09652777777777777 0.07847222222222214
2 0.6300636574074074 0.5142071759259259 0.09021990740740726 0.11880787037037024
1 0.21059027777777778 0.31753472222222223 0.08084490740740743 0.0763310185185185
2 0.15303819444444444 0.2494502314814815 0.03252314814814814 0.03553240740740744
1 0.8931423611111111 0.40460069444444446 0.06765046296296298 0.05711805555555553
2 0.20787037037037037 0.2645833333333333 0.039004629629629584 0.04201388888888893
1 0.22057291666666665 0.23758680555555553 0.04004629629629628 0.028009259259259255
1 0.5319733796296295 0.42421875 0.13269675925925917 0.08605324074074065
3 0.03803530092592593 0.4091145833333334 0.07607060185185185 0.08113425925925917
4 0.4130497685185185 0.28585069444444444 0.07708333333333339 0.05902777777777786
1 0.15980902777777778 0.23515625 0.03686342592592595 0.02633101851851851
1 0.8199652777777778 0.5477430555555556 0.1700231481481481 0.12488425925925917
1 0.17508680555555553 0.2228877314814815 0.032060185185185205 0.02303240740740744
2 0.7827835648148149 0.6247974537037038 0.12123842592592596 0.15584490740740745
2 0.11605902777777777 0.23677662037037037 0.02615740740740744 0.032175925925925955
1 0.7399594907407407 0.36970486111111106 0.06869212962962959 0.04311342592592595
3 0.07060185185185185 0.3055555555555555 0.04872685185185186 0.05173611111111107
1 0.16941550925925924 0.22855902777777776 0.028877314814814793 0.021354166666666608
2 0.6598958333333333 0.5723958333333334 0.09421296296296297 0.14236111111111108
2 0.9120949074074074 0.5880208333333333 0.0700231481481481 0.12118055555555554
1 0.9497395833333334 0.5827256944444444 0.04513888888888893 0.08125
1 0.9502604166666668 0.42120949074074077 0.06822916666666642 0.07274305555555553
2 0.4654224537037037 0.3673900462962963 0.032175925925925955 0.06828703703703702
2 0.5961226851851852 0.4195023148148148 0.04641203703703702 0.07349537037037042
1 0.58125 0.3997685185185185 0.09016203703703703 0.07511574074074083
2 0.5704571759259259 0.3962673611111111 0.029340277777777857 0.0338541666666667
1 0.26958912037037036 0.2622974537037037 0.03553240740740744 0.03252314814814809
3 0.05928819444444444 0.35824652777777777 0.0421875 0.08582175925925935
3 0.29759837962962965 0.4750289351851852 0.05856481481481479 0.10671296296296298
2 0.33075810185185184 0.44337384259259255 0.05688657407407405 0.10353009259259274
3 0.04314236111111111 0.5941261574074075 0.08628472222222222 0.11799768518518512
3 0.3853877314814815 0.7167534722222222 0.11122685185185191 0.09618055555555553
2 0.5140046296296296 0.5302083333333333 0.07714120370370381 0.144849537037037