4 0.5866030092592592 0.37109375 0.08478009259259256 0.0859375
1 0.7257118055555555 0.58125 0.20825231481481482 0.165625
1 0.7816261574074074 0.5078125 0.14684027777777775 0.13125
1 0.3811053240740741 0.4375 0.12890046296296295 0.0921875
2 0.5005150462962963 0.4 0.0444212962962963 0.0640625
1 0.48637152777777776 0.375 0.0811805555555555 0.0515625
2 0.33292824074074073 0.578125 0.08976851851851855 0.14375
2 0.1632986111111111 0.59296875 0.09849537037037037 0.1328125
2 0.07359953703703705 0.57734375 0.09343749999999999 0.1265625
2 0.2087673611111111 0.76171875 0.1443402777777778 0.0890625
2 0.5983506944444444 0.41015625 0.05150462962962958 0.078125
3 0.7278935185185185 0.63671875 0.06523148148148153 0.1515625
3 0.9272337962962963 0.46328125 0.08275462962962976 0.078125
3 0.918587962962963 0.371875 0.042037037037037095 0.0765625
1 0.8494097222222223 0.40546875 0.11355324074074069 0.096875
1 0.69234375 0.3796875 0.0764120370370371 0.0765625
1 0.7736574074074074 0.3390625 0.05692129629629648 0.0640625
1 0.7030729166666667 0.33046875 0.05994212962962955 0.0359375
1 0.028611111111111108 0.4296875 0.057222222222222216 0.0484375
1 0.8416435185185186 0.29921875 0.05700231481481453 0.0390625
1 0.7829629629629629 0.2875 0.04440972222222221 0.0375