1 0.7206597222222222 0.41630208333333335 0.1989583333333334 0.12579861111111104
1 0.8238368055555556 0.25265624999999997 0.06819444444444436 0.06072916666666668
1 0.3533159722222222 0.48876736111111113 0.1865277777777778 0.12680555555555556
2 0.20289930555555555 0.5048090277777778 0.09555555555555557 0.11496527777777779
1 0.7993576388888889 0.45256944444444447 0.18302083333333333 0.15315972222222224
2 0.14489583333333333 0.599392361111111 0.1145486111111111 0.15635416666666657
1 0.7480902777777778 0.5359375 0.22986111111111107 0.18954861111111115
1 0.656423611111111 0.31779513888888894 0.08701388888888886 0.06312499999999996
2 0.043515625 0.7896006944444445 0.08703125 0.12732638888888878
3 0.900138888888889 0.30774305555555553 0.08236111111111129 0.09878472222222223
1 0.3282118055555555 0.4220486111111111 0.15694444444444447 0.09274305555555565
1 0.7819444444444444 0.2303472222222222 0.04343749999999993 0.02999999999999998
3 0.721857638888889 0.5823263888888889 0.12888888888888878 0.1632291666666667
3 0.9185763888888889 0.5595486111111111 0.11493055555555572 0.12986111111111107
3 0.9383159722222221 0.3785590277777778 0.08475694444444457 0.11760416666666665
3 0.8663194444444444 0.2616840277777778 0.031631944444444574 0.045069444444444426
2 0.7424999999999999 0.27576388888888886 0.033472222222222216 0.05138888888888893
2 0.7035243055555556 0.2580034722222222 0.025104166666666573 0.038541666666666606
2 0.8706250000000001 0.19989583333333333 0.023194444444444427 0.030659722222222196
0 0.6787326388888889 0.21934027777777781 0.06131944444444457 0.046388888888888855
2 0.5643229166666667 0.44274305555555554 0.06878472222222225 0.10909722222222218
1 0.5483333333333333 0.3990104166666667 0.12590277777777778 0.09604166666666672
2 0.57078125 0.4026909722222222 0.050277777777777824 0.07864583333333339
2 0.4959375 0.3849652777777778 0.04864583333333332 0.0770138888888889
2 0.4789756944444445 0.2929340277777778 0.014895833333333285 0.019374999999999965
1 0.5447569444444444 0.33913194444444444 0.07614583333333336 0.0642013888888889
2 0.3441666666666666 0.5718229166666667 0.09253472222222214 0.1522569444444443