4 0.1331886574074074 0.5736979166666666 0.2401041666666667 0.18449074074074084
1 0.48842592592592593 0.4055324074074075 0.12245370370370381 0.09304398148148145
1 0.7828993055555555 0.4462962962962963 0.17453703703703702 0.12153935185185194
2 0.6057002314814814 0.35078703703703706 0.04554398148148149 0.045624999999999985
1 0.7688078703703705 0.28867476851851853 0.06099537037037024 0.06447916666666664
1 0.7457175925925925 0.5371469907407407 0.24768518518518512 0.18142361111111108
4 0.6569733796296295 0.24890046296296298 0.11967592592592595 0.09770833333333329
1 0.8348090277777779 0.35689814814814813 0.12829861111111107 0.1087037037037037
1 0.521556712962963 0.348287037037037 0.08923611111111107 0.06624999999999996
1 0.38778935185185187 0.41486689814814814 0.11331018518518521 0.09609953703703696
3 0.7258101851851851 0.5950752314814814 0.10063657407407404 0.15690972222222221
3 0.9283564814814815 0.39056134259259256 0.07546296296296298 0.09113425925925922
4 0.8102141203703704 0.18295717592592592 0.08518518518518511 0.053726851851851845
1 0.689699074074074 0.36578125000000006 0.0740162037037038 0.05052083333333339
1 0.6121238425925926 0.4538078703703704 0.14849537037037025 0.14945601851851845
1 0.6339988425925925 0.3271527777777778 0.0700231481481481 0.05986111111111114
2 0.8280671296296296 0.2265509259259259 0.02106481481481488 0.03138888888888891
2 0.857667824074074 0.23804398148148148 0.03269675925925917 0.040844907407407406
1 0.6891782407407407 0.35173032407407406 0.09241898148148149 0.08813657407407405
1 0.7945891203703704 0.26740162037037035 0.05248842592592595 0.055046296296296315
3 0.8945891203703702 0.3088252314814815 0.048206018518518336 0.08156249999999998
2 0.7348958333333334 0.28267939814814813 0.021759259259259166 0.04076388888888882
2 0.13967013888888888 0.7391840277777778 0.16215277777777776 0.2073379629629631