1 0.8455902777777778 0.804375 0.1737268518518519 0.16115740740740742
1 0.28583333333333333 0.4028240740740741 0.0842245370370371 0.08986111111111103
1 0.8688657407407409 0.5969328703703703 0.21041666666666642 0.1466435185185185
1 0.19809606481481482 0.5707986111111112 0.2231365740740741 0.18134259259259267
1 0.2323090277777778 0.36368055555555556 0.06983796296296294 0.08319444444444449
1 0.1598263888888889 0.47890046296296296 0.16216435185185185 0.11869212962962958
1 0.3127430555555556 0.3214641203703704 0.04528935185185183 0.030983796296296263
1 0.40156828703703706 0.49467013888888883 0.15130787037037036 0.11993055555555543
1 0.5938483796296297 0.5136689814814815 0.19398148148148148 0.1305555555555557
2 0.6503356481481481 0.45039930555555563 0.06870370370370367 0.06131944444444457
2 0.4850057870370371 0.45489004629629626 0.05865740740740755 0.07818287037037042
1 0.5570717592592592 0.43824652777777773 0.12050925925925923 0.06753472222222215
1 0.1328587962962963 0.27466435185185184 0.04273148148148147 0.04182870370370369
3 0.03107638888888889 0.4372337962962963 0.06215277777777778 0.07731481481481488
2 0.8144386574074074 0.6657407407407407 0.13293981481481473 0.15682870370370364
2 0.6075 0.5672800925925926 0.1198726851851852 0.14552083333333332
1 0.30343171296296295 0.3501388888888889 0.07274305555555553 0.048958333333333395
2 0.1799074074074074 0.28779513888888886 0.02670138888888891 0.0335532407407408
1 0.2011111111111111 0.27120949074074074 0.043726851851851836 0.030937500000000017
3 0.05972222222222222 0.3421354166666667 0.04642361111111111 0.052858796296296265
1 0.10952546296296295 0.30214120370370373 0.09930555555555554 0.04974537037037034
1 0.4947916666666667 0.4019733796296296 0.08079861111111111 0.05387731481481488
1 0.46731481481481485 0.7055324074074074 0.24399305555555556 0.2225231481481483
3 0.0293287037037037 0.6372337962962963 0.0586574074074074 0.16196759259259252
1 0.3945775462962963 0.3880497685185185 0.09082175925925924 0.06665509259259253
2 0.38328703703703704 0.40962384259259255 0.043460648148148096 0.055891203703703596
2 0.3517418981481481 0.3992997685185185 0.039583333333333394 0.07137731481481477
1 0.3750115740740741 0.3428703703703704 0.06608796296296297 0.04096064814814815
2 0.15551504629629628 0.27533564814814815 0.017245370370370373 0.03171296296296298
4 0.1483159722222222 0.21800347222222222 0.05916666666666668 0.05791666666666666
4 0.22777199074074073 0.23991898148148144 0.04437499999999996 0.04343749999999993
1 0.8961863425925927 0.4623784722222222 0.1108101851851849 0.0610069444444445
1 0.8205439814814814 0.4272743055555555 0.06781250000000014 0.04413194444444457
1 0.7246412037037037 0.40565393518518517 0.06921296296296298 0.041053240740740723
2 0.12866898148148148 0.3856481481481482 0.06234953703703701 0.08921296296296291
1 0.21209490740740738 0.3310011574074074 0.05711805555555553 0.04849537037037042
1 0.24596064814814814 0.31166087962962963 0.05210648148148156 0.04210648148148151
2 0.3402719907407407 0.34888310185185184 0.02422453703703704 0.04596064814814813