1 0.221875 0.3671875 0.0765625 0.046875
1 0.2953125 0.384375 0.0640625 0.05625
1 0.2390625 0.6140625 0.19375 0.153125
1 0.1828125 0.5234375 0.153125 0.0921875
1 0.2140625 0.3234375 0.0421875 0.025
1 0.1234375 0.365625 0.075 0.0453125
4 0.140625 0.2921875 0.059375 0.0265625
2 0.121875 0.30625 0.021875 0.028125
1 0.7296875 0.56875 0.1765625 0.1828125
4 0.2703125 0.325 0.0546875 0.04375
3 0.05 0.4140625 0.0234375 0.06875
3 0.2703125 0.659375 0.1109375 0.153125
1 0.153125 0.3296875 0.0390625 0.0296875
1 0.9453125 0.371875 0.10625 0.0390625
4 0.446875 0.346875 0.153125 0.115625
4 0.725 0.2921875 0.2421875 0.0921875
3 0.059375 0.6734375 0.1140625 0.115625
3 0.0328125 0.4953125 0.0578125 0.0984375
1 0.0578125 0.3796875 0.0796875 0.05625
2 0.26875 0.3421875 0.01875 0.034375
2 0.3203125 0.359375 0.0203125 0.046875
2 0.3953125 0.4015625 0.028125 0.0640625
2 0.4140625 0.4828125 0.053125 0.1015625
2 0.4484375 0.409375 0.03125 0.065625