1 0.2953125 0.4578125 0.0921875 0.0984375
1 0.2234375 0.6046875 0.2234375 0.14375
1 0.4078125 0.378125 0.0796875 0.0421875
1 0.2453125 0.384375 0.0609375 0.053125
1 0.134375 0.3953125 0.0609375 0.040625
3 0.2546875 0.6953125 0.0890625 0.0875
1 0.140625 0.35 0.05625 0.0375
3 0.2 0.4484375 0.0359375 0.0640625
3 0.0765625 0.525 0.0609375 0.1265625
1 0.3203125 0.3796875 0.075 0.0453125
1 0.2125 0.340625 0.046875 0.0328125
0 0.659375 0.5703125 0.490625 0.3515625
1 0.15625 0.321875 0.0484375 0.025
3 0.0828125 0.703125 0.0390625 0.0921875
1 0.184375 0.5265625 0.159375 0.090625
3 0.1484375 0.45625 0.0578125 0.0734375
1 0.828125 0.35 0.0828125 0.0390625
2 0.1140625 0.31875 0.01875 0.0296875
2 0.2984375 0.3875 0.0375 0.03125
0 0.753125 0.3453125 0.0234375 0.025
2 0.753125 0.346875 0.0203125 0.021875
1 0.34375 0.359375 0.03125 0.0359375
2 0.2328125 0.340625 0.0125 0.0203125
2 0.253125 0.3453125 0.0140625 0.0171875
2 0.2640625 0.3390625 0.0125 0.0234375
4 0.2453125 0.328125 0.0203125 0.025
2 0.1890625 0.315625 0.0109375 0.0203125
4 0.2046875 0.3015625 0.03125 0.04375
2 0.1140625 0.3 0.0078125 0.01875
1 0.140625 0.3046875 0.0359375 0.015625
1 0.1328125 0.2953125 0.025 0.015625
1 0.1015625 0.2859375 0.0234375 0.015625
2 0.0734375 0.309375 0.015625 0.0265625
2 0.084375 0.3078125 0.0109375 0.0203125
2 0.084375 0.29375 0.009375 0.0125
2 0.0828125 0.284375 0.0078125 0.0140625
1 0.0734375 0.346875 0.0328125 0.0390625
1 0.0859375 0.3796875 0.0484375 0.0265625
3 0.053125 0.396875 0.0140625 0.0234375
3 0.08125 0.409375 0.0140625 0.021875
3 0.08125 0.6453125 0.04375 0.03125
0 0.6234375 0.33125 0.0140625 0.021875
1 0.5921875 0.3296875 0.0359375 0.0265625
2 0.6453125 0.3296875 0.0109375 0.0171875
4 0.5421875 0.3234375 0.0578125 0.03125