1 0.2807233796296297 0.6753587962962964 0.22642361111111117 0.19885416666666664
1 0.12013888888888888 0.507355324074074 0.08961805555555555 0.07763888888888885
1 0.2013425925925926 0.6089583333333334 0.15875000000000003 0.1312384259259259
1 0.6672280092592592 0.44701967592592595 0.17748842592592595 0.1302314814814814
1 0.2781018518518518 0.42689814814814814 0.06611111111111115 0.06756944444444439
2 0.18078703703703702 0.47009837962962964 0.04263888888888889 0.06218749999999993
2 0.12733796296296296 0.42477430555555556 0.026805555555555572 0.033599537037036956
0 0.8752835648148147 0.5219965277777778 0.24943287037037046 0.4246412037037036
2 0.2259664351851852 0.4534722222222222 0.036493055555555556 0.07606481481481478
3 0.06400462962962963 0.5213136574074074 0.07260416666666666 0.10056712962962955
3 0.644357638888889 0.7337789351851851 0.11949074074074062 0.10351851851851848
1 0.41940393518518515 0.41702546296296295 0.09900462962962972 0.07947916666666668
2 0.25175925925925924 0.4557986111111111 0.036354166666666646 0.05731481481481478
1 0.1585474537037037 0.4202314814814815 0.0424884259259259 0.041874999999999926
2 0.07643518518518519 0.40686342592592595 0.014247685185185177 0.025416666666666643
2 0.11390625000000001 0.40406828703703707 0.022083333333333323 0.02877314814814813
3 0.06004050925925926 0.6188310185185186 0.07403935185185184 0.08342592592592588