1 0.22785300925925928 0.5966840277777778 0.20697916666666663 0.15620370370370368
1 0.16968171296296294 0.5158738425925926 0.15311342592592592 0.10581018518518519
1 0.3117650462962963 0.41639467592592594 0.08718750000000001 0.08501157407407404
1 0.587980324074074 0.4377835648148148 0.14033564814814808 0.08696759259259253
0 0.8136979166666667 0.49313657407407413 0.3632523148148149 0.36983796296296295
2 0.18072916666666666 0.35018518518518515 0.03821759259259259 0.04871527777777782
1 0.12693287037037038 0.39589120370370373 0.07447916666666665 0.07085648148148138
3 0.03376446759259259 0.4879918981481481 0.06752893518518518 0.07395833333333321
1 0.4139525462962963 0.37345486111111115 0.08835648148148145 0.05846064814814813
1 0.13385995370370368 0.2974131944444444 0.042581018518518476 0.026875000000000072
1 0.0965451388888889 0.2851909722222222 0.030196759259259263 0.03459490740740741
3 0.04092592592592593 0.40121527777777777 0.022986111111111117 0.07516203703703699
3 0.06896990740740741 0.4064756944444444 0.038680555555555565 0.07996527777777782
3 0.10642361111111112 0.4093229166666667 0.04511574074074076 0.09251157407407398
2 0.15008101851851854 0.30979166666666663 0.02084490740740739 0.036087962962962905
2 0.5103472222222223 0.45788773148148143 0.059085648148148096 0.08636574074074073
4 0.17519097222222224 0.24945601851851854 0.04596064814814813 0.04408564814814815
4 0.3168344907407407 0.2851215277777778 0.08175925925925931 0.0349768518518518