1 0.3310300925925926 0.4913194444444445 0.14498842592592584 0.10515046296296297
1 0.402962962962963 0.35613425925925923 0.08090277777777785 0.04976851851851851
2 0.7590277777777777 0.5565393518518519 0.10271990740740744 0.12853009259259274
1 0.3239236111111111 0.34814814814814815 0.06481481481481488 0.04137731481481479
2 0.42913194444444447 0.4144097222222222 0.04138888888888896 0.06701388888888893
1 0.24313657407407407 0.3433449074074074 0.05746527777777777 0.04890046296296298
1 0.08505787037037037 0.32737268518518514 0.04459490740740739 0.0421875
0 0.852337962962963 0.2973958333333333 0.08623842592592582 0.06087962962962958
2 0.25725694444444447 0.420775462962963 0.05214120370370372 0.0642939814814815
2 0.5114583333333333 0.4721643518518519 0.06971064814814802 0.09768518518518512
3 0.22314814814814815 0.6543402777777778 0.0744097222222222 0.12436342592592595
1 0.1531712962962963 0.5197337962962962 0.16299768518518518 0.09334490740740745
2 0.12944444444444445 0.34131944444444445 0.03650462962962964 0.0372106481481481
3 0.027025462962962966 0.41215277777777776 0.028703703703703697 0.06342592592592596
3 0.019311342592592592 0.5096064814814815 0.038622685185185184 0.06012731481481488
2 0.1504976851851852 0.32806712962962964 0.03760416666666666 0.029456018518518513
1 0.1901736111111111 0.6056712962962963 0.21697916666666667 0.16238425925925917
2 0.6130324074074075 0.6523726851851852 0.1047569444444445 0.16290509259259256
1 0.15381944444444445 0.29832175925925924 0.037233796296296306 0.02320601851851851
3 0.02876446759259259 0.6914351851851852 0.05752893518518518 0.08842592592592595
2 0.6780671296296296 0.31788194444444445 0.03282407407407391 0.02771990740740744
4 0.9352314814814815 0.3192708333333333 0.09056712962962976 0.08130787037037042
0 0.29077546296296297 0.27609953703703705 0.06490740740740737 0.04293981481481488
2 0.4839583333333334 0.3048032407407407 0.025104166666666573 0.028993055555555536