4 0.2359375 0.3375 0.0484375 0.0625
1 0.1734375 0.3578125 0.0515625 0.0390625
1 0.5796875 0.4515625 0.1328125 0.0796875
1 0.240625 0.609375 0.19375 0.146875
1 0.3140625 0.353125 0.0546875 0.0234375
1 0.31875 0.3328125 0.0390625 0.0234375
1 0.4875 0.4828125 0.1578125 0.0984375
2 0.8 0.5296875 0.09375 0.115625
1 0.184375 0.525 0.1484375 0.0921875
1 0.903125 0.4390625 0.19375 0.26875
2 0.2015625 0.3921875 0.0328125 0.0453125
1 0.4453125 0.40625 0.1 0.05
2 0.4078125 0.378125 0.0296875 0.046875
2 0.065625 0.321875 0.0140625 0.0265625
1 0.115625 0.3203125 0.0375 0.0296875
1 0.30625 0.4265625 0.11875 0.084375
3 0.059375 0.6875 0.071875 0.075
3 0.0375 0.5 0.0703125 0.0828125
3 0.1296875 0.440625 0.034375 0.08125
3 0.053125 0.434375 0.028125 0.0453125
1 0.4953125 0.3171875 0.0484375 0.0328125
2 0.3234375 0.4921875 0.04375 0.090625
1 0.490625 0.3859375 0.0640625 0.0453125
1 0.5890625 0.4125 0.096875 0.0609375
0 0.075 0.2796875 0.04375 0.0375
1 0.125 0.4109375 0.071875 0.065625
1 0.0390625 0.39375 0.0109375 0.025
1 0.0515625 0.3984375 0.0171875 0.0328125
1 0.021875 0.3765625 0.015625 0.0359375
2 0.225 0.3515625 0.01875 0.0359375
1 0.1515625 0.340625 0.0484375 0.0328125
1 0.1546875 0.315625 0.040625 0.0140625
1 0.2734375 0.33125 0.0265625 0.028125