0 0.3120659722222222 0.42335069444444445 0.23611111111111108 0.2257638888888888
1 0.13174189814814813 0.48241319444444447 0.09785879629629628 0.07298611111111111
1 0.8499131944444445 0.5197916666666667 0.23524305555555536 0.16020833333333329
1 0.2765335648148148 0.6643402777777778 0.24432870370370363 0.19493055555555544
1 0.4769965277777778 0.4961979166666667 0.10491898148148149 0.09513888888888893
2 0.9436487268518519 0.5601736111111111 0.1127025462962962 0.16791666666666671
1 0.21545138888888887 0.5734895833333333 0.15931712962962968 0.08975694444444429
1 0.5609953703703704 0.55296875 0.25190972222222213 0.18902777777777793
2 0.17034143518518519 0.42953125 0.031134259259259257 0.04038194444444443
3 0.433130787037037 0.7648958333333333 0.10925925925925935 0.12809027777777793
2 0.19875578703703706 0.43859375 0.036111111111111115 0.04840277777777775
3 0.06357060185185186 0.57921875 0.0796875 0.08777777777777782
2 0.6996238425925926 0.46319444444444446 0.07048611111111107 0.092048611111111
1 0.9286892361111111 0.45414930555555555 0.14262152777777787 0.13947916666666665
1 0.5766493055555555 0.4491493055555555 0.13501157407407405 0.06527777777777785
1 0.4424768518518519 0.4065277777777778 0.06469907407407405 0.062152777777777855
1 0.705150462962963 0.42288194444444444 0.129224537037037 0.07750000000000004
1 0.8995659722222221 0.3231076388888889 0.09947916666666642 0.0746180555555556
1 0.9499421296296298 0.3354861111111111 0.0740162037037038 0.0610069444444445
2 0.15095486111111112 0.43256944444444445 0.029456018518518513 0.03718749999999993
3 0.06238425925925926 0.48401041666666667 0.042303240740740745 0.04711805555555557
1 0.16643518518518519 0.38723958333333336 0.06059027777777777 0.03545138888888895
1 0.536255787037037 0.41147569444444443 0.08489583333333321 0.05993055555555564
1 0.11750578703703704 0.37180555555555556 0.0542824074074074 0.033611111111111126
3 0.06550925925925927 0.5262673611111112 0.04774305555555556 0.06763888888888889
3 0.14869791666666668 0.7928124999999999 0.10520833333333335 0.14506944444444442
3 0.1541377314814815 0.6869791666666667 0.08009259259259256 0.1408333333333333
2 0.4877604166666666 0.4288194444444445 0.04432870370370381 0.059687500000000074
1 0.7956886574074075 0.3403298611111111 0.07505787037037023 0.04701388888888891
1 0.6452546296296297 0.34300347222222227 0.0703125 0.0452430555555555
1 0.5312210648148149 0.33871527777777777 0.035358796296296194 0.02809027777777775
1 0.5695023148148148 0.3404166666666667 0.04050925925925917 0.04079861111111107
1 0.5065104166666666 0.34541666666666665 0.04670138888888893 0.03951388888888889
4 0.6750578703703705 0.3263888888888889 0.05115740740740726 0.033472222222222216
1 0.08993055555555556 0.42751736111111116 0.056655092592592604 0.05555555555555554
2 0.7769386574074074 0.4447916666666666 0.05046296296296297 0.05684027777777771