0 0.6036458333333334 0.30194444444444446 0.1485069444444445 0.07833333333333332
1 0.14756944444444445 0.39657986111111115 0.11531249999999997 0.10336805555555557
1 0.6909201388888888 0.4514930555555555 0.17368055555555556 0.11843749999999993
1 0.4377604166666666 0.39151041666666664 0.08934027777777764 0.08038194444444446
1 0.31770833333333337 0.3851041666666667 0.11204861111111111 0.10010416666666666
4 0.27447916666666666 0.25786458333333334 0.0890625 0.07413194444444446
1 0.20671875 0.47692708333333333 0.15770833333333334 0.10993055555555564
1 0.8313194444444445 0.45777777777777773 0.14201388888888894 0.107673611111111
1 0.25253472222222223 0.5743055555555555 0.22510416666666666 0.18777777777777782
1 0.29454861111111114 0.3219444444444444 0.05336805555555557 0.042916666666666714
1 0.14395833333333333 0.28010416666666665 0.05777777777777775 0.03687500000000003
2 0.26104166666666667 0.34300347222222227 0.04170138888888886 0.061111111111111074
1 0.17421875 0.30928819444444444 0.06180555555555554 0.05732638888888886
1 0.10286458333333333 0.3242013888888889 0.0978125 0.06048611111111111
2 0.23276041666666666 0.323125 0.036666666666666625 0.05309027777777775
3 0.07684027777777777 0.35510416666666667 0.04034722222222222 0.06572916666666676
2 0.5609895833333333 0.48701388888888886 0.06670138888888885 0.13239583333333335
2 0.5956944444444444 0.40484375000000006 0.058229166666666644 0.08211805555555554
3 0.05828125000000001 0.4482986111111111 0.06392361111111111 0.06989583333333335
3 0.27197916666666666 0.6243229166666666 0.09020833333333336 0.13499999999999995
2 0.3513194444444444 0.3311631944444445 0.03461805555555557 0.04208333333333325
1 0.19041666666666668 0.26864583333333336 0.048125000000000015 0.030208333333333302
2 0.7574652777777777 0.55734375 0.09239583333333332 0.14913194444444447
1 0.9263454861111111 0.7358506944444445 0.14730902777777785 0.13656249999999978
2 0.4078819444444444 0.3356944444444444 0.02864583333333339 0.04805555555555561
0 0.37145833333333333 0.25590277777777776 0.1020833333333333 0.05131944444444443
3 0.13571180555555556 0.32352430555555556 0.02524305555555557 0.04166666666666661
4 0.9383506944444445 0.3727083333333333 0.123298611111111 0.12493055555555559