1 0.7925 0.6708333333333333 0.19468750000000004 0.13951388888888888
1 0.845 0.6287673611111111 0.16895833333333315 0.12746527777777777
2 0.6603645833333334 0.4297222222222222 0.05218749999999996 0.05840277777777771
0 0.10140625 0.25921874999999994 0.1109375 0.14513888888888893
1 0.9207812499999999 0.5620312500000001 0.12437499999999986 0.11302083333333321
3 0.9891406249999999 0.5466840277777777 0.02171875000000014 0.06701388888888893
1 0.75828125 0.4262847222222222 0.06739583333333332 0.05284722222222236
2 0.6360416666666666 0.48550347222222223 0.06979166666666661 0.08878472222222218
2 0.8323958333333333 0.46307291666666667 0.04250000000000007 0.053298611111111074
1 0.8064583333333333 0.41284722222222225 0.051979166666666646 0.031909722222222214
1 0.8118229166666667 0.44657986111111114 0.06489583333333329 0.06208333333333336
1 0.8827083333333334 0.44661458333333337 0.054479166666666856 0.04604166666666672
2 0.9576041666666667 0.4250173611111111 0.059270833333333425 0.047812500000000036
3 0.9732552083333333 0.6390625 0.053489583333333354 0.08322916666666665
0 0.8438541666666666 0.40126736111111116 0.07114583333333328 0.062361111111111
3 0.751875 0.7508159722222223 0.07791666666666668 0.1171875
3 0.9317187499999999 0.7961979166666666 0.08479166666666664 0.12684027777777782
1 0.9712500000000001 0.5003472222222223 0.057499999999999926 0.06631944444444446
3 0.9729166666666668 0.5144965277777778 0.02250000000000014 0.03371527777777779
2 0.9172395833333333 0.4621701388888889 0.0328125 0.04819444444444443
2 0.9873437500000002 0.45048611111111114 0.02239583333333357 0.03215277777777779
4 0.91140625 0.4214062500000001 0.049374999999999857 0.039583333333333214
4 0.8933854166666666 0.3847743055555556 0.06270833333333314 0.05263888888888894
0 0.7109375 0.35875 0.05958333333333332 0.05250000000000003
0 0.77234375 0.3684895833333333 0.04937500000000004 0.039583333333333394