2 0.784375 0.7125 0.125 0.1375
1 0.6875 0.4984375 0.18125 0.1078125
1 0.921875 0.5765625 0.153125 0.121875
1 0.2375 0.609375 0.184375 0.1421875
4 0.9375 0.4375 0.1140625 0.1546875
1 0.3171875 0.378125 0.0671875 0.0453125
1 0.1859375 0.528125 0.1546875 0.096875
1 0.115625 0.45 0.1015625 0.09375
1 0.5578125 0.41875 0.10625 0.08125
3 0.3 0.509375 0.05 0.0796875
1 0.4125 0.4203125 0.0984375 0.065625
1 0.4734375 0.384375 0.0578125 0.0625
1 0.2265625 0.4109375 0.0875 0.0703125
0 0.1625 0.3390625 0.090625 0.096875
1 0.228125 0.3453125 0.0203125 0.04375
2 0.071875 0.3140625 0.0109375 0.0265625
1 0.0765625 0.3765625 0.0484375 0.0515625
3 0.0484375 0.415625 0.0171875 0.0640625
1 0.0328125 0.384375 0.0171875 0.0234375
3 0.040625 0.5078125 0.05625 0.075
3 0.1421875 0.66875 0.0390625 0.1203125
1 0.4546875 0.7046875 0.15 0.1546875
2 0.6453125 0.55625 0.071875 0.140625
2 0.846875 0.353125 0.0203125 0.0265625
1 0.7578125 0.340625 0.0375 0.03125
1 0.596875 0.334375 0.0453125 0.015625