0 0.3427488425925926 0.55 0.5577083333333333 0.39375
3 0.5979050925925926 0.57109375 0.05584490740740744 0.125
3 0.9776765046296296 0.5125 0.044646990740740834 0.0796875
3 0.9691203703703704 0.428125 0.02447916666666643 0.0703125
3 0.9820717592592594 0.409375 0.021342592592592524 0.04375
1 0.9142650462962962 0.46484375 0.08561342592592566 0.1
3 0.8937384259259259 0.3953125 0.02694444444444457 0.0328125
2 0.7704340277777778 0.384375 0.0280555555555555 0.0515625
2 0.7450173611111112 0.37734375 0.02474537037037052 0.0484375
2 0.10622106481481482 0.35546875 0.027037037037037016 0.034375
1 0.9280960648148149 0.35546875 0.06978009259259252 0.04375
2 0.9311574074074074 0.31484375 0.018668981481481238 0.025
4 0.8934259259259261 0.3109375 0.04836805555555586 0.0515625
2 0.9389699074074074 0.31484375 0.015543981481481239 0.025
1 0.7183043981481482 0.3484375 0.05212962962962955 0.0359375
1 0.6741493055555555 0.36796875 0.07134259259259253 0.04375
1 0.6225115740740741 0.40625 0.08532407407407412 0.06875
1 0.8495891203703703 0.53359375 0.14866898148148167 0.109375
1 0.7905208333333335 0.6046875 0.19951388888888885 0.15
1 0.6542013888888889 0.67734375 0.1794560185185185 0.1015625
1 0.06333333333333332 0.54140625 0.07074074074074073 0.1390625
2 0.8856770833333332 0.3515625 0.022442129629629902 0.0359375
0 0.7847280092592592 0.2828125 0.05378472222222221 0.0375