1 0.6504340277777778 0.4617881944444445 0.1067708333333334 0.10302083333333342
1 0.28275462962962966 0.6638368055555556 0.24571759259259257 0.19031249999999994
1 0.8996238425925925 0.5185590277777778 0.20075231481481487 0.1642708333333333
0 0.21863425925925925 0.42777777777777776 0.1552083333333333 0.14729166666666665
1 0.20972222222222223 0.5872743055555556 0.16672453703703702 0.12128472222222228
1 0.59296875 0.4054166666666667 0.08512731481481488 0.06618055555555565
0 0.44728009259259255 0.45197916666666665 0.33628472222222217 0.3191319444444446
4 0.8588831018518519 0.39012152777777775 0.2822337962962962 0.22194444444444442
2 0.6704571759259259 0.4969965277777778 0.103125 0.13093749999999993
1 0.13402777777777777 0.48095486111111113 0.09149305555555554 0.06958333333333329
2 0.7796296296296297 0.5385069444444445 0.11834490740740744 0.16281250000000008
2 0.7927372685185186 0.5765277777777778 0.09537037037037024 0.09003472222222228
2 0.5919560185185185 0.48336805555555556 0.04901620370370381 0.10201388888888889
1 0.6803819444444444 0.7017881944444444 0.2654513888888889 0.2177083333333334
2 0.7230613425925926 0.6116493055555556 0.07361111111111107 0.0921875
3 0.2991608796296296 0.7488020833333333 0.0789351851851852 0.10958333333333314
3 0.13414351851851852 0.77890625 0.07170138888888893 0.0827430555555555
3 0.12800925925925927 0.7396354166666667 0.08107638888888893 0.08315972222222215
3 0.07473958333333333 0.5648958333333333 0.06209490740740742 0.11819444444444435
3 0.11206597222222223 0.561875 0.051157407407407395 0.11770833333333322
3 0.13761574074074073 0.5567708333333334 0.039988425925925955 0.06885416666666658
3 0.17022569444444444 0.5317013888888888 0.04554398148148149 0.050381944444444396
3 0.2013888888888889 0.5096875000000001 0.03964120370370372 0.05947916666666657
3 0.05616319444444444 0.4845138888888889 0.026446759259259257 0.040173611111111104
3 0.0861400462962963 0.49364583333333334 0.019849537037037023 0.030520833333333285
3 0.06863425925925926 0.4842881944444445 0.02158564814814814 0.03527777777777778
3 0.07887731481481482 0.46602430555555563 0.01614583333333335 0.014756944444444286
2 0.11102430555555556 0.40739583333333335 0.02337962962962963 0.041597222222222285
2 0.14910300925925926 0.4246875 0.021990740740740745 0.046215277777777786
0 0.19189814814814815 0.3587326388888889 0.10329861111111112 0.05138888888888893
1 0.09696180555555556 0.3646527777777778 0.029050925925925907 0.02624999999999993
1 0.06333912037037037 0.3623784722222222 0.02725694444444444 0.019930555555555608
4 0.17065972222222223 0.3328298611111111 0.0322916666666667 0.02951388888888893
1 0.9942418981481481 0.63515625 0.01151620370370381 0.11857638888888893