1 0.2765625 0.4359375 0.109375 0.071875
1 0.53125 0.4421875 0.1328125 0.065625
1 0.2296875 0.609375 0.221875 0.153125
1 0.7703125 0.4640625 0.1796875 0.0890625
2 0.759375 0.5 0.071875 0.096875
1 0.2921875 0.375 0.0703125 0.0390625
1 0.4109375 0.4125 0.0828125 0.0515625
2 0.4703125 0.5203125 0.0546875 0.1078125
1 0.184375 0.525 0.1453125 0.0890625
2 0.121875 0.43125 0.0484375 0.0859375
1 0.1234375 0.3375 0.05 0.0421875
2 0.8671875 0.7109375 0.1140625 0.140625
2 0.36875 0.428125 0.03125 0.0640625
1 0.1234375 0.40625 0.078125 0.053125
3 0.075 0.6875 0.075 0.121875
1 0.9234375 0.359375 0.096875 0.046875
2 0.98203125 0.53671875 0.0359375 0.0921875
2 0.6703125 0.684375 0.090625 0.15625
2 0.678125 0.5703125 0.0625 0.1078125
3 0.059375 0.40625 0.0359375 0.0484375
2 0.196875 0.3671875 0.0375 0.0421875
2 0.4265625 0.46875 0.0453125 0.071875
3 0.0421875 0.5046875 0.059375 0.0640625
2 0.97890625 0.3640625 0.0421875 0.05
2 0.1703125 0.3265625 0.040625 0.0421875
0 0.346875 0.3375 0.0765625 0.065625
1 0.39375 0.2984375 0.0703125 0.0328125
2 0.5328125 0.6625 0.0890625 0.1828125
3 0.4953125 0.74375 0.071875 0.0765625
1 0.6078125 0.390625 0.1140625 0.096875
4 0.4328125 0.3578125 0.0796875 0.078125
1 0.809375 0.3515625 0.06875 0.0484375
4 0.2421875 0.34375 0.0453125 0.05
4 0.221875 0.296875 0.0671875 0.046875
4 0.1515625 0.2875 0.04375 0.0390625
3 0.0140625 0.65390625 0.028125 0.1578125
3 0.075 0.3546875 0.0125 0.01875
2 0.090625 0.3140625 0.0109375 0.0296875
1 0.109375 0.303125 0.0296875 0.021875
1 0.1203125 0.290625 0.0203125 0.0140625
4 0.5015625 0.3125 0.0578125 0.0484375