1 0.3546527777777778 0.4015625 0.13181712962962963 0.08239583333333336
4 0.6230324074074074 0.3396180555555556 0.07081018518518505 0.0703125
1 0.5608217592592593 0.38145833333333334 0.08959490740740747 0.07583333333333328
1 0.8195833333333333 0.49812499999999993 0.14917824074074063 0.10659722222222215
1 0.6100231481481482 0.4824305555555556 0.1384606481481482 0.135798611111111
2 0.6838310185185186 0.3181597222222222 0.0315393518518519 0.040451388888888926
1 0.25517361111111114 0.4763194444444444 0.19918981481481488 0.11038194444444435
1 0.765462962962963 0.5771180555555555 0.19641203703703702 0.15711805555555552
3 0.8751041666666666 0.3971875 0.06939814814814796 0.09055555555555558
4 0.8040740740740742 0.30343749999999997 0.07549768518518504 0.07052083333333332
1 0.3134722222222222 0.3283680555555556 0.05804398148148149 0.033819444444444444
3 0.9499189814814815 0.36885416666666665 0.05048611111111114 0.06784722222222221
2 0.7656828703703704 0.3957986111111111 0.03663194444444429 0.09534722222222217
2 0.7358217592592593 0.37368055555555557 0.023900462962962978 0.06354166666666661
1 0.7215856481481481 0.35086805555555556 0.0691203703703703 0.0530555555555555
2 0.6327893518518518 0.3907638888888889 0.03634259259259256 0.05628472222222225
4 0.5043055555555556 0.34802083333333333 0.09429398148148138 0.07760416666666661
3 0.9646990740740741 0.4651041666666666 0.06135416666666664 0.058958333333333356
3 0.9362962962962964 0.639861111111111 0.06934027777777771 0.0827430555555555
3 0.5523611111111111 0.7163194444444445 0.056805555555555644 0.07750000000000004
0 0.869375 0.2567708333333333 0.059710648148148235 0.047951388888888856
2 0.9055439814814814 0.28642361111111114 0.014293981481481666 0.031874999999999966
2 0.8805671296296296 0.2906597222222222 0.017407407407407406 0.030451388888888875
2 0.8617824074074075 0.28680555555555554 0.014317129629629477 0.03499999999999996
2 0.6714467592592592 0.33434027777777775 0.01599537037037031 0.050694444444444466
1 0.2197916666666667 0.3419097222222222 0.06746527777777782 0.04048611111111109