1 0.6994965277777778 0.7049131944444444 0.22375000000000006 0.19559027777777782
0 0.29451388888888885 0.5324884259259259 0.5890277777777777 0.4985069444444445
0 0.2581597222222222 0.28945601851851854 0.19874999999999998 0.12398148148148147
1 0.778125 0.6453414351851852 0.1616666666666667 0.13113425925925917
2 0.5924131944444444 0.47062500000000007 0.0578819444444445 0.07511574074074083
1 0.57234375 0.4287037037037037 0.09177083333333336 0.06621527777777772
1 0.8596354166666667 0.5914236111111111 0.12531250000000008 0.11962962962962961
2 0.6406944444444445 0.49463541666666666 0.05802083333333332 0.07824074074074065
4 0.8515104166666667 0.4569965277777778 0.0702430555555555 0.07273148148148145
2 0.8085416666666667 0.48969907407407404 0.04454861111111086 0.055625000000000036
2 0.10460069444444445 0.27252314814814815 0.07649305555555555 0.07310185185185185
3 0.9341840277777778 0.570775462962963 0.051423611111111 0.07005787037037034
3 0.9190104166666668 0.6654398148148148 0.08357638888888914 0.09222222222222207
1 0.04465277777777778 0.26427083333333334 0.04517361111111111 0.06968750000000004
1 0.8809201388888889 0.5002546296296296 0.08552083333333335 0.06584490740740741
2 0.017934027777777778 0.5133391203703704 0.035868055555555556 0.17980324074074083
2 0.019470486111111112 0.38071180555555556 0.038940972222222224 0.08715277777777768
3 0.5528124999999999 0.6390393518518518 0.06020833333333329 0.09239583333333332
3 0.5511284722222223 0.5888078703703703 0.04392361111111107 0.04156250000000004
3 0.8617361111111113 0.5265335648148148 0.026527777777777574 0.03585648148148159
2 0.8940972222222221 0.4681365740740741 0.018437500000000284 0.029143518518518617
1 0.8150694444444444 0.4485706018518519 0.02482638888888857 0.032638888888888926
1 0.9273958333333333 0.5296412037037037 0.044340277777777715 0.05093749999999986