1 0.6364236111111111 0.44516782407407407 0.1667361111111111 0.10133101851851851
1 0.18140625 0.33133680555555556 0.07309027777777777 0.0651041666666666
1 0.2052083333333333 0.4971354166666667 0.15472222222222226 0.11180555555555553
1 0.14133680555555556 0.41576967592592595 0.11552083333333334 0.10723379629629619
2 0.42437500000000006 0.42798032407407405 0.07135416666666661 0.09623842592592595
2 0.5197569444444444 0.39079861111111114 0.04829861111111118 0.06886574074074074
1 0.2501215277777778 0.5745081018518519 0.20374999999999996 0.16197916666666679
1 0.3628298611111111 0.363744212962963 0.07458333333333336 0.06359953703703702
3 0.07597222222222222 0.37123842592592593 0.032743055555555546 0.06984953703703703
3 0.06135416666666667 0.4649016203703704 0.0786111111111111 0.08402777777777785
4 0.29164930555555557 0.31160300925925927 0.06145833333333339 0.04907407407407405
1 0.45376736111111116 0.4026331018518519 0.04916666666666671 0.053298611111111074
1 0.23203125 0.273119212962963 0.044652777777777784 0.021932870370370415
1 0.9249131944444443 0.36875 0.05826388888888871 0.047395833333333304
2 0.13105902777777778 0.2549479166666667 0.03583333333333334 0.034085648148148094
1 0.26407986111111115 0.2899305555555555 0.04527777777777775 0.035995370370370414
2 0.5642534722222223 0.529224537037037 0.09944444444444436 0.13159722222222214
1 0.2204340277777778 0.2938946759259259 0.04350694444444443 0.03125
2 0.7360069444444445 0.678587962962963 0.12600694444444435 0.20277777777777786
3 0.2763715277777778 0.6369212962962962 0.08232638888888885 0.13252314814814808
2 0.28706597222222224 0.34933449074074074 0.03517361111111113 0.054340277777777765
1 0.15871527777777777 0.29618055555555556 0.04052083333333334 0.03425925925925925
1 0.1832291666666667 0.28431712962962963 0.032500000000000015 0.02928240740740744
1 0.12690972222222224 0.284837962962963 0.03604166666666666 0.0387731481481481
1 0.1604513888888889 0.2648148148148148 0.030937500000000017 0.029224537037037025
4 0.18454861111111112 0.24357638888888888 0.054062499999999944 0.05815972222222223
3 0.09854166666666667 0.35083912037037035 0.020486111111111115 0.03975694444444446