0 0.0752488425925926 0.4591956018518518 0.14520833333333333 0.2043287037037036
1 0.24461805555555555 0.6569675925925926 0.32317129629629626 0.19168981481481495
1 0.7600405092592593 0.6563599537037037 0.20113425925925926 0.16349537037037046
1 0.8187905092592593 0.5750636574074074 0.1460069444444443 0.10128472222222236
2 0.3434143518518519 0.4996527777777778 0.06928240740740739 0.0754398148148148
4 0.7211342592592592 0.3591435185185185 0.09743055555555565 0.08002314814814815
1 0.8146469907407408 0.4374016203703704 0.05496527777777764 0.04033564814814809
4 0.21421296296296294 0.3476967592592593 0.11589120370370373 0.04193287037037034
1 0.7262037037037038 0.4109490740740741 0.06751157407407397 0.047233796296296225
1 0.8828067129629631 0.4667071759259259 0.09577546296296262 0.06744212962962966
2 0.21052083333333335 0.48182870370370373 0.06604166666666664 0.05965277777777782
2 0.534375 0.554849537037037 0.07278935185185187 0.127164351851852
2 0.8086689814814815 0.3683680555555556 0.017418981481481667 0.0321412037037037
1 0.8699074074074075 0.41215277777777776 0.06435185185185191 0.04238425925925924
1 0.8680439814814814 0.3714467592592593 0.02994212962962948 0.035914351851851836
4 0.37206018518518513 0.4659953703703703 0.15225694444444446 0.10160879629629634
4 0.5704976851851852 0.3708564814814815 0.14453703703703696 0.11370370370370378
2 0.6664583333333333 0.46329861111111115 0.03185185185185198 0.08287037037037041
2 0.6668576388888889 0.41177662037037044 0.03312500000000007 0.043888888888889
2 0.5955555555555556 0.48539351851851853 0.04280092592592588 0.08499999999999996
1 0.5833854166666667 0.4238483796296297 0.07531250000000007 0.046076388888888785
2 0.8492418981481482 0.36344328703703704 0.015775462962962904 0.02112268518518521
2 0.8939699074074074 0.39231481481481484 0.023622685185185333 0.026215277777777678
2 0.8681192129629629 0.4870312500000001 0.05356481481481481 0.06212962962962969
1 0.44054976851851857 0.4344039351851852 0.09890046296296298 0.06760416666666665
2 0.558605324074074 0.45223958333333336 0.03804398148148138 0.07538194444444439
2 0.6328125 0.45452546296296303 0.034930555555555645 0.07678240740740741
2 0.7171238425925927 0.45030671296296293 0.039594907407407474 0.07390046296296297
2 0.7840277777777778 0.41550925925925924 0.02371527777777782 0.038715277777777855
2 0.32253472222222224 0.7383217592592592 0.1211342592592592 0.11717592592592592
3 0.021707175925925925 0.6110474537037037 0.035335648148148144 0.1314699074074074
3 0.929548611111111 0.7674537037037037 0.09491898148148152 0.16267361111111106
3 0.9634490740740741 0.5615856481481482 0.07310185185185177 0.09303240740740755
3 0.9437384259259259 0.4690856481481481 0.030000000000000072 0.043726851851851836
3 0.040086805555555556 0.35116319444444444 0.023761574074074077 0.04496527777777777
1 0.09083333333333334 0.3491087962962963 0.0909837962962963 0.053136574074074086
1 0.2602083333333333 0.44223379629629633 0.09281249999999996 0.08915509259259266