0 0.5844618055555555 0.3381423611111111 0.24951388888888887 0.21218750000000003
1 0.13482060185185185 0.636892361111111 0.19460648148148146 0.1754513888888889
1 0.42696759259259265 0.41170138888888885 0.12675925925925924 0.06954861111111121
1 0.809380787037037 0.5380034722222222 0.24525462962962977 0.19017361111111128
2 0.2202314814814815 0.5172048611111111 0.08462962962962965 0.09885416666666665
2 0.2692071759259259 0.6160416666666666 0.10489583333333333 0.15899305555555543
1 0.8812962962962964 0.2184548611111111 0.05324074074074083 0.06472222222222221
1 0.8065567129629629 0.2570138888888889 0.050543981481481384 0.04277777777777771
1 0.7346701388888889 0.27508680555555554 0.06994212962962969 0.05611111111111118
1 0.8413194444444445 0.44418402777777777 0.16496527777777778 0.11489583333333328
4 0.2530324074074074 0.4249131944444445 0.19846064814814818 0.18965277777777773
4 0.7878009259259259 0.2124305555555556 0.07947916666666668 0.05965277777777782
3 0.8866203703703703 0.3513368055555556 0.05577546296296312 0.08354166666666671
1 0.8708564814814815 0.31914930555555554 0.08300925925925924 0.06760416666666665
3 0.9691869212962964 0.40064236111111107 0.06162615740740733 0.071875
2 0.5440393518518519 0.5552777777777778 0.09042824074074077 0.15055555555555564
3 0.967884837962963 0.5921875 0.06423032407407411 0.10388888888888896
2 0.8426157407407407 0.25776041666666666 0.038125000000000145 0.04378472222222225
2 0.8876851851851851 0.2510590277777778 0.026782407407407404 0.03548611111111111
3 0.5880960648148148 0.74046875 0.11921296296296298 0.04427083333333322
1 0.412337962962963 0.5071006944444445 0.19519675925925917 0.15677083333333322
3 0.9410879629629629 0.3144618055555556 0.05208333333333322 0.07246527777777781
2 0.37164930555555553 0.64359375 0.11729166666666675 0.18760416666666657
1 0.37550347222222225 0.3403819444444444 0.07422453703703705 0.0485069444444445