1 0.2390625 0.6046875 0.184375 0.1421875
2 0.3203125 0.384375 0.0328125 0.05
1 0.1875 0.5328125 0.14375 0.0953125
0 0.6796875 0.546875 0.525 0.3640625
2 0.3890625 0.365625 0.028125 0.0390625
1 0.384375 0.446875 0.121875 0.0796875
2 0.2 0.3453125 0.0140625 0.0421875
2 0.2359375 0.3734375 0.021875 0.053125
1 0.1171875 0.453125 0.0984375 0.096875
2 0.18125 0.371875 0.021875 0.053125
1 0.11875 0.3203125 0.0359375 0.0390625
2 0.3671875 0.3765625 0.0328125 0.0453125
2 0.275 0.3609375 0.0234375 0.0421875
3 0.0484375 0.415625 0.0203125 0.0640625
3 0.0390625 0.50625 0.065625 0.0796875
0 0.5125 0.3140625 0.2015625 0.065625
4 0.9546875 0.5 0.0703125 0.2
1 0.4046875 0.69375 0.1953125 0.140625
3 0.034375 0.3875 0.015625 0.028125
2 0.1453125 0.3546875 0.0171875 0.046875
2 0.165625 0.309375 0.0109375 0.015625
2 0.2484375 0.359375 0.015625 0.0453125
2 0.2796875 0.3328125 0.009375 0.015625
2 0.3359375 0.365625 0.015625 0.04375
1 0.3234375 0.3453125 0.053125 0.0328125
1 0.3015625 0.3375 0.0296875 0.0265625
1 0.1734375 0.3328125 0.0328125 0.0265625
1 0.10625 0.2875 0.021875 0.0171875
2 0.0953125 0.303125 0.0109375 0.025
1 0.0671875 0.3703125 0.0375 0.0453125