1 0.18125 0.5265625 0.140625 0.090625
2 0.56875 0.49375 0.06875 0.103125
1 0.234375 0.5921875 0.1890625 0.1109375
1 0.521875 0.4046875 0.096875 0.0609375
1 0.7359375 0.3328125 0.140625 0.0703125
1 0.390625 0.434375 0.1078125 0.0765625
3 0.0484375 0.4109375 0.028125 0.06875
1 0.225 0.3484375 0.053125 0.0390625
1 0.1171875 0.4421875 0.1015625 0.0921875
1 0.325 0.3515625 0.0625 0.0390625
0 0.60625 0.321875 0.1078125 0.053125
4 0.58125 0.325 0.0578125 0.046875
1 0.9640625 0.6640625 0.071875 0.2328125
3 0.2578125 0.671875 0.059375 0.146875
3 0.06875 0.7078125 0.0640625 0.1390625
3 0.0359375 0.5109375 0.0671875 0.075
3 0.071875 0.3890625 0.0171875 0.034375
2 0.1359375 0.3125 0.015625 0.0296875
1 0.084375 0.3046875 0.025 0.0296875
2 0.115625 0.3 0.0125 0.025
0 0.103125 0.278125 0.034375 0.0296875