1 0.19786458333333332 0.523587962962963 0.1512615740740741 0.10410879629629619
1 0.26449652777777777 0.6065104166666666 0.21097222222222226 0.17159722222222235
1 0.8578877314814815 0.29508101851851853 0.09320601851851862 0.03983796296296296
1 0.43461805555555555 0.3522511574074074 0.06104166666666657 0.05976851851851848
2 0.4599363425925926 0.4407523148148148 0.04956018518518519 0.09340277777777768
1 0.7640509259259259 0.641082175925926 0.27880787037037036 0.19745370370370363
1 0.6832870370370371 0.45099537037037035 0.1690509259259258 0.1254398148148148
3 0.06351273148148148 0.42667824074074073 0.04114583333333335 0.07262731481481488
1 0.6496759259259259 0.3731597222222222 0.13976851851851854 0.08471064814814815
1 0.8698611111111111 0.4086342592592592 0.18894675925925916 0.1125810185185184
1 0.32972222222222225 0.3514236111111111 0.06521990740740743 0.0428587962962963
2 0.15605324074074073 0.35388888888888886 0.021469907407407396 0.040266203703703776
2 0.34541666666666665 0.3528414351851852 0.021377314814814773 0.03714120370370368
1 0.12844907407407408 0.320306712962963 0.030613425925925954 0.03300925925925924
1 0.22542245370370367 0.3442997685185185 0.06048611111111111 0.041018518518518475
1 0.15330439814814817 0.39318287037037036 0.06288194444444448 0.06923611111111114
2 0.1421238425925926 0.3328009259259259 0.01650462962962962 0.030613425925925954
1 0.06252893518518518 0.34064814814814814 0.0778587962962963 0.048287037037037094
4 0.35094907407407405 0.43390625 0.1162962962962963 0.13479166666666664
1 0.21916666666666665 0.31806134259259256 0.0427893518518518 0.022812500000000034
2 0.5977951388888889 0.3918865740740741 0.05065972222222222 0.07787037037037034
2 0.3297569444444444 0.2997685185185185 0.11780092592592588 0.08028935185185179
4 0.9798726851851851 0.4571585648148148 0.04025462962962969 0.16408564814814816
3 0.291875 0.6588888888888889 0.06454861111111114 0.12548611111111113
3 0.10187500000000001 0.6912789351851851 0.08521990740740741 0.0861574074074074
3 0.05234375 0.5251678240740741 0.06439814814814815 0.06776620370370381
1 0.07177662037037037 0.38862268518518517 0.0811226851851852 0.05315972222222225
3 0.06741319444444445 0.3998379629629629 0.01962962962962962 0.030798611111111106
2 0.16300925925925927 0.3245196759259259 0.014803240740740709 0.025833333333333285
1 0.15314814814814817 0.3086689814814815 0.02408564814814813 0.023263888888888928
4 0.11488425925925924 0.28510995370370373 0.048078703703703686 0.04340277777777777
1 0.4214641203703703 0.410162037037037 0.058333333333333216 0.07364583333333333
2 0.6639467592592593 0.3793576388888889 0.03070601851851844 0.03613425925925924