1 0.8295138888888889 0.5650752314814815 0.19137731481481488 0.11568287037037042
2 0.842667824074074 0.6542824074074074 0.09949074074074069 0.14947916666666677
1 0.26200810185185186 0.374681712962963 0.06763888888888889 0.0659143518518519
2 0.47104745370370366 0.4502893518518519 0.0740856481481483 0.09293981481481488
0 0.565619212962963 0.35734953703703703 0.12555555555555564 0.08425925925925934
2 0.20168402777777777 0.3475694444444445 0.03629629629629631 0.05109953703703703
3 0.04153935185185185 0.4426793981481481 0.06780092592592593 0.08778935185185191
1 0.33989004629629627 0.34765625 0.0643634259259259 0.045370370370370415
1 0.3638136574074074 0.4150173611111111 0.10053240740740747 0.07928240740740744
1 0.1685590277777778 0.30295138888888895 0.05965277777777778 0.041898148148148094
1 0.1816898148148148 0.49444444444444446 0.1616666666666667 0.11035879629629619
3 0.0870486111111111 0.3671875 0.04581018518518518 0.07054398148148149
2 0.24290509259259263 0.3256365740740741 0.04714120370370374 0.039409722222222235
3 0.06985532407407406 0.3651331018518519 0.0348611111111111 0.06817129629629629
1 0.1972800925925926 0.2800925925925926 0.04082175925925924 0.029571759259259256
2 0.8036400462962963 0.4452546296296297 0.03931712962962948 0.03726851851851851
1 0.23549189814814814 0.5897858796296296 0.2074305555555555 0.17465277777777785
3 0.1617650462962963 0.6506944444444445 0.07302083333333335 0.16001157407407404
3 0.24305555555555552 0.662181712962963 0.06982638888888885 0.15040509259259255
3 0.05556712962962963 0.6498553240740741 0.08362268518518519 0.11550925925925917
1 0.14443287037037036 0.419068287037037 0.12875 0.09386574074074083
1 0.6674479166666666 0.4008101851851852 0.050289351851851904 0.04276620370370363
4 0.2416550925925926 0.2622974537037037 0.040868055555555574 0.035821759259259255
4 0.1554976851851852 0.226244212962963 0.02833333333333332 0.030208333333333393