1 0.096875 0.3234375 0.0453125 0.03125
0 0.7546875 0.596875 0.4890625 0.36875
1 0.7453125 0.4234375 0.1546875 0.0453125
1 0.465625 0.415625 0.096875 0.0671875
1 0.2265625 0.6 0.2203125 0.1609375
4 0.5796875 0.4046875 0.10625 0.06875
2 0.2234375 0.34375 0.0203125 0.0421875
1 0.2734375 0.3359375 0.05625 0.0453125
4 0.3671875 0.284375 0.0875 0.0609375
1 0.3046875 0.39375 0.0859375 0.0609375
1 0.3203125 0.353125 0.0546875 0.0265625
1 0.115625 0.4453125 0.1 0.0890625
1 0.184375 0.5390625 0.159375 0.1171875
2 0.4390625 0.4578125 0.0390625 0.090625
4 0.4265625 0.3703125 0.0703125 0.0703125
1 0.134375 0.3171875 0.034375 0.0359375
4 0.1703125 0.290625 0.0609375 0.040625
3 0.034375 0.496875 0.06875 0.0859375
2 0.2078125 0.353125 0.015625 0.046875
3 0.0359375 0.390625 0.03125 0.046875
2 0.1140625 0.35 0.0234375 0.040625
1 0.1890625 0.33125 0.0296875 0.0328125
1 0.1046875 0.2984375 0.025 0.021875
1 0.5296875 0.3203125 0.028125 0.0328125
1 0.5703125 0.328125 0.0453125 0.01875
1 0.771875 0.3515625 0.071875 0.025
4 0.1890625 0.2625 0.0484375 0.04375