1 0.2881597222222222 0.5153356481481481 0.27451388888888884 0.21134259259259275
1 0.2382407407407407 0.4130787037037037 0.19891203703703705 0.13680555555555554
2 0.5844618055555555 0.44800347222222214 0.06744212962962966 0.09762731481481488
2 0.6049305555555555 0.4049768518518519 0.05717592592592595 0.08009259259259274
1 0.5482986111111112 0.3695023148148148 0.1171180555555555 0.0932291666666667
1 0.7218344907407408 0.395167824074074 0.09591435185185197 0.0752893518518519
1 0.7672048611111112 0.6361400462962964 0.23701388888888886 0.2099537037037038
1 0.8387210648148148 0.5661747685185186 0.19182870370370358 0.15057870370370363
1 0.912824074074074 0.5008101851851852 0.12030092592592609 0.12453703703703703
2 0.11708912037037038 0.28058449074074077 0.03039351851851855 0.044791666666666695
2 0.09837962962962962 0.2820601851851852 0.03828703703703704 0.046643518518518515
2 0.840925925925926 0.42754629629629626 0.04707175925925924 0.06568287037037042
1 0.7821643518518518 0.3811921296296296 0.03704861111111093 0.05283564814814819
1 0.8200810185185186 0.37274305555555554 0.05596064814814809 0.05665509259259256
1 0.8671064814814816 0.38900462962962956 0.06353009259259253 0.05225694444444447
3 0.9720109953703704 0.5561053240740741 0.05597800925925931 0.09027777777777786
3 0.9795254629629631 0.48894675925925923 0.040011574074074116 0.04982638888888893
3 0.9926678240740742 0.4403645833333333 0.01466435185185162 0.04334490740740744
4 0.7880844907407407 0.32931134259259254 0.10553240740740719 0.08032407407407405
4 0.7549710648148148 0.29453125 0.07988425925925924 0.0668981481481481
4 0.9379108796296297 0.3355034722222222 0.05267361111111128 0.05341435185185191
4 0.9100405092592592 0.32635995370370374 0.03500000000000014 0.04340277777777786
0 0.977945601851852 0.3485243055555555 0.04410879629629605 0.06163194444444446
4 0.8990856481481482 0.296238425925926 0.05884259259259252 0.05208333333333339
2 0.9127141203703705 0.3779224537037037 0.029907407407407403 0.03541666666666661
1 0.8753182870370371 0.3511284722222222 0.042326388888889 0.034317129629629586
2 0.9633622685185184 0.3885706018518519 0.03631944444444457 0.03877314814814818
2 0.547980324074074 0.30298032407407405 0.018321759259259274 0.02251157407407405
1 0.5235185185185185 0.29918981481481477 0.035914351851851836 0.030960648148148095
1 0.5992071759259259 0.309693287037037 0.042164351851851835 0.031192129629629584
1 0.3468344907407407 0.30338541666666663 0.08319444444444439 0.04050925925925926
1 0.06343750000000001 0.27239583333333334 0.04222222222222223 0.06238425925925926