1 0.303125 0.3609375 0.0546875 0.034375
1 0.1875 0.521875 0.15 0.0859375
1 0.5984375 0.4640625 0.1171875 0.10625
1 0.2359375 0.6078125 0.2 0.140625
1 0.4046875 0.46875 0.1 0.096875
1 0.48125 0.4234375 0.1015625 0.0578125
4 0.334375 0.3203125 0.1125 0.0609375
1 0.1234375 0.446875 0.109375 0.084375
2 0.290625 0.4296875 0.046875 0.0671875
1 0.1015625 0.3734375 0.06875 0.0515625
1 0.7109375 0.4375 0.1078125 0.0828125
1 0.1796875 0.396875 0.1078125 0.0515625
2 0.8890625 0.521875 0.078125 0.1046875
1 0.7265625 0.34375 0.0453125 0.0265625
1 0.29375 0.4078125 0.06875 0.059375
2 0.3484375 0.4234375 0.0328125 0.0671875
1 0.540625 0.3921875 0.084375 0.0421875
3 0.040625 0.5 0.05625 0.084375
3 0.025 0.421875 0.034375 0.0671875
1 0.090625 0.3 0.0359375 0.0296875
2 0.4984375 0.5484375 0.0609375 0.1296875
2 0.1625 0.3125 0.028125 0.028125
4 0.4015625 0.3734375 0.10625 0.0734375
1 0.396875 0.7046875 0.1953125 0.153125
3 0.171875 0.4359375 0.0296875 0.08125
2 0.2453125 0.3828125 0.0328125 0.0515625
1 0.2203125 0.359375 0.0546875 0.034375
0 0.4984375 0.31875 0.096875 0.0515625
0 0.2484375 0.2859375 0.0453125 0.0421875
4 0.1953125 0.271875 0.0453125 0.0390625
1 0.871875 0.3546875 0.0671875 0.0359375
2 0.525 0.478125 0.0453125 0.0875
2 0.9171875 0.4890625 0.0421875 0.1078125
2 0.9140625 0.3671875 0.01875 0.0203125
2 0.809375 0.35 0.0171875 0.0265625
2 0.6296875 0.334375 0.0125 0.01875
2 0.6875 0.3421875 0.0140625 0.015625
2 0.1265625 0.2984375 0.0109375 0.0265625