1 0.8020486111111111 0.4934490740740741 0.13940972222222214 0.0801388888888889
1 0.7926041666666667 0.5652314814814815 0.15159722222222244 0.10842592592592588
1 0.5317708333333334 0.4534837962962962 0.13555555555555543 0.09881944444444457
1 0.7218402777777777 0.644704861111111 0.21361111111111128 0.1686805555555555
1 0.580295138888889 0.3994791666666667 0.08680555555555572 0.05593749999999993
2 0.06666666666666667 0.5404050925925926 0.1179513888888889 0.1594560185185186
1 0.2929513888888889 0.5148321759259259 0.19718750000000007 0.18561342592592603
1 0.06602430555555555 0.3261921296296296 0.12479166666666666 0.06743055555555558
2 0.42319444444444443 0.4338946759259259 0.06326388888888897 0.08837962962962961
1 0.8702951388888888 0.4530266203703704 0.07920138888888886 0.060509259259259277
2 0.6932291666666666 0.4441493055555556 0.045451388888889 0.07406250000000014
2 0.8539756944444445 0.3980613425925926 0.04249999999999972 0.042789351851851884
3 0.8859201388888888 0.5587962962962962 0.06614583333333357 0.11809027777777778
2 0.9126562500000001 0.3442071759259259 0.011770833333333286 0.018912037037036988
2 0.9513194444444444 0.37135995370370367 0.05295138888888893 0.032013888888888876
1 0.8802777777777777 0.3515451388888889 0.03909722222222243 0.036493055555555556
4 0.8540798611111111 0.3253587962962963 0.05486111111111107 0.039849537037036954
1 0.8043576388888889 0.35354745370370366 0.04052083333333343 0.03339120370370363
3 0.8750520833333333 0.6977893518518519 0.05059027777777771 0.04915509259259263
3 0.8767708333333333 0.7470659722222223 0.04340277777777786 0.06310185185185198
3 0.7799131944444444 0.48139467592592594 0.02444444444444436 0.05813657407407398
3 0.9340972222222221 0.5477835648148147 0.04038194444444443 0.10053240740740747
3 0.9151736111111111 0.48105324074074074 0.031111111111111 0.06760416666666665
1 0.746875 0.3980381944444444 0.06472222222222221 0.05092592592592595
2 0.7769965277777777 0.3711226851851852 0.018298611111111106 0.025254629629629655
1 0.929548611111111 0.40387152777777774 0.03128472222222243 0.03637731481481481
2 0.8437152777777778 0.36507523148148147 0.021770833333333427 0.03311342592592599
2 0.8265277777777778 0.36482060185185183 0.018645833333333427 0.033067129629629655
1 0.9076388888888889 0.33396990740740745 0.019444444444444285 0.01590277777777782
3 0.825954861111111 0.5008391203703704 0.028576388888888714 0.04570601851851848
1 0.4997916666666667 0.32870949074074074 0.030798611111111106 0.02543981481481481