1 0.7998032407407407 0.5918055555555556 0.1915046296296296 0.12304398148148152
2 0.5193171296296296 0.45052083333333337 0.07743055555555553 0.09481481481481495
1 0.792204861111111 0.3448263888888889 0.062152777777777855 0.04775462962962962
4 0.26730324074074074 0.3674594907407408 0.4011111111111111 0.2354282407407407
1 0.7243460648148148 0.38727430555555553 0.09248842592592599 0.05913194444444443
1 0.8480729166666666 0.5222800925925926 0.1508680555555557 0.09590277777777771
1 0.9117361111111112 0.4486168981481482 0.10711805555555572 0.09525462962962976
2 0.6469560185185185 0.4932002314814815 0.0915162037037037 0.14810185185185176
3 0.974855324074074 0.41239583333333335 0.050289351851851904 0.07275462962962961
1 0.8826446759259259 0.3403587962962963 0.05811342592592581 0.05862268518518521
1 0.03986111111111111 0.35597222222222225 0.03237268518518518 0.04575231481481481
3 0.9768518518518519 0.508431712962963 0.04629629629629619 0.07760416666666678
1 0.528449074074074 0.31432870370370375 0.03438657407407408 0.02704861111111114
2 0.8176736111111111 0.3655613425925926 0.0280555555555555 0.0519328703703704
2 0.7280034722222222 0.343431712962963 0.02482638888888893 0.02378472222222223
2 0.671712962962963 0.35677662037037033 0.02474537037037052 0.04876157407407415
2 0.6988599537037037 0.4322222222222222 0.039004629629629584 0.0786342592592593
3 0.9562037037037037 0.40729745370370374 0.02907407407407412 0.0691203703703703
3 0.7710127314814814 0.6469675925925926 0.056203703703703665 0.1054282407407408
1 0.5736689814814815 0.3120949074074074 0.0549768518518519 0.032037037037037044
0 0.6107465277777778 0.2912152777777778 0.06922453703703706 0.035370370370370455
0 0.8696990740740741 0.2670486111111111 0.037511574074073906 0.027094907407407477
0 0.8165277777777777 0.26705439814814813 0.037233796296296265 0.022407407407407477
2 0.8403124999999999 0.32534722222222223 0.020509259259259238 0.02996527777777782
1 0.8750462962962964 0.3045023148148148 0.04394675925925924 0.030312499999999964
2 0.9307118055555555 0.33339120370370373 0.027499999999999858 0.04255787037037031
2 0.9506481481481484 0.3135474537037037 0.015636574074073907 0.02677083333333332