1 0.240625 0.609375 0.1859375 0.1375
1 0.6359375 0.5125 0.15 0.134375
1 0.5453125 0.4203125 0.109375 0.0671875
1 0.9265625 0.365625 0.109375 0.0515625
1 0.11875 0.4546875 0.1046875 0.0953125
1 0.2265625 0.4125 0.0890625 0.0921875
1 0.1828125 0.5234375 0.1515625 0.0875
2 0.2671875 0.375 0.0265625 0.040625
2 0.7921875 0.6125 0.1078125 0.146875
2 0.1640625 0.3390625 0.025 0.04375
1 0.73125 0.3515625 0.0640625 0.0234375
3 0.04375 0.4109375 0.046875 0.065625
4 0.4078125 0.3375 0.140625 0.121875
3 0.040625 0.50625 0.0671875 0.0734375
2 0.41875 0.4578125 0.0421875 0.0734375
0 0.865625 0.7296875 0.2625 0.103125
1 0.9890625 0.3609375 0.021875 0.0625
2 0.0859375 0.2828125 0.0375 0.021875
1 0.06875 0.378125 0.090625 0.0453125
1 0.25625 0.3265625 0.053125 0.03125
1 0.8203125 0.3484375 0.0734375 0.03125
2 0.353125 0.440625 0.040625 0.0703125
2 0.2875 0.453125 0.034375 0.0875
2 0.315625 0.4015625 0.040625 0.0625
2 0.3015625 0.375 0.0125 0.046875
2 0.196875 0.3375 0.0171875 0.034375
3 0.1640625 0.671875 0.0640625 0.109375