1 0.34710069444444447 0.46199652777777783 0.14653935185185177 0.08388888888888886
1 0.7607349537037036 0.5994502314814815 0.2257291666666667 0.15634259259259267
1 0.6349537037037037 0.3875578703703703 0.09145833333333328 0.056921296296296296
1 0.8136053240740742 0.5115509259259259 0.1529050925925926 0.0917476851851852
0 0.07742476851851851 0.7334664351851853 0.15061342592592591 0.14797453703703703
2 0.21892939814814816 0.4641724537037037 0.06850694444444443 0.08956018518518523
1 0.8583622685185185 0.33842592592592596 0.06312500000000014 0.04265046296296297
2 0.2851678240740741 0.5287326388888889 0.08760416666666666 0.11313657407407404
2 0.7932986111111111 0.35278935185185184 0.037986111111111144 0.03309027777777782
2 0.8931192129629629 0.4183796296296296 0.029097222222222285 0.06583333333333333
1 0.8606539351851852 0.39469907407407406 0.07587962962962962 0.059930555555555556
3 0.5387500000000001 0.65796875 0.06835648148148152 0.18486111111111114
2 0.7044155092592592 0.39276041666666667 0.060277777777777784 0.06137731481481481
1 0.7027199074074074 0.34899305555555554 0.07096064814814813 0.0442708333333333
3 0.8029282407407408 0.44115162037037037 0.05717592592592595 0.06291666666666665
3 0.648599537037037 0.6267476851851852 0.05642361111111107 0.11759259259259273
1 0.08835937499999999 0.6592997685185186 0.17671874999999998 0.1794560185185185
2 0.6436342592592592 0.4345023148148148 0.046354166666666606 0.07064814814814806
1 0.7156712962962963 0.31861689814814814 0.04873842592592581 0.020671296296296226
3 0.9354282407407407 0.4632291666666667 0.03909722222222243 0.10809027777777765
3 0.9202951388888889 0.6936111111111112 0.07436342592592596 0.06304398148148138
2 0.4146354166666667 0.33357638888888885 0.019004629629629656 0.017326388888888822
2 0.7568807870370371 0.33220486111111114 0.03339120370370381 0.03930555555555557
3 0.9217476851851852 0.6483043981481481 0.06668981481481495 0.07236111111111114
2 0.5600752314814814 0.4315393518518519 0.04791666666666679 0.07065972222222214
4 0.7444618055555555 0.7485648148148148 0.21960648148148146 0.059432870370370414
1 0.6348206018518519 0.34380208333333334 0.05046296296296297 0.031620370370370396
1 0.06705439814814815 0.3786631944444444 0.0647337962962963 0.04578703703703706
3 0.9097395833333334 0.4567881944444444 0.03126157407407391 0.1064699074074074
1 0.9178761574074074 0.32949074074074075 0.025532407407407476 0.036122685185185154
1 0.8197743055555555 0.3061053240740741 0.01443287037037031 0.02510416666666666
1 0.8031712962962964 0.31926504629629626 0.023900462962962978 0.03142361111111107
2 0.7897395833333334 0.32932291666666663 0.020729166666666642 0.028275462962962905
1 0.8629629629629629 0.2915798611111111 0.034930555555555645 0.03775462962962965
1 0.8541724537037038 0.3047974537037037 0.017604166666666643 0.028252314814814827
2 0.837662037037037 0.3117071759259259 0.017581018518518475 0.026689814814814826
1 0.7587442129629629 0.31190393518518517 0.033159722222222146 0.023680555555555573
1 0.7870775462962963 0.2980497685185185 0.02684027777777782 0.01894675925925924
0 0.8822337962962962 0.25656249999999997 0.05062500000000014 0.04255787037037031
1 0.5399594907407408 0.3126273148148148 0.025324074074074155 0.022060185185185155
1 0.47019675925925924 0.32773726851851853 0.04092592592592599 0.0206134259259259
2 0.3598553240740741 0.3394212962962963 0.028425925925925986 0.02052083333333332
1 0.16409143518518518 0.36844328703703705 0.05843750000000001 0.042615740740740725
2 0.15468171296296296 0.37071759259259257 0.026886574074074066 0.02207175925925924
2 0.06299768518518518 0.3887905092592593 0.022245370370370353 0.025162037037037076