1 0.865625 0.6265625 0.265625 0.1640625
0 0.584375 0.315625 0.1515625 0.0640625
1 0.1828125 0.525 0.1453125 0.0953125
2 0.559375 0.5640625 0.034375 0.14375
2 0.6 0.4671875 0.059375 0.0984375
1 0.3984375 0.396875 0.090625 0.0578125
1 0.2375 0.6078125 0.1859375 0.1359375
1 0.2375 0.33125 0.04375 0.0296875
1 0.29375 0.340625 0.0546875 0.028125
1 0.125 0.4078125 0.0671875 0.05625
1 0.79375 0.465625 0.1203125 0.1140625
1 0.165625 0.3375 0.0375 0.04375
3 0.184375 0.43125 0.0671875 0.0875
1 0.3171875 0.3703125 0.059375 0.0546875
1 0.4734375 0.565625 0.1421875 0.1828125
2 0.19375 0.2890625 0.065625 0.05
1 0.20625 0.3421875 0.034375 0.0234375
2 0.9859375 0.3625 0.028125 0.0453125
2 0.1 0.3265625 0.0375 0.0484375
1 0.203125 0.325 0.0328125 0.01875
3 0.0796875 0.66875 0.0609375 0.090625
3 0.3109375 0.684375 0.0421875 0.096875
3 0.346875 0.6515625 0.04375 0.109375
3 0.353125 0.546875 0.0421875 0.0890625
3 0.4546875 0.725 0.1375 0.1125
1 0.525 0.4140625 0.08125 0.0640625
1 0.865625 0.3546875 0.071875 0.0296875
3 0.0421875 0.478125 0.0234375 0.1125
3 0.0734375 0.5046875 0.021875 0.103125
3 0.1046875 0.48125 0.021875 0.090625
3 0.0453125 0.403125 0.0203125 0.0328125
3 0.0703125 0.3421875 0.01875 0.034375
2 0.115625 0.3515625 0.0203125 0.0359375
2 0.1453125 0.353125 0.0140625 0.04375