1 0.4578125 0.5640625 0.184375 0.1296875
1 0.2296875 0.590625 0.184375 0.1046875
2 0.6265625 0.496875 0.071875 0.1015625
2 0.725 0.578125 0.09375 0.1453125
1 0.3140625 0.3671875 0.05 0.0546875
1 0.1828125 0.525 0.1515625 0.096875
1 0.1078125 0.3390625 0.0453125 0.0453125
2 0.2171875 0.3453125 0.0265625 0.040625
2 0.334375 0.46875 0.0546875 0.09375
4 0.859375 0.3453125 0.203125 0.078125
1 0.5125 0.3953125 0.096875 0.0625
2 0.159375 0.353125 0.025 0.040625
1 0.08125 0.375 0.0578125 0.046875
1 0.3890625 0.3796875 0.0671875 0.0546875
1 0.271875 0.359375 0.0328125 0.040625
1 0.165625 0.3046875 0.03125 0.025
1 0.2015625 0.3125 0.04375 0.025
1 0.08125 0.30625 0.0265625 0.0265625
3 0.071875 0.709375 0.0625 0.134375
3 0.2609375 0.671875 0.0703125 0.1484375
3 0.0421875 0.5140625 0.0640625 0.0640625
3 0.0484375 0.4140625 0.015625 0.0625
3 0.059375 0.4078125 0.0171875 0.0703125