1 0.1203125 0.4453125 0.1 0.084375
1 0.3953125 0.4125 0.103125 0.0546875
1 0.83125 0.534375 0.2 0.1046875
2 0.5265625 0.5875 0.065625 0.14375
1 0.1828125 0.5234375 0.15 0.0859375
1 0.2359375 0.609375 0.2078125 0.153125
1 0.290625 0.3375 0.053125 0.040625
2 0.178125 0.3828125 0.0328125 0.05
3 0.2640625 0.665625 0.0671875 0.125
1 0.3109375 0.3859375 0.0734375 0.0453125
1 0.20625 0.3328125 0.0390625 0.0421875
2 0.0984375 0.3375 0.0265625 0.0328125
1 0.4 0.4828125 0.125 0.0953125
2 0.1296875 0.3375 0.03125 0.0328125
3 0.040625 0.509375 0.0609375 0.05625
1 0.0640625 0.378125 0.0671875 0.05
2 0.5296875 0.45625 0.0453125 0.0890625
3 0.046875 0.4125 0.034375 0.059375
1 0.96953125 0.3796875 0.0609375 0.04375
2 0.59375 0.5 0.05 0.096875
1 0.85234375 0.68046875 0.2953125 0.2015625
4 0.49375 0.3140625 0.0640625 0.05
1 0.70625 0.3484375 0.053125 0.0359375
2 0.1640625 0.334375 0.0125 0.034375
1 0.225 0.3203125 0.0328125 0.025
1 0.1515625 0.3203125 0.0296875 0.025
1 0.8125 0.365625 0.0625 0.0296875
4 0.2125 0.2765625 0.034375 0.0296875
1 0.475 0.403125 0.0671875 0.0546875
1 0.4328125 0.3109375 0.021875 0.0140625
2 0.56875 0.325 0.0109375 0.01875
3 0.58125 0.325 0.0078125 0.0203125
3 0.5984375 0.3265625 0.0109375 0.01875
2 0.6203125 0.3328125 0.0125 0.0109375
2 0.671875 0.3359375 0.009375 0.0125
2 0.7234375 0.353125 0.009375 0.009375
2 0.18125 0.35 0.0140625 0.025
2 0.18125 0.3140625 0.0078125 0.0265625
2 0.1265625 0.3046875 0.0140625 0.0234375
2 0.0765625 0.3109375 0.0125 0.03125
1 0.1 0.309375 0.03125 0.028125
1 0.1515625 0.2953125 0.034375 0.0234375
2 0.3140625 0.3546875 0.0171875 0.015625
1 0.253125 0.2875 0.0171875 0.0140625
2 0.2671875 0.290625 0.009375 0.0125
0 0.121875 0.2609375 0.01875 0.015625