0 0.309375 0.390625 0.2046875 0.1453125
1 0.2390625 0.6078125 0.1953125 0.15
1 0.903125 0.546875 0.19375 0.1265625
1 0.1796875 0.5234375 0.1484375 0.0890625
1 0.5859375 0.3890625 0.09375 0.0609375
1 0.646875 0.4453125 0.1140625 0.075
1 0.5359375 0.4734375 0.1515625 0.1015625
4 0.2 0.303125 0.04375 0.034375
1 0.115625 0.29375 0.028125 0.0296875
1 0.7359375 0.56875 0.1515625 0.1484375
3 0.0390625 0.5046875 0.0671875 0.06875
2 0.1921875 0.35625 0.0265625 0.0359375
2 0.1609375 0.31875 0.0109375 0.028125
1 0.8125 0.4703125 0.1609375 0.0625
1 0.1390625 0.3265625 0.034375 0.0328125
1 0.125 0.4109375 0.0859375 0.06875
1 0.0875 0.3296875 0.0375 0.0359375
1 0.934375 0.3609375 0.128125 0.05
2 0.4828125 0.4 0.0234375 0.065625
2 0.521875 0.4125 0.0484375 0.0453125
4 0.75625 0.34375 0.0890625 0.034375
3 0.0453125 0.396875 0.0296875 0.0359375
1 0.503125 0.61875 0.1359375 0.178125
2 0.98359375 0.59921875 0.0328125 0.1109375
2 0.4234375 0.509375 0.05625 0.1046875
2 0.5921875 0.5734375 0.046875 0.1109375
2 0.4375 0.4328125 0.0375 0.065625
1 0.409375 0.4140625 0.0390625 0.0640625
3 0.1328125 0.428125 0.021875 0.06875
3 0.0546875 0.45 0.0234375 0.071875
1 0.0796875 0.3890625 0.03125 0.046875
1 0.175 0.340625 0.021875 0.034375
2 0.08125 0.3015625 0.0140625 0.0125
2 0.178125 0.315625 0.0125 0.0109375
2 0.2109375 0.3203125 0.015625 0.0140625
1 0.2296875 0.3171875 0.03125 0.0125
1 0.4 0.3640625 0.0234375 0.040625
2 0.95625 0.3703125 0.025 0.040625
2 0.8953125 0.3609375 0.0328125 0.0265625
4 0.4765625 0.3140625 0.0359375 0.0234375
3 0.0796875 0.6703125 0.059375 0.0734375