4 0.6025347222222223 0.26776620370370374 0.1820833333333333 0.11446759259259257
1 0.12796875000000002 0.5160011574074075 0.11482638888888888 0.10885416666666678
2 0.26722222222222225 0.4138888888888889 0.04815972222222218 0.05954861111111107
1 0.10119791666666667 0.4372395833333334 0.08892361111111113 0.06730324074074083
1 0.08078125 0.398119212962963 0.05406249999999999 0.04415509259259256
1 0.27067708333333335 0.6397280092592593 0.2179166666666667 0.18136574074074083
1 0.1951041666666667 0.37042824074074077 0.049131944444444464 0.03304398148148149
1 0.20196180555555557 0.5734664351851853 0.15871527777777777 0.11672453703703703
3 0.0554513888888889 0.48975694444444445 0.046805555555555545 0.06886574074074084
0 0.7040277777777778 0.47199074074074077 0.5744097222222223 0.34600694444444446
3 0.2257465277777778 0.7641493055555555 0.09888888888888889 0.09421296296296297
0 0.8922569444444445 0.2515625 0.17861111111111114 0.16898148148148148
3 0.05835069444444444 0.5850405092592592 0.07517361111111112 0.08084490740740743
3 0.29776041666666664 0.7325520833333334 0.08548611111111111 0.12337962962962976
1 0.1925347222222222 0.3603587962962963 0.04746527777777776 0.028298611111111073
2 0.27512152777777776 0.38232060185185185 0.03385416666666661 0.048090277777777767
2 0.31876736111111115 0.3760127314814815 0.03687500000000003 0.04351851851851851
1 0.44814236111111116 0.7089988425925926 0.24618055555555554 0.18865740740740744
4 0.4238194444444444 0.3885416666666667 0.14496527777777785 0.13026620370370373
0 0.38197916666666665 0.30017361111111107 0.07461805555555552 0.05584490740740744
2 0.22711805555555556 0.4036458333333333 0.027569444444444445 0.04629629629629637
3 0.13885416666666667 0.44288194444444445 0.030659722222222196 0.04484953703703702
1 0.47041666666666665 0.3039351851851852 0.03822916666666672 0.03420138888888893
0 0.11197916666666667 0.32424768518518515 0.04295138888888887 0.0359375
2 0.13946180555555557 0.3646701388888889 0.022430555555555554 0.025810185185185207
0 0.17055555555555554 0.3212962962962963 0.03968750000000001 0.029571759259259256
1 0.11555555555555555 0.37962962962962965 0.04447916666666667 0.03443287037037042
2 0.3380034722222222 0.39719328703703705 0.03864583333333336 0.05295138888888893