1 0.13598958333333333 0.42046875000000006 0.07152777777777777 0.056770833333333215
1 0.24734375000000003 0.6118287037037037 0.19239583333333332 0.15560185185185188
4 0.8958246527777778 0.4048379629629629 0.20835069444444443 0.21415509259259266
1 0.15913194444444442 0.30095486111111114 0.0540972222222222 0.045324074074074086
2 0.3788368055555556 0.47815972222222225 0.11652777777777779 0.11431712962962966
2 0.9571527777777777 0.5405555555555556 0.08569444444444443 0.13412037037037033
2 0.5374826388888889 0.4758043981481482 0.06958333333333329 0.10980324074074073
1 0.28805555555555556 0.36827546296296293 0.0697222222222222 0.04578703703703706
1 0.34189236111111115 0.3987326388888889 0.10309027777777775 0.07175925925925926
1 0.2209027777777778 0.3366493055555556 0.050729166666666714 0.03429398148148142
1 0.20456597222222223 0.5161574074074073 0.12951388888888893 0.0662962962962963
2 0.12602430555555558 0.3238252314814815 0.028819444444444463 0.03208333333333328
1 0.21894097222222225 0.2835474537037037 0.061701388888888875 0.03618055555555557
2 0.7437847222222222 0.6127546296296297 0.10440972222222236 0.13113425925925917
3 0.25656249999999997 0.4638020833333333 0.047083333333333324 0.0810300925925926
3 0.0882986111111111 0.7017534722222222 0.07149305555555556 0.12547453703703706
3 0.11555555555555555 0.7673958333333333 0.06052083333333336 0.053321759259259235
3 0.3337673611111111 0.7015162037037037 0.09097222222222223 0.15884259259259254
3 0.3145833333333333 0.612181712962963 0.048819444444444395 0.08888888888888893
3 0.13376736111111112 0.6019039351851851 0.055173611111111145 0.16402777777777774
3 0.08888888888888888 0.5172395833333333 0.028680555555555553 0.09609953703703696
3 0.19149305555555554 0.45556712962962964 0.03260416666666668 0.061863425925925954
3 0.061111111111111116 0.49851851851851847 0.02572916666666667 0.10381944444444446
3 0.08850694444444444 0.42969328703703696 0.019305555555555555 0.025555555555555644
3 0.049965277777777775 0.4191087962962963 0.022777777777777775 0.04127314814814813
1 0.08315972222222222 0.40014467592592595 0.05399305555555556 0.04063657407407408
3 0.10510416666666667 0.36744212962962963 0.01815972222222224 0.04425925925925931
1 0.16925347222222223 0.3694502314814815 0.051006944444444445 0.046793981481481416
1 0.2430034722222222 0.34615740740740736 0.04777777777777779 0.04201388888888893
2 0.21756944444444443 0.3977256944444444 0.03416666666666668 0.06190972222222228
1 0.4904340277777777 0.39902199074074074 0.096736111111111 0.06688657407407402