1 0.7545659722222222 0.6460590277777778 0.24812499999999993 0.2022916666666667
1 0.7295659722222222 0.43557291666666664 0.08788194444444439 0.08940972222222214
1 0.8126909722222223 0.5884895833333333 0.18604166666666658 0.14937500000000004
1 0.8309027777777779 0.4231597222222222 0.06552083333333343 0.067048611111111
1 0.07190972222222222 0.5275694444444444 0.12527777777777777 0.2261111111111111
2 0.6109895833333333 0.37567708333333333 0.028784722222222215 0.030312499999999964
0 0.44749999999999995 0.5106249999999999 0.4854166666666668 0.4090277777777779
1 0.7679340277777778 0.4034548611111111 0.05440972222222236 0.058993055555555604
1 0.7719270833333333 0.37210069444444444 0.04440972222222221 0.030659722222222196
3 0.7001388888888889 0.5534722222222223 0.0703819444444445 0.07496527777777776
4 0.8941840277777778 0.5272743055555555 0.124722222222222 0.13083333333333336
2 0.1874652777777778 0.5570486111111111 0.134375 0.21381944444444442
3 0.9630208333333332 0.576388888888889 0.07395833333333357 0.11909722222222215
3 0.97390625 0.4925347222222222 0.052187500000000143 0.10138888888888893
2 0.713107638888889 0.3984201388888889 0.06062499999999993 0.05756944444444443
4 0.18230902777777777 0.36019097222222224 0.3483680555555556 0.2857291666666667
1 0.4059722222222222 0.2950347222222222 0.07593750000000003 0.04385416666666666
1 0.45925347222222224 0.3008854166666667 0.04138888888888879 0.03527777777777778
2 0.9131770833333335 0.39710069444444446 0.11118055555555557 0.08368055555555554