3 0.0765625 0.675 0.109375 0.115625
3 0.0703125 0.6890625 0.0921875 0.090625
1 0.2546875 0.615625 0.25 0.1640625
1 0.20625 0.534375 0.2203125 0.128125
3 0.040625 0.4953125 0.0765625 0.0953125
3 0.0453125 0.478125 0.065625 0.0828125
2 0.13125 0.4359375 0.0703125 0.078125
2 0.4703125 0.4640625 0.084375 0.096875
2 0.5328125 0.4203125 0.0703125 0.084375
1 0.915625 0.6265625 0.16875 0.1859375
4 0.85625 0.415625 0.2875 0.24375
2 0.7828125 0.5015625 0.1015625 0.115625
1 0.4390625 0.4296875 0.125 0.071875
1 0.2171875 0.40625 0.0859375 0.0765625
1 0.2703125 0.4 0.0703125 0.0734375
2 0.334375 0.3859375 0.04375 0.0609375
2 0.346875 0.4 0.04375 0.059375
1 0.315625 0.346875 0.078125 0.0515625
1 0.13125 0.4109375 0.0875 0.075
3 0.053125 0.4328125 0.0421875 0.0640625
3 0.0625 0.4109375 0.0359375 0.0625
1 0.10625 0.3578125 0.0875 0.04375
2 0.16875 0.34375 0.0265625 0.04375
2 0.15625 0.346875 0.0265625 0.0375
1 0.2171875 0.35 0.0640625 0.0375
1 0.2703125 0.3375 0.0546875 0.040625
4 0.490625 0.353125 0.1734375 0.1140625
2 0.1875 0.3265625 0.0109375 0.0328125
2 0.1375 0.3328125 0.01875 0.034375
1 0.0609375 0.340625 0.0390625 0.0390625
2 0.1109375 0.328125 0.0140625 0.03125
1 0.0921875 0.3265625 0.0359375 0.034375
1 0.14375 0.2984375 0.0359375 0.0234375
2 0.146875 0.3046875 0.0171875 0.0171875
2 0.1734375 0.3046875 0.0125 0.01875
1 0.0765625 0.390625 0.0578125 0.04375
2 0.3125 0.325 0.0140625 0.0125
1 0.1984375 0.3140625 0.034375 0.028125
1 0.0921875 0.29375 0.028125 0.0171875
2 0.0953125 0.2984375 0.0171875 0.0140625
1 0.6015625 0.334375 0.0578125 0.0140625
0 0.2125 0.2734375 0.03125 0.0265625
4 0.1671875 0.26875 0.025 0.025
1 0.359375 0.30625 0.0265625 0.01875
2 0.315625 0.2953125 0.0171875 0.015625
1 0.334375 0.2953125 0.021875 0.0171875