1 0.504369212962963 0.6207349537037038 0.2390625 0.1804976851851851
1 0.8135127314814815 0.5916261574074074 0.21886574074074083 0.13898148148148143
1 0.9026041666666668 0.43903935185185183 0.12447916666666643 0.10451388888888893
0 0.2842303240740741 0.3805150462962963 0.1752314814814815 0.09624999999999995
1 0.8506076388888889 0.5250636574074073 0.1707175925925924 0.11936342592592589
0 0.7111400462962962 0.4073206018518519 0.24699074074074065 0.22449074074074069
4 0.13666087962962964 0.6156770833333333 0.19241898148148148 0.18119212962962977
3 0.8259837962962964 0.45530092592592586 0.054050925925925954 0.05728009259259252
1 0.04872685185185186 0.44768518518518513 0.034953703703703695 0.05162037037037024
1 0.5499710648148148 0.41686342592592596 0.10138888888888893 0.06596064814814806
3 0.8296006944444445 0.6827372685185186 0.08721064814814809 0.10569444444444435
3 0.9767071759259259 0.4928356481481481 0.0465856481481481 0.08053240740740755
2 0.4848668981481481 0.46251736111111114 0.05219907407407405 0.07430555555555554
2 0.868431712962963 0.34543402777777776 0.026446759259259166 0.04184027777777777
2 0.7949652777777778 0.37275462962962963 0.03182870370370363 0.05145833333333334
2 0.832667824074074 0.3038888888888889 0.01614583333333357 0.028854166666666715
2 0.806857638888889 0.31266782407407406 0.014583333333333216 0.02877314814814813
2 0.8743344907407409 0.2990451388888889 0.03234953703703738 0.03747685185185183