0 0.91875 0.3484375 0.1609375 0.08125
4 0.6296875 0.3734375 0.25625 0.1875
1 0.178125 0.5234375 0.146875 0.0890625
1 0.24375 0.6140625 0.178125 0.1546875
1 0.703125 0.565625 0.2125 0.1359375
1 0.515625 0.45 0.121875 0.08125
1 0.3578125 0.384375 0.065625 0.0578125
1 0.3109375 0.4578125 0.121875 0.0875
1 0.884375 0.4828125 0.2140625 0.128125
2 0.09375 0.3421875 0.0140625 0.0421875
1 0.115625 0.453125 0.1015625 0.0953125
0 0.2265625 0.3578125 0.134375 0.13125
3 0.2078125 0.625 0.0859375 0.0890625
3 0.0484375 0.4140625 0.0203125 0.0640625
1 0.0625 0.378125 0.0828125 0.0484375
3 0.0359375 0.5078125 0.0515625 0.0734375
3 0.2453125 0.4734375 0.025 0.05
2 0.1125 0.328125 0.015625 0.0328125
2 0.0625 0.321875 0.0109375 0.0234375
1 0.125 0.315625 0.0171875 0.0265625
2 0.134375 0.296875 0.00625 0.0203125
2 0.1046875 0.2921875 0.0125 0.01875
1 0.45 0.7 0.153125 0.1609375
1 0.7625 0.3421875 0.0359375 0.034375