1 0.7716145833333334 0.4688136574074074 0.2704166666666666 0.1866782407407408
2 0.5079050925925925 0.5485648148148148 0.10893518518518519 0.14369212962962957
2 0.37190393518518516 0.41207175925925926 0.05167824074074075 0.06321759259259263
1 0.17160879629629627 0.6108217592592593 0.16758101851851853 0.1305092592592592
1 0.23309027777777777 0.6766261574074074 0.23019675925925923 0.193888888888889
2 0.39640624999999996 0.5125115740740741 0.08576388888888893 0.1183680555555556
1 0.08636574074074074 0.5509201388888889 0.12318287037037037 0.11736111111111107
3 0.03353009259259259 0.6195833333333333 0.06706018518518518 0.08870370370370359
3 0.01896122685185185 0.5240856481481482 0.0379224537037037 0.06932870370370381
4 0.17358796296296294 0.4067881944444444 0.05226851851851855 0.044490740740740796
1 0.15753472222222223 0.38465856481481475 0.03559027777777777 0.02394675925925931
2 0.2707928240740741 0.46217592592592593 0.05248842592592595 0.07884259259259263
2 0.17965856481481485 0.4404976851851853 0.05456018518518517 0.05857638888888879
2 0.8394212962962962 0.5784953703703704 0.18545138888888885 0.2041550925925925
1 0.3092534722222222 0.4291261574074074 0.07708333333333331 0.07140046296296294
1 0.24350694444444443 0.4304976851851852 0.06557870370370367 0.06030092592592595
1 0.24931712962962962 0.39383680555555556 0.06673611111111111 0.05251157407407412
1 0.4538657407407407 0.4297048611111111 0.11251157407407408 0.09222222222222225
2 0.40380787037037036 0.4602372685185185 0.04715277777777782 0.06627314814814814
3 0.27819444444444447 0.726550925925926 0.08425925925925926 0.14957175925925945
2 0.7945775462962963 0.2822916666666667 0.026296296296296262 0.02537037037037031
1 0.45991319444444445 0.32815393518518515 0.039201388888889 0.033368055555555554
1 0.5244212962962963 0.3205092592592592 0.03443287037037042 0.031736111111111145
4 0.5624074074074075 0.3116898148148148 0.05226851851851855 0.044490740740740796
2 0.6809027777777779 0.30328125 0.026458333333333427 0.0284953703703704
1 0.09644097222222221 0.44708333333333333 0.05776620370370371 0.06018518518518512
1 0.06311921296296295 0.426261574074074 0.03607638888888889 0.03332175925925931
1 0.03207175925925925 0.42189236111111106 0.041249999999999995 0.042766203703703806
1 0.11569444444444446 0.40749421296296295 0.039282407407407405 0.034930555555555465
1 0.11880787037037037 0.39268518518518514 0.03427083333333334 0.028611111111111143
1 0.08049768518518519 0.4077546296296296 0.03270833333333334 0.028587962962962975
1 0.055943287037037034 0.3987905092592593 0.029421296296296306 0.025416666666666643
4 0.07372685185185185 0.37247106481481485 0.05744212962962962 0.05393518518518512
3 0.028304398148148148 0.49454861111111115 0.026782407407407404 0.03474537037037031
3 0.051001157407407405 0.49410300925925926 0.02645833333333334 0.02849537037037031