1 0.8570081018518518 0.5609375 0.273761574074074 0.24282407407407405
1 0.5302662037037036 0.5081886574074075 0.19137731481481488 0.1632523148148149
1 0.26353009259259264 0.6788773148148148 0.22787037037037033 0.20208333333333323
1 0.2038310185185185 0.5930266203703705 0.14824074074074076 0.09762731481481488
1 0.3252314814814815 0.4185185185185185 0.08371527777777779 0.06400462962962958
1 0.3728356481481482 0.4765625 0.11864583333333334 0.10277777777777786
3 0.7551157407407407 0.42115162037037035 0.09206018518518526 0.10023148148148149
1 0.27612847222222225 0.40888310185185184 0.06809027777777779 0.06342592592592596
2 0.13751157407407408 0.426417824074074 0.03805555555555555 0.03888888888888893
1 0.08930555555555555 0.514525462962963 0.12636574074074075 0.09681712962962959
1 0.5050810185185185 0.4142361111111111 0.1263425925925926 0.09525462962962976
1 0.2227199074074074 0.47881944444444446 0.09481481481481477 0.07534722222222215
3 0.27168981481481486 0.5502025462962964 0.07190972222222225 0.11041666666666679
2 0.0744386574074074 0.41001157407407407 0.06020833333333333 0.05844907407407405
4 0.71765625 0.25873842592592594 0.3722453703703705 0.24959490740740745
2 0.09247685185185185 0.4059895833333333 0.06960648148148148 0.06035879629629637
1 0.2778645833333333 0.39722222222222225 0.05365740740740747 0.03790509259259256
0 0.1622164351851852 0.3945023148148148 0.07601851851851853 0.07152777777777786
3 0.3949826388888889 0.722829861111111 0.09517361111111118 0.2049768518518519
3 0.3476331018518518 0.753125 0.07724537037037038 0.15434027777777787
3 0.12627893518518518 0.8152777777777779 0.08351851851851855 0.15613425925925917
3 0.12446759259259259 0.6737268518518519 0.07729166666666668 0.15746527777777786
3 0.08226273148148149 0.6205729166666666 0.046817129629629625 0.10324074074074083
3 0.17098958333333333 0.5410011574074074 0.044629629629629616 0.06099537037037024
3 0.05278356481481481 0.6054108796296296 0.05010416666666666 0.11429398148148132
3 0.025104166666666667 0.5215277777777778 0.03021990740740741 0.03703703703703702
3 0.07987847222222222 0.4649305555555555 0.025509259259259266 0.03530092592592595
1 0.1681770833333333 0.4142650462962963 0.042789351851851884 0.0421875
2 0.2151446759259259 0.4097511574074074 0.027187499999999965 0.043171296296296194
2 0.08413194444444445 0.4416377314814815 0.019212962962962977 0.03194444444444446
2 0.05684606481481482 0.43671875 0.0270486111111111 0.033796296296296366
2 0.035098379629629625 0.4273148148148148 0.019166666666666665 0.028819444444444463
2 0.43167245370370366 0.5678530092592593 0.08638888888888889 0.1390625