1 0.7508506944444445 0.4436979166666667 0.09781249999999986 0.11461805555555564
1 0.6817361111111111 0.39364583333333336 0.06565972222222208 0.07329861111111118
1 0.9000173611111112 0.3325173611111111 0.03677083333333329 0.038298611111111124
1 0.8976736111111112 0.47326388888888893 0.11045138888888886 0.12114583333333329
1 0.40868055555555555 0.3113888888888889 0.034930555555555645 0.025763888888888874
1 0.21725694444444446 0.31486111111111115 0.060243055555555536 0.04038194444444443
1 0.9113020833333334 0.3127256944444444 0.025416666666666643 0.019305555555555555
4 0.4806770833333333 0.42078125 0.14965277777777786 0.12826388888888882
1 0.5936805555555555 0.37059027777777775 0.07638888888888892 0.06416666666666666
4 0.7941145833333334 0.28015625 0.05111111111111093 0.05111111111111111
0 0.04579861111111111 0.30225694444444445 0.058680555555555555 0.11062499999999993
1 0.5755381944444444 0.2928298611111111 0.10437499999999993 0.058541666666666714
1 0.8149652777777778 0.3742708333333333 0.073298611111111 0.06565972222222224
1 0.7758680555555555 0.3384027777777778 0.04614583333333329 0.03850694444444445
1 0.8241319444444445 0.3295138888888889 0.031770833333333214 0.024131944444444463
1 0.8562847222222223 0.33427083333333335 0.039861111111111215 0.036805555555555536
1 0.8809201388888888 0.3173090277777778 0.028576388888888714 0.020937499999999963
1 0.9185243055555556 0.39151041666666664 0.07791666666666686 0.06263888888888883
1 0.827326388888889 0.5436111111111112 0.17006944444444444 0.1334027777777777
1 0.7521875 0.609375 0.2145833333333334 0.16875