1 0.7026909722222222 0.4299305555555556 0.12163194444444443 0.09440972222222221
1 0.4527314814814815 0.4688541666666667 0.14348379629629626 0.0938194444444445
1 0.7768460648148148 0.5958333333333333 0.24811342592592603 0.19996527777777776
1 0.21976273148148148 0.5218229166666667 0.19394675925925925 0.12729166666666672
2 0.23645254629629625 0.5561805555555555 0.08909722222222224 0.11170138888888878
1 0.6777662037037038 0.3709722222222222 0.07730324074074062 0.05340277777777782
1 0.5667534722222223 0.42388888888888887 0.09159722222222229 0.06965277777777779
2 0.5251851851851852 0.5385243055555555 0.07358796296296291 0.1188194444444445
1 0.8078877314814814 0.5057465277777778 0.15947916666666656 0.11951388888888878
2 0.8547280092592592 0.4046354166666667 0.06388888888888893 0.09652777777777785
1 0.8389062500000002 0.31168402777777776 0.05699074074074062 0.05250000000000003
2 0.16356481481481483 0.7796527777777778 0.13983796296296297 0.163923611111111
2 0.6103877314814815 0.4336458333333333 0.043206018518518616 0.07062500000000008
1 0.8496180555555556 0.38017361111111114 0.08690972222222229 0.06944444444444446
3 0.941730324074074 0.6531944444444444 0.09728009259259238 0.1370486111111111
1 0.05214699074074074 0.4377604166666666 0.10405092592592591 0.06708333333333343
2 0.024675925925925928 0.6209548611111112 0.049351851851851855 0.09916666666666671
2 0.35353009259259255 0.7271180555555555 0.1181481481481482 0.1754513888888889
2 0.3278298611111111 0.6149652777777778 0.08142361111111107 0.12072916666666664
3 0.9130613425925926 0.3720486111111111 0.04456018518518512 0.056631944444444485
2 0.77109375 0.35088541666666667 0.04446759259259263 0.050381944444444396
2 0.5604282407407407 0.4814583333333333 0.05896990740740726 0.08069444444444436
3 0.9452662037037036 0.46729166666666666 0.07140046296296276 0.0765625
2 0.011730324074074075 0.4490972222222222 0.02346064814814815 0.05756944444444443
2 0.7905034722222222 0.30718750000000006 0.04759259259259245 0.05052083333333339
0 0.6180150462962963 0.3409548611111111 0.08865740740740727 0.08201388888888887
1 0.5653414351851852 0.308125 0.07564814814814831 0.047083333333333324
2 0.48623263888888885 0.687673611111111 0.12164351851851851 0.20059027777777771
3 0.5359259259259259 0.7633680555555555 0.08567129629629626 0.09125000000000014
1 0.368912037037037 0.4276041666666667 0.13140046296296298 0.12138888888888885
4 0.536244212962963 0.3725 0.0935300925925926 0.0947222222222222
1 0.16348958333333333 0.4153472222222222 0.07744212962962962 0.06277777777777782
4 0.7220949074074074 0.3338541666666667 0.05398148148148145 0.06017361111111112
4 0.7345543981481482 0.284375 0.07585648148148146 0.06114583333333332
4 0.8028356481481481 0.26630208333333333 0.05067129629629648 0.047534722222222214
3 0.9806712962962962 0.6103645833333333 0.02425925925925938 0.16190972222222227
3 0.888778935185185 0.3225 0.01592592592592581 0.021006944444444463
2 0.8674479166666667 0.2848090277777778 0.016087962962962978 0.03194444444444446
1 0.8472511574074074 0.27609374999999997 0.033206018518518475 0.028020833333333252
1 0.8341203703703706 0.26534722222222223 0.02212962962962948 0.018159722222222195
4 0.4609490740740741 0.33631944444444445 0.06648148148148145 0.06072916666666668