1 0.9118229166666666 0.6322800925925925 0.17635416666666687 0.1452314814814816
1 0.6197395833333333 0.5023784722222222 0.16239583333333343 0.10028935185185191
1 0.33468749999999997 0.45412037037037045 0.1192708333333334 0.08403935185185177
1 0.2640104166666667 0.5851446759259259 0.19291666666666663 0.11432870370370374
1 0.21796875 0.525144675925926 0.15343749999999998 0.10605324074074077
2 0.9092708333333335 0.7696412037037037 0.16114583333333315 0.15160879629629634
2 0.13859375 0.3271701388888889 0.04020833333333336 0.042569444444444396
1 0.14708333333333332 0.44283564814814813 0.1140625 0.09934027777777779
1 0.1734375 0.3593402777777778 0.06697916666666667 0.04707175925925924
2 0.4046354166666667 0.39390625 0.036250000000000074 0.05326388888888891
2 0.16958333333333334 0.32488425925925923 0.01895833333333332 0.027453703703703702
2 0.33510416666666665 0.3903009259259259 0.02822916666666666 0.04973379629629626
3 0.07328125 0.4919502314814815 0.075 0.07395833333333339
1 0.0896875 0.3643402777777778 0.08104166666666665 0.047800925925925955
4 0.73625 0.42822916666666666 0.3232291666666667 0.22385416666666663
2 0.24807291666666664 0.3927951388888889 0.039687499999999966 0.0581134259259259
2 0.4247916666666667 0.45100694444444445 0.05218749999999996 0.08211805555555554
1 0.48302083333333334 0.4252199074074074 0.07718749999999996 0.06005787037037038
2 0.18036458333333333 0.3231076388888889 0.0140625 0.02408564814814813
2 0.1911979166666667 0.32211226851851854 0.01729166666666666 0.02581018518518512
3 0.29140625 0.634056712962963 0.06760416666666665 0.10315972222222225
2 0.21375000000000002 0.3334027777777778 0.017812499999999964 0.03362268518518512
3 0.07833333333333334 0.40423611111111113 0.030104166666666664 0.07785879629629626
1 0.97171875 0.44271412037037033 0.05656250000000007 0.04952546296296312
3 0.06338541666666667 0.366869212962963 0.014375000000000004 0.02877314814814813
1 0.16546875 0.29820023148148145 0.027812500000000018 0.020127314814814844
1 0.10140625 0.30655671296296294 0.034895833333333307 0.03295138888888882
4 0.14166666666666666 0.2915162037037037 0.031458333333333324 0.028101851851851833
2 0.15135416666666668 0.2966898148148148 0.011562499999999965 0.009942129629629638
2 0.21223958333333331 0.29906828703703703 0.010104166666666714 0.011423611111111143
1 0.2689583333333333 0.3557291666666667 0.03802083333333339 0.03311342592592599
1 0.26385416666666667 0.3375578703703704 0.03760416666666666 0.026863425925925898
1 0.25520833333333337 0.3246527777777778 0.02802083333333334 0.023252314814814844
2 0.28343749999999995 0.3860648148148148 0.026979166666666644 0.05434027777777768
4 0.32875 0.36505787037037035 0.07322916666666668 0.07075231481481481