0 0.7338715277777779 0.4368113425925926 0.3194444444444443 0.1882407407407408
1 0.34265625 0.49534143518518514 0.1505208333333333 0.10144675925925917
2 0.6466145833333334 0.513443287037037 0.06444444444444457 0.09074074074074083
2 0.8986805555555556 0.5842592592592593 0.08072916666666678 0.12123842592592596
1 0.17769097222222224 0.41109375000000004 0.09031250000000002 0.0608680555555555
1 0.31038194444444445 0.41251157407407407 0.10145833333333334 0.07081018518518523
2 0.29142361111111115 0.3670486111111111 0.039722222222222214 0.03171296296296298
2 0.1557986111111111 0.33894675925925927 0.027326388888888876 0.03575231481481485
1 0.15520833333333334 0.3123842592592593 0.04107638888888889 0.02241898148148147
3 0.04725694444444445 0.5112384259259259 0.06420138888888889 0.07980324074074083
3 0.08277777777777777 0.7050462962962962 0.08180555555555555 0.09944444444444436
2 0.22605902777777778 0.37536458333333333 0.024375000000000036 0.04340277777777786
2 0.5294097222222222 0.5065856481481481 0.06149305555555564 0.09839120370370366
1 0.986579861111111 0.5868171296296296 0.026840277777777997 0.11444444444444457
1 0.20911458333333335 0.35029513888888886 0.047673611111111125 0.03836805555555554
1 0.2462152777777778 0.6151967592592593 0.22628472222222218 0.20994212962962955
1 0.19446180555555553 0.5336979166666668 0.15493055555555557 0.08918981481481474
3 0.28206597222222224 0.6833854166666666 0.06999999999999992 0.1300462962962964
3 0.07201388888888889 0.43136574074074074 0.051875000000000004 0.08696759259259253
1 0.47196180555555556 0.4497627314814815 0.08027777777777771 0.10092592592592595
1 0.11213541666666667 0.4108159722222222 0.03562500000000002 0.05803240740740741
2 0.0945486111111111 0.3568402777777778 0.022673611111111124 0.037071759259259277
1 0.10876736111111111 0.32948495370370373 0.034930555555555555 0.026782407407407404
3 0.14524305555555556 0.4257986111111111 0.023159722222222224 0.058946759259259275
4 0.1738541666666667 0.2735532407407407 0.052569444444444446 0.047986111111111104
2 0.24307291666666667 0.36844328703703705 0.018055555555555537 0.0399537037037037
2 0.23381944444444444 0.3383101851851852 0.017743055555555554 0.0258912037037037
2 0.5275694444444444 0.3535416666666667 0.017604166666666643 0.019641203703703702
2 0.9477951388888888 0.4065451388888889 0.029201388888888857 0.04989583333333343