2 0.43440972222222224 0.45087384259259256 0.07483796296296283 0.10425925925925927
1 0.8313483796296296 0.5087442129629629 0.15636574074074083 0.11844907407407419
1 0.7704224537037037 0.5655729166666668 0.1910648148148148 0.13142361111111106
1 0.09504050925925925 0.3285474537037037 0.11402777777777777 0.058229166666666644
0 0.6207118055555555 0.3200925925925926 0.1676273148148148 0.13003472222222223
3 0.9501678240740741 0.39839699074074075 0.06812499999999985 0.08826388888888888
2 0.5038483796296296 0.44362847222222224 0.07189814814814817 0.11032407407407412
1 0.8021990740740741 0.3437731481481482 0.06857638888888892 0.050856481481481454
2 0.8964467592592593 0.3021875 0.029050925925925952 0.032916666666666664
1 0.8266203703703704 0.32276041666666666 0.03874999999999993 0.04440972222222221
2 0.843275462962963 0.30377314814814815 0.011539351851851976 0.02096064814814813
3 0.9664265046296296 0.487818287037037 0.06714699074074063 0.08900462962962977
2 0.5831481481481482 0.4522337962962963 0.06592592592592598 0.11932870370370363
2 0.4959548611111112 0.38853009259259264 0.03760416666666657 0.058379629629629545
3 0.7439004629629629 0.6477546296296296 0.08353009259259245 0.13440972222222225
3 0.9262615740740742 0.6745138888888889 0.06376157407407419 0.09892361111111114
1 0.7599074074074075 0.39558449074074076 0.09597222222222221 0.08055555555555553
2 0.8807581018518519 0.32737847222222227 0.021655092592592594 0.046516203703703775
2 0.8594097222222221 0.32003472222222223 0.018298611111111286 0.03851851851851853
2 0.7333101851851852 0.34315972222222224 0.020092592592592596 0.04642361111111111
2 0.6696006944444444 0.38528356481481485 0.03149305555555557 0.06269675925925924
1 0.9398553240740739 0.31448495370370366 0.04329861111111129 0.040000000000000036
1 0.9642361111111111 0.31851851851851853 0.03548611111111129 0.03953703703703706
2 0.9282928240740741 0.29403935185185187 0.013148148148147954 0.022615740740740707
2 0.9083449074074075 0.2811342592592593 0.01310185185185162 0.021053240740740796
0 0.5146817129629631 0.28098379629629633 0.07496527777777792 0.055914351851851854