2 0.7171875 0.4484375 0.05625 0.046875
1 0.2390625 0.60625 0.19375 0.1421875
1 0.728125 0.521875 0.19375 0.115625
0 0.9296875 0.7046875 0.1359375 0.153125
2 0.965625 0.540625 0.06875 0.1
1 0.1390625 0.3125 0.046875 0.025
4 0.74375 0.3265625 0.1765625 0.06875
1 0.4171875 0.409375 0.096875 0.0609375
2 0.1203125 0.3296875 0.021875 0.0328125
1 0.921875 0.3546875 0.0859375 0.0546875
1 0.28125 0.3734375 0.05 0.046875
2 0.590625 0.43125 0.09375 0.06875
0 0.4734375 0.34375 0.2015625 0.1328125
3 0.0578125 0.46875 0.0703125 0.109375
1 0.125 0.409375 0.075 0.0546875
1 0.184375 0.525 0.15 0.09375
1 0.221875 0.409375 0.0859375 0.0640625
2 0.940625 0.375 0.0421875 0.0359375
2 0.271875 0.39375 0.0234375 0.0359375
2 0.4203125 0.54375 0.0734375 0.1328125
2 0.6234375 0.4625 0.0625 0.0859375
3 0.3203125 0.6890625 0.0703125 0.0921875
3 0.0796875 0.6703125 0.0609375 0.0859375
2 0.315625 0.4046875 0.0640625 0.0640625
2 0.4515625 0.4375 0.0296875 0.0734375
2 0.496875 0.4375 0.0328125 0.0765625
1 0.675 0.43125 0.0578125 0.0671875
4 0.19375 0.334375 0.0796875 0.08125
1 0.3234375 0.353125 0.0609375 0.0375
2 0.6890625 0.5546875 0.0765625 0.1265625
3 0.328125 0.5453125 0.046875 0.090625
2 0.25625 0.334375 0.0203125 0.03125
1 0.0765625 0.390625 0.0640625 0.046875