1 0.0875 0.3171875 0.028125 0.0359375
4 0.0640625 0.6796875 0.075 0.1046875
1 0.2375 0.6078125 0.2015625 0.1421875
0 0.453125 0.4671875 0.275 0.23125
1 0.1828125 0.525 0.15 0.0890625
2 0.85 0.3453125 0.0515625 0.0453125
4 0.9140625 0.3734375 0.1421875 0.1
1 0.1296875 0.340625 0.040625 0.040625
1 0.1671875 0.3140625 0.0390625 0.0265625
1 0.115625 0.3046875 0.03125 0.028125
3 0.0796875 0.4 0.040625 0.04375
1 0.634375 0.421875 0.115625 0.05625
1 0.68125 0.475 0.1453125 0.0984375
2 0.309375 0.3515625 0.03125 0.0421875
0 0.4203125 0.3421875 0.215625 0.0796875
0 0.86796875 0.66015625 0.2640625 0.2421875
2 0.2125 0.31875 0.028125 0.028125
4 0.8484375 0.534375 0.303125 0.221875
1 0.721875 0.5 0.075 0.1046875
4 0.775 0.3390625 0.0875 0.05625
4 0.2046875 0.7109375 0.0703125 0.1390625
4 0.084375 0.6984375 0.071875 0.078125
4 0.053125 0.4828125 0.034375 0.1078125
4 0.1125 0.4984375 0.03125 0.0796875
4 0.1703125 0.4625 0.0265625 0.040625
4 0.2 0.4515625 0.0203125 0.05625
4 0.1265625 0.43125 0.034375 0.04375
4 0.084375 0.478125 0.0265625 0.1078125
4 0.078125 0.4140625 0.025 0.0265625
4 0.0515625 0.403125 0.0171875 0.0328125
4 0.075 0.3875 0.0109375 0.0125
1 0.1296875 0.3921875 0.0546875 0.0375
1 0.0640625 0.346875 0.0375 0.0375
2 0.0828125 0.325 0.0140625 0.0296875
3 0.0625 0.3234375 0.0140625 0.0109375