1 0.3796875 0.428125 0.09375 0.090625
2 0.2578125 0.4 0.0453125 0.0578125
2 0.15 0.346875 0.0328125 0.0375
1 0.296875 0.371875 0.0671875 0.0421875
3 0.28125 0.66875 0.0796875 0.1234375
1 0.11875 0.325 0.040625 0.0421875
1 0.2265625 0.6109375 0.221875 0.1484375
2 0.196875 0.34375 0.034375 0.0453125
0 0.7140625 0.59375 0.571875 0.36875
3 0.0765625 0.7234375 0.0578125 0.1140625
3 0.084375 0.6875 0.0671875 0.103125
1 0.1859375 0.315625 0.034375 0.0234375
1 0.184375 0.5265625 0.1421875 0.0921875
3 0.0421875 0.5015625 0.0703125 0.0703125
4 0.4921875 0.3046875 0.1078125 0.065625
2 0.134375 0.4375 0.0546875 0.06875
3 0.0734375 0.421875 0.0328125 0.0765625
4 0.25625 0.3171875 0.1015625 0.06875
1 0.97265625 0.36796875 0.0546875 0.0578125
1 0.1296875 0.40625 0.0796875 0.05
3 0.0484375 0.4390625 0.0390625 0.06875
3 0.271875 0.6078125 0.05 0.09375
1 0.9109375 0.35625 0.078125 0.05625
3 0.784375 0.35 0.021875 0.0453125
1 0.8328125 0.35 0.075 0.046875
4 0.14375 0.2890625 0.028125 0.034375
4 0.1453125 0.259375 0.04375 0.0359375
1 0.575 0.328125 0.0375 0.0265625
0 0.396875 0.3015625 0.04375 0.03125
1 0.4296875 0.3078125 0.01875 0.0203125
1 0.09375 0.309375 0.0265625 0.03125
1 0.1140625 0.2890625 0.0203125 0.01875
1 0.0953125 0.2796875 0.0140625 0.0140625
1 0.2046875 0.278125 0.0203125 0.0140625
1 0.384375 0.3859375 0.0875 0.059375