2 0.39655092592592595 0.5199479166666666 0.07177083333333326 0.157673611111111
1 0.48 0.4421180555555556 0.13885416666666667 0.10447916666666668
1 0.21432870370370374 0.5608159722222222 0.22237268518518521 0.18465277777777783
1 0.39122685185185185 0.38364583333333335 0.08535879629629628 0.08961805555555555
1 0.8957523148148148 0.36668402777777775 0.07004629629629626 0.046805555555555586
1 0.1693113425925926 0.47387152777777786 0.156412037037037 0.11774305555555564
1 0.7263368055555555 0.4756423611111111 0.21052083333333335 0.20597222222222217
2 0.21442708333333332 0.3205034722222222 0.04063657407407408 0.05486111111111107
1 0.29868634259259264 0.3206597222222222 0.07542824074074073 0.07045138888888891
2 0.2882986111111111 0.3289236111111111 0.03121527777777775 0.052881944444444426
4 0.4174074074074074 0.34269097222222217 0.159675925925926 0.12256944444444447
0 0.22360532407407407 0.2740625 0.1268634259259259 0.12111111111111113
2 0.5636168981481482 0.4376215277777778 0.06835648148148152 0.09510416666666668
1 0.8884375 0.6135590277777778 0.1724652777777777 0.18555555555555542
4 0.15192708333333332 0.21795138888888888 0.052997685185185175 0.050729166666666714
2 0.29044560185185186 0.388125 0.06490740740740737 0.08402777777777777
3 0.057499999999999996 0.3766319444444444 0.058379629629629635 0.07437500000000004
2 0.19393518518518518 0.3011284722222222 0.03075231481481482 0.037256944444444426
3 0.03787326388888889 0.41663194444444446 0.07574652777777778 0.10034722222222214
2 0.5225 0.37703125000000004 0.042615740740740725 0.06899305555555557
3 0.12296296296296297 0.3791840277777778 0.05760416666666668 0.10086805555555553
3 0.03516203703703703 0.6236979166666666 0.07032407407407407 0.09579861111111114
1 0.12763310185185187 0.35322916666666665 0.10567129629629628 0.09052083333333334
2 0.15549189814814818 0.3082986111111111 0.03562500000000002 0.04371527777777775
1 0.15571180555555558 0.24821180555555555 0.040034722222222194 0.03454861111111107
2 0.5010416666666666 0.3639409722222222 0.03788194444444457 0.06722222222222225
4 0.9143171296296295 0.4774305555555555 0.1448842592592591 0.15