0 0.7609143518518519 0.386400462962963 0.23929398148148168 0.12672453703703698
1 0.1631423611111111 0.4533043981481482 0.1738310185185185 0.12936342592592603
2 0.3176851851851852 0.31939814814814815 0.030717592592592612 0.05020833333333332
1 0.4303703703703704 0.34511574074074075 0.08424768518518508 0.0584143518518518
1 0.20638888888888887 0.28195601851851854 0.05103009259259261 0.05035879629629623
4 0.9218287037037036 0.4609606481481482 0.11226851851851834 0.08673611111111121
1 0.6831539351851852 0.6962326388888889 0.26913194444444455 0.25033564814814824
1 0.18409143518518517 0.531244212962963 0.20810185185185182 0.15773148148148142
1 0.778107638888889 0.5518344907407406 0.21181712962962962 0.13901620370370366
1 0.13145833333333332 0.37153935185185183 0.12689814814814815 0.09777777777777778
2 0.37347222222222226 0.3580324074074074 0.05825231481481481 0.06915509259259256
1 0.27552662037037035 0.3040914351851852 0.0653356481481481 0.05515046296296298
3 0.03697916666666666 0.3988599537037037 0.07395833333333332 0.09596064814814813
4 0.48340856481481487 0.49700810185185185 0.15613425925925917 0.14953703703703702
2 0.16640625 0.20962384259259256 0.04857638888888891 0.03315972222222223
3 0.06003472222222221 0.31818287037037035 0.041631944444444444 0.07996527777777782
3 0.27307291666666667 0.42671875000000004 0.07409722222222222 0.10363425925925931
3 0.31114583333333334 0.5810648148148149 0.0807291666666666 0.14116898148148138
3 0.19965277777777776 0.6076620370370371 0.0901041666666667 0.1412384259259259
3 0.024574652777777775 0.5871527777777777 0.04914930555555555 0.0879513888888889
3 0.08043981481481481 0.33130787037037035 0.03901620370370371 0.05964120370370374
1 0.0900636574074074 0.281255787037037 0.07767361111111111 0.052118055555555556
2 0.16677662037037036 0.26272569444444444 0.028831018518518547 0.04394675925925924
2 0.31667824074074075 0.29363425925925923 0.014953703703703702 0.01729166666666666
1 0.2517418981481482 0.28083912037037034 0.04890046296296298 0.039409722222222235
1 0.23465277777777777 0.24894675925925927 0.026296296296296262 0.025185185185185154
2 0.24913194444444448 0.2558680555555556 0.01667824074074069 0.020428240740740743
2 0.18243055555555557 0.24699074074074073 0.020289351851851833 0.02982638888888891
2 0.19640046296296293 0.23361111111111113 0.018321759259259274 0.02200231481481483
2 0.19785300925925925 0.25078125 0.013310185185185208 0.015717592592592578
2 0.1482175925925926 0.2441203703703704 0.023819444444444438 0.03766203703703699
1 0.14302083333333332 0.2238541666666667 0.031307870370370375 0.031469907407407405
2 0.11876157407407409 0.22481481481481486 0.023495370370370326 0.03141203703703699