0 0.8162962962962963 0.4039872685185185 0.2785763888888887 0.20010416666666675
1 0.6597569444444444 0.5787210648148149 0.27618055555555543 0.18599537037037023
1 0.9190798611111111 0.5885474537037038 0.1618402777777778 0.21028935185185169
1 0.19292824074074075 0.43932870370370375 0.0741087962962963 0.06614583333333321
1 0.2977141203703703 0.667818287037037 0.2582638888888889 0.19950231481481495
1 0.22755208333333332 0.5893113425925927 0.16613425925925931 0.11878472222222225
2 0.3682523148148148 0.4499826388888889 0.058854166666666693 0.07193287037037041
1 0.14409722222222224 0.483894675925926 0.09138888888888888 0.06821759259259252
2 0.27872685185185186 0.43953125000000004 0.049108796296296296 0.0654050925925926
1 0.6306365740740741 0.4031655092592592 0.09616898148148145 0.06991898148148153
2 0.33258680555555553 0.44034722222222217 0.0479166666666667 0.07160879629629627
2 0.4048553240740741 0.5017592592592592 0.07274305555555553 0.09574074074074072
2 0.6091493055555556 0.44854166666666667 0.0694212962962963 0.0660069444444444
1 0.1385127314814815 0.4291377314814815 0.06996527777777777 0.048865740740740723
3 0.085 0.5921064814814814 0.07466435185185186 0.07552083333333322
2 0.30726851851851855 0.4473958333333334 0.04672453703703709 0.07781249999999992
1 0.5305092592592593 0.42437500000000006 0.1424189814814815 0.11340277777777778
2 0.5007465277777777 0.4617071759259259 0.06363425925925928 0.07363425925925923
3 0.1746759259259259 0.7367013888888889 0.06464120370370367 0.06430555555555557
1 0.2014988425925926 0.38655092592592594 0.036226851851851816 0.03226851851851853
4 0.24648148148148147 0.36916666666666664 0.09663194444444442 0.07773148148148153
3 0.08541666666666667 0.49385416666666665 0.04699074074074072 0.05598379629629626
3 0.11280671296296296 0.8112962962962964 0.04516203703703705 0.07776620370370395
2 0.16464699074074074 0.5016608796296296 0.061701388888888875 0.0673379629629629
1 0.3825752314814815 0.41531250000000003 0.07061342592592598 0.059803240740740726
3 0.5924189814814815 0.7584375 0.1017824074074074 0.08568287037037052
3 0.16674768518518518 0.7871585648148148 0.08652777777777776 0.09146990740740754
4 0.374375 0.369056712962963 0.13138888888888892 0.11151620370370371
2 0.48155671296296293 0.6116550925925927 0.12240740740740748 0.1705208333333335
1 0.6706770833333333 0.3287037037037037 0.05700231481481488 0.04068287037037042
1 0.7524305555555555 0.32644675925925926 0.07400462962962955 0.03806712962962964
2 0.7109143518518518 0.49445023148148143 0.08515046296296305 0.09454861111111121
1 0.46365162037037033 0.3358275462962963 0.03604166666666657 0.02914351851851853
2 0.496556712962963 0.33836226851851847 0.03016203703703706 0.035208333333333286
2 0.16826967592592593 0.3785474537037037 0.01885416666666666 0.02863425925925931
1 0.12369791666666666 0.38970486111111113 0.036226851851851816 0.03226851851851853
2 0.10697916666666667 0.4102662037037037 0.020601851851851816 0.03180555555555564
2 0.0760011574074074 0.40076967592592594 0.025381944444444436 0.033506944444444464
1 0.07495949074074074 0.43583333333333335 0.03531249999999999 0.04315972222222229
2 0.09355324074074074 0.3942708333333333 0.015636574074074084 0.026979166666666644
2 0.09896990740740741 0.38039351851851855 0.013888888888888885 0.02380787037037031
2 0.16653356481481482 0.4018923611111111 0.022986111111111106 0.01939814814814813