1 0.5234375 0.5375 0.215625 0.140625
1 0.85625 0.4703125 0.24375 0.13125
1 0.59375 0.41875 0.1515625 0.0828125
1 0.253125 0.61875 0.2203125 0.1703125
3 0.275 0.659375 0.128125 0.146875
3 0.0671875 0.6734375 0.1234375 0.121875
1 0.184375 0.5296875 0.171875 0.1296875
3 0.1640625 0.4421875 0.05625 0.075
3 0.0390625 0.49375 0.065625 0.08125
3 0.0375 0.5 0.06875 0.0984375
2 0.2859375 0.425 0.0453125 0.0875
2 0.4078125 0.4359375 0.0640625 0.1171875
1 0.3453125 0.3921875 0.0953125 0.0734375
1 0.159375 0.35625 0.065625 0.053125
3 0.053125 0.415625 0.034375 0.08125
1 0.0859375 0.3953125 0.0796875 0.0671875
3 0.065625 0.4125 0.03125 0.075
1 0.240625 0.3703125 0.0640625 0.06875
2 0.2796875 0.35625 0.046875 0.0609375
1 0.3421875 0.3453125 0.0703125 0.0484375
2 0.2046875 0.3453125 0.03125 0.05
1 0.053125 0.3359375 0.046875 0.0453125
2 0.09375 0.334375 0.0296875 0.04375
1 0.075 0.3078125 0.028125 0.0328125
2 0.0921875 0.303125 0.01875 0.0234375
2 0.1203125 0.303125 0.0359375 0.03125
1 0.1703125 0.3265625 0.0453125 0.034375
1 0.134375 0.296875 0.021875 0.028125
1 0.1515625 0.3015625 0.028125 0.034375
1 0.1734375 0.303125 0.034375 0.028125
1 0.9 0.66875 0.2 0.21875
4 0.6609375 0.325 0.096875 0.0578125
4 0.46875 0.2984375 0.1265625 0.0640625
4 0.26875 0.309375 0.090625 0.0875
1 0.3609375 0.2984375 0.040625 0.028125
1 0.98515625 0.35625 0.0296875 0.059375
4 0.0953125 0.246875 0.0359375 0.03125