1 0.3515625 0.3921875 0.0734375 0.0515625
1 0.278125 0.3625 0.06875 0.0390625
4 0.69375 0.359375 0.30625 0.2
1 0.1171875 0.45 0.1046875 0.0859375
1 0.184375 0.5234375 0.1453125 0.0828125
1 0.171875 0.3703125 0.0765625 0.040625
2 0.428125 0.428125 0.053125 0.0671875
2 0.325 0.46875 0.046875 0.0828125
3 0.265625 0.66875 0.0671875 0.11875
4 0.3859375 0.33125 0.1296875 0.096875
1 0.2375 0.6109375 0.2125 0.1453125
2 0.4328125 0.5671875 0.0765625 0.1265625
2 0.253125 0.428125 0.0515625 0.0703125
1 0.1828125 0.3234375 0.0546875 0.0453125
1 0.9625 0.371875 0.0734375 0.0578125
1 0.2390625 0.325 0.0375 0.034375
3 0.0375 0.503125 0.0546875 0.0640625
4 0.5578125 0.49375 0.146875 0.1328125
3 0.046875 0.415625 0.03125 0.0640625
1 0.0625 0.378125 0.0703125 0.04375
2 0.5953125 0.5546875 0.0609375 0.1359375
2 0.684375 0.603125 0.075 0.159375
1 0.2796875 0.3359375 0.0328125 0.021875
0 0.2671875 0.2796875 0.0640625 0.040625
2 0.1078125 0.3125 0.015625 0.028125
2 0.1234375 0.3109375 0.0109375 0.028125
1 0.140625 0.303125 0.025 0.0234375
1 0.09375 0.33125 0.0390625 0.03125
2 0.1171875 0.346875 0.015625 0.0359375
2 0.1375 0.3375 0.0125 0.0375
2 0.115625 0.2875 0.0078125 0.0171875
2 0.2109375 0.3296875 0.0109375 0.03125