1 0.7134375000000001 0.619386574074074 0.215486111111111 0.14525462962962976
2 0.7065972222222222 0.38721064814814815 0.04597222222222221 0.05162037037037033
1 0.7781944444444445 0.5662905092592593 0.17416666666666672 0.128125
2 0.651579861111111 0.4844039351851851 0.07958333333333342 0.10590277777777786
4 0.14262152777777776 0.396875 0.2852430555555555 0.3625
1 0.8596354166666668 0.5063368055555555 0.13170138888888872 0.1203125
1 0.9027604166666666 0.37838541666666664 0.05322916666666657 0.039409722222222235
4 0.5424652777777779 0.3597511574074074 0.18399305555555542 0.17372685185185183
3 0.9180902777777777 0.577488425925926 0.08656250000000014 0.08744212962962976
3 0.7224479166666666 0.6798900462962962 0.12048611111111107 0.11365740740740744
3 0.9404340277777777 0.4783854166666666 0.049861111111111 0.06892361111111107
3 0.6770833333333333 0.7353877314814815 0.10020833333333332 0.07858796296296297
3 0.9355381944444444 0.553443287037037 0.08100694444444442 0.10283564814814809
1 0.8306597222222223 0.4036747685185185 0.07586805555555572 0.05740740740740744
2 0.7644270833333333 0.4373263888888889 0.0561805555555555 0.07071759259259273
1 0.2534895833333333 0.28075810185185185 0.05927083333333334 0.03495370370370372
2 0.18644097222222222 0.631105324074074 0.14711805555555557 0.18640046296296298
1 0.5360243055555556 0.6626157407407407 0.22638888888888892 0.17997685185185192