1 0.34453125 0.395625 0.1015625 0.0802083333333334
1 0.290625 0.34124999999999994 0.0640625 0.06364583333333336
1 0.21953125 0.5474479166666667 0.18125 0.12770833333333337
1 0.184375 0.4833854166666667 0.165625 0.12979166666666658
1 0.421875 0.3875 0.075 0.06906250000000007
1 0.184375 0.3326041666666667 0.0890625 0.07156249999999993
1 0.55078125 0.56484375 0.165625 0.15322916666666658
0 0.76953125 0.4177083333333333 0.234375 0.153125
4 0.56875 0.43557291666666664 0.1359375 0.11218749999999993
2 0.2296875 0.30125 0.021875 0.03895833333333325
3 0.05078125 0.6205729166666667 0.0703125 0.09375
2 0.57578125 0.47901041666666666 0.0609375 0.07125000000000004
2 0.13515625 0.25588541666666664 0.015625 0.03229166666666661
2 0.15 0.24359374999999997 0.0109375 0.021041666666666715
2 0.48125 0.4031770833333333 0.0375 0.06656249999999986
4 0.26484375 0.28718750000000004 0.0625 0.05885416666666661
4 0.4984375 0.31838541666666664 0.121875 0.10968750000000008
3 0.23203125 0.64125 0.059375 0.11958333333333329
1 0.55078125 0.7265625 0.1703125 0.23791666666666664
2 0.48515625 0.45343750000000005 0.0453125 0.08427083333333343
4 0.21875 0.2731770833333333 0.0359375 0.03989583333333328
2 0.14453125 0.28385416666666663 0.025 0.048541666666666664
2 0.159375 0.26375000000000004 0.021875 0.03270833333333334
2 0.11015625 0.25421875 0.0171875 0.027708333333333356
2 0.12734375 0.23973958333333334 0.0140625 0.022812500000000034
1 0.15390625 0.23369791666666667 0.0296875 0.022291666666666644
1 0.125 0.2216145833333333 0.015625 0.013541666666666608
1 0.1375 0.2263541666666667 0.015625 0.015104166666666608
1 0.08828125 0.31135416666666665 0.0828125 0.06333333333333328
3 0.0703125 0.34140625 0.0328125 0.07406249999999996
3 0.08515625 0.32286458333333334 0.01875 0.04343750000000002
3 0.040625 0.42770833333333336 0.0671875 0.07166666666666668
2 0.975 0.52515625 0.028125 0.03156250000000007