4 0.48513888888888895 0.4361053240740741 0.16840277777777785 0.1340162037037036
1 0.06841145833333333 0.5900231481481482 0.13682291666666666 0.1324189814814815
1 0.20414930555555558 0.590480324074074 0.3123958333333333 0.17569444444444446
1 0.35887152777777775 0.44797453703703705 0.1072916666666667 0.09451388888888879
2 0.7099305555555555 0.2985474537037037 0.039583333333333394 0.04715277777777782
1 0.7547743055555556 0.537199074074074 0.2117013888888888 0.15932870370370367
1 0.79609375 0.45098379629629626 0.16621527777777773 0.11994212962962969
1 0.6572916666666666 0.2880034722222222 0.04982638888888893 0.031608796296296315
1 0.8218923611111112 0.22196180555555553 0.03277777777777757 0.03460648148148149
1 0.8025 0.2892708333333333 0.07600694444444436 0.05835648148148147
1 0.058020833333333334 0.4517650462962964 0.10447916666666665 0.06637731481481488
1 0.7586631944444445 0.2739756944444444 0.05017361111111107 0.039421296296296225
1 0.7602604166666667 0.27318287037037037 0.05506944444444439 0.04414351851851848
0 0.08895833333333333 0.8100115740740741 0.16065972222222222 0.13552083333333337
1 0.8345659722222223 0.3233969907407407 0.08458333333333315 0.0756018518518518
2 0.6768923611111111 0.35658564814814814 0.04760416666666671 0.05189814814814815
1 0.6429861111111111 0.32872106481481483 0.08232638888888885 0.059965277777777715
1 0.7385763888888889 0.25147569444444445 0.03548611111111111 0.025254629629629655
3 0.7828819444444444 0.3792303240740741 0.06385416666666668 0.06607638888888889
2 0.27399305555555553 0.6532233796296296 0.1415972222222222 0.16349537037037046
1 0.7216145833333334 0.26409722222222226 0.04357638888888893 0.03156250000000007
1 0.6072743055555556 0.30633680555555554 0.05586805555555561 0.02696759259259256
1 0.6084895833333334 0.3141377314814815 0.0628819444444444 0.044201388888888894
2 0.8073611111111111 0.2501851851851852 0.04052083333333343 0.0331018518518519
3 0.9111805555555555 0.3040856481481481 0.037951388888888715 0.04557870370370374
2 0.6157465277777778 0.39686921296296296 0.056805555555555644 0.08320601851851847
2 0.5786631944444445 0.3526273148148148 0.04239583333333332 0.07528935185185182
2 0.11348958333333332 0.6973668981481481 0.11923611111111114 0.15239583333333329
3 0.6333854166666667 0.6677430555555556 0.09090277777777782 0.14749999999999996
3 0.6996701388888888 0.6172685185185186 0.08479166666666664 0.1505787037037038
3 0.9204340277777778 0.5703356481481482 0.09392361111111107 0.11003472222222221
3 0.9146006944444445 0.38528356481481485 0.061736111111111214 0.12385416666666664
3 0.887361111111111 0.3831423611111111 0.05322916666666657 0.10817129629629622
2 0.8415451388888888 0.2366550925925926 0.02163194444444443 0.029837962962962993
4 0.8623958333333335 0.2068229166666667 0.04965277777777786 0.06284722222222223
0 0.7889583333333332 0.20736689814814815 0.056493055555555574 0.04103009259259256
2 0.7735763888888888 0.23715856481481482 0.03229166666666679 0.02366898148148149
1 0.8008854166666666 0.23773726851851854 0.024548611111111285 0.02517361111111107
1 0.6867708333333333 0.29247106481481483 0.026388888888888927 0.031435185185185156
1 0.5293402777777778 0.3553356481481481 0.07430555555555554 0.055219907407407474
2 0.4023090277777778 0.41953703703703704 0.0422569444444445 0.07216435185185191
1 0.19213541666666667 0.40391203703703704 0.061527777777777806 0.04887731481481481
2 0.3633506944444444 0.347193287037037 0.018159722222222285 0.02200231481481483
2 0.5481597222222222 0.5645023148148148 0.10871527777777779 0.16168981481481487