1 0.7617534722222222 0.6250636574074073 0.21276620370370375 0.17950231481481466
1 0.8035706018518518 0.5344097222222223 0.1500694444444445 0.1165162037037037
2 0.6337037037037037 0.37721064814814814 0.03553240740740744 0.04109953703703706
2 0.6216550925925926 0.4140625 0.04399305555555557 0.06343750000000004
2 0.7654108796296295 0.3959722222222222 0.04072916666666657 0.05856481481481488
2 0.734994212962963 0.3659953703703704 0.032453703703703596 0.042476851851851904
0 0.2903298611111111 0.6058275462962963 0.5806597222222222 0.4335300925925926
1 0.7879398148148148 0.34878472222222223 0.043622685185185264 0.05093750000000004
2 0.691579861111111 0.40490162037037036 0.0487268518518519 0.06527777777777785
4 0.4965914351851852 0.38239004629629625 0.20880787037037046 0.1511921296296296
1 0.85578125 0.4099363425925926 0.10194444444444457 0.07155092592592585
1 0.8478761574074074 0.30694444444444446 0.03033564814814831 0.023634259259259237
1 0.8144560185185185 0.3519212962962963 0.07979166666666657 0.06087962962962958
2 0.5624363425925927 0.43168402777777776 0.05038194444444457 0.06849537037037035
3 0.7080324074074074 0.7212731481481481 0.10633101851851859 0.16695601851851852
3 0.9260763888888889 0.7052372685185185 0.11432870370370374 0.1736689814814815
3 0.40043981481481483 0.7484375 0.1090856481481481 0.15464120370370366
2 0.8437094907407408 0.44756944444444446 0.06476851851851854 0.08026620370370381
3 0.9468229166666667 0.5068981481481482 0.06817129629629619 0.08982638888888879
3 0.9117997685185184 0.4210821759259259 0.038252314814814524 0.08025462962962955
1 0.6670023148148149 0.3627488425925926 0.04950231481481495 0.03880787037037035
1 0.7175115740740742 0.3485243055555555 0.03695601851851862 0.03650462962962955
1 0.3088136574074074 0.38065393518518514 0.049409722222222195 0.035682870370370344
1 0.14619212962962963 0.40153935185185186 0.0685300925925926 0.04929398148148145
1 0.05253182870370371 0.4192824074074074 0.10506365740740742 0.0721064814814815
0 0.6584432870370371 0.3082407407407407 0.06885416666666658 0.060231481481481455
0 0.7592245370370371 0.31421296296296297 0.04366898148148159 0.05250000000000003
1 0.9037037037037037 0.35094907407407405 0.052905092592592594 0.04836805555555559