1 0.8796875 0.48125 0.196875 0.09375
1 0.3796875 0.375 0.0765625 0.065625
4 0.6296875 0.4140625 0.1640625 0.115625
1 0.1875 0.5203125 0.14375 0.0796875
2 0.540625 0.515625 0.059375 0.1
1 0.721875 0.734375 0.403125 0.0875
4 0.5 0.375 0.0984375 0.090625
1 0.23125 0.6109375 0.2140625 0.1484375
2 0.2546875 0.43125 0.0515625 0.071875
2 0.3796875 0.446875 0.053125 0.075
1 0.184375 0.384375 0.0703125 0.0421875
1 0.309375 0.3921875 0.078125 0.05
1 0.128125 0.4046875 0.075 0.0453125
3 0.0375 0.50625 0.0640625 0.0625
2 0.8734375 0.665625 0.065625 0.1125
2 0.309375 0.4625 0.040625 0.078125
2 0.1375 0.4359375 0.046875 0.0671875
3 0.0796875 0.7078125 0.06875 0.0734375
3 0.3203125 0.6953125 0.0875 0.0890625
3 0.0609375 0.403125 0.0359375 0.0421875
1 0.2640625 0.36875 0.0640625 0.0359375
4 0.96875 0.353125 0.0625 0.0984375
3 0.0828125 0.6484375 0.0453125 0.040625
2 0.1390625 0.3265625 0.0328125 0.0328125
2 0.2875 0.409375 0.0328125 0.05
1 0.31875 0.3453125 0.040625 0.034375
1 0.228125 0.3484375 0.0359375 0.0375
2 0.1828125 0.3359375 0.03125 0.0421875
2 0.2140625 0.321875 0.0109375 0.028125
1 0.23125 0.31875 0.028125 0.0203125
2 0.4515625 0.3046875 0.0375 0.0390625
4 0.20625 0.271875 0.0484375 0.0359375
4 0.11875 0.259375 0.040625 0.028125
1 0.0859375 0.3234375 0.025 0.0296875
2 0.1046875 0.3125 0.0234375 0.0359375
1 0.79375 0.346875 0.05 0.0375