1 0.265625 0.340625 0.0453125 0.0328125
1 0.89375 0.6125 0.209375 0.2171875
2 0.521875 0.534375 0.0609375 0.1359375
1 0.171875 0.5265625 0.1390625 0.0921875
1 0.1265625 0.4109375 0.0796875 0.0546875
1 0.2515625 0.5875 0.1796875 0.115625
1 0.66875 0.4703125 0.1625 0.0890625
3 0.1875 0.44375 0.0578125 0.075
1 0.9140625 0.4796875 0.16875 0.0875
1 0.8328125 0.3515625 0.0625 0.0328125
2 0.321875 0.3890625 0.0609375 0.06875
1 0.1 0.33125 0.0453125 0.0296875
2 0.4265625 0.5203125 0.0640625 0.1265625
2 0.2609375 0.35625 0.0203125 0.034375
1 0.1203125 0.309375 0.040625 0.0265625
2 0.11875 0.34375 0.0234375 0.03125
0 0.1140625 0.2796875 0.040625 0.028125
1 0.2015625 0.3453125 0.0546875 0.0375
2 0.246875 0.3984375 0.0296875 0.059375
3 0.0703125 0.696875 0.0640625 0.1671875
3 0.3015625 0.7015625 0.0390625 0.146875
3 0.2890625 0.615625 0.0328125 0.0984375
3 0.1796875 0.6484375 0.065625 0.18125
3 0.071875 0.509375 0.028125 0.1078125
3 0.09375 0.49375 0.01875 0.109375
3 0.04375 0.4046875 0.0171875 0.040625
3 0.0515625 0.49375 0.01875 0.096875
1 0.1875 0.3265625 0.0328125 0.025
3 0.084375 0.3484375 0.0171875 0.0421875
1 0.140625 0.3046875 0.0296875 0.0203125
0 0.278125 0.2859375 0.0546875 0.0390625
1 0.4953125 0.4578125 0.134375 0.0734375
4 0.4890625 0.3578125 0.1859375 0.1140625
2 0.4171875 0.415625 0.03125 0.0578125
1 0.6953125 0.43125 0.1109375 0.053125
2 0.7921875 0.346875 0.0140625 0.034375
2 0.5734375 0.5234375 0.0484375 0.115625