1 0.2572048611111111 0.5022222222222222 0.25107638888888884 0.1517939814814815
1 0.6784780092592593 0.38342592592592595 0.08017361111111114 0.06150462962962964
0 0.37393518518518515 0.2957986111111111 0.13753472222222224 0.08067129629629628
1 0.9025289351851852 0.4185011574074074 0.07420138888888879 0.06614583333333339
1 0.39718749999999997 0.3980150462962963 0.14351851851851852 0.10258101851851845
1 0.859363425925926 0.3891203703703704 0.04615740740740755 0.04094907407407407
1 0.9397800925925927 0.3744560185185185 0.0487268518518519 0.031597222222222235
2 0.7191319444444445 0.4495601851851852 0.05803240740740741 0.08320601851851847
2 0.791232638888889 0.43964699074074076 0.04754629629629612 0.06438657407407397
2 0.45392939814814814 0.5773611111111111 0.1047569444444445 0.16008101851851855
3 0.7484664351851851 0.6939814814814815 0.09049768518518526 0.13030092592592588
1 0.8419328703703703 0.5697974537037037 0.17247685185185196 0.11685185185185176
1 0.057199074074074076 0.49041666666666667 0.06606481481481481 0.16604166666666664
2 0.8907870370370372 0.36543981481481486 0.02804398148148124 0.025196759259259238
3 0.9817158564814814 0.4765104166666667 0.036568287037037094 0.0659143518518519
1 0.24471064814814816 0.3045717592592593 0.06315972222222221 0.037951388888888896
1 0.7943576388888889 0.6506539351851852 0.25182870370370375 0.1908449074074074
3 0.9751649305555556 0.5726215277777778 0.049670138888888715 0.06771990740740748
1 0.9281886574074074 0.35031249999999997 0.050104166666666575 0.028483796296296226
2 0.1522453703703704 0.3005671296296296 0.028136574074074085 0.02675925925925924
4 0.5936111111111111 0.3098032407407407 0.07502314814814817 0.05365740740740747
4 0.8262673611111111 0.3713888888888889 0.04662037037037052 0.04876157407407407
4 0.7975868055555556 0.3622222222222222 0.027129629629629726 0.036122685185185154
1 0.6607581018518519 0.3218113425925926 0.03282407407407408 0.026793981481481488
0 0.832355324074074 0.31585069444444447 0.047812499999999855 0.04252314814814815
4 0.903263888888889 0.3121990740740741 0.04165509259259252 0.044039351851851906
4 0.9776851851851852 0.46015046296296297 0.026770833333333143 0.05642361111111107
1 0.9585127314814814 0.43997106481481485 0.04414351851851848 0.059675925925925986
2 0.8050925925925926 0.39655671296296297 0.028414351851851906 0.03144675925925924
1 0.505931712962963 0.32061342592592595 0.0487268518518519 0.031597222222222235
3 0.9298321759259259 0.7473495370370371 0.06575231481481474 0.08170138888888889
2 0.8575578703703703 0.35865162037037035 0.01692129629629626 0.021990740740740745
1 0.9740509259259259 0.34606481481481477 0.021331018518518617 0.017337962962962906
0 0.4637789351851852 0.2951331018518518 0.050567129629629545 0.03629629629629631
2 0.20564814814814816 0.30486111111111114 0.018298611111111106 0.018877314814814826
2 0.04907407407407407 0.3005497685185185 0.01894675925925926 0.02981481481481483