1 0.22505208333333332 0.4299479166666667 0.18895833333333334 0.12233796296296298
4 0.6828645833333333 0.42352430555555554 0.1598958333333332 0.15399305555555554
1 0.42401041666666667 0.6321469907407408 0.2430208333333333 0.2552662037037036
1 0.4239583333333334 0.4560185185185185 0.18093749999999992 0.11892361111111108
1 0.7850520833333332 0.6704571759259259 0.22218750000000007 0.1765625
1 0.8516145833333333 0.6168113425925925 0.17489583333333342 0.14519675925925918
2 0.8317708333333333 0.42436342592592596 0.0421875 0.04832175925925917
2 0.7811979166666667 0.41391782407407407 0.034062499999999926 0.04334490740740744
0 0.9078125 0.3726273148148148 0.07041666666666657 0.05092592592592595
1 0.37177083333333333 0.5616319444444444 0.19468750000000004 0.1848958333333332
3 0.9660677083333333 0.5144965277777778 0.06786458333333342 0.09178240740740744
1 0.9565625000000001 0.40248842592592593 0.04427083333333357 0.0328125
3 0.7407812500000001 0.7077835648148149 0.1328125 0.16857638888888893
2 0.8832812499999999 0.4254918981481482 0.031458333333333144 0.05104166666666661
2 0.86328125 0.4177372685185185 0.025729166666666713 0.035243055555555534
1 0.5332812499999999 0.43590856481481477 0.11302083333333321 0.08211805555555554
3 0.9755208333333332 0.607204861111111 0.04895833333333357 0.08408564814814809
0 0.6340104166666667 0.3336516203703704 0.078125 0.04965277777777777
3 0.9472916666666666 0.764988425925926 0.10541666666666671 0.12951388888888893
2 0.9035416666666667 0.43715277777777783 0.025104166666666573 0.04924768518518512
1 0.9586458333333333 0.37528935185185186 0.024791666666666858 0.021180555555555536
2 0.8927083333333332 0.39155092592592594 0.020624999999999716 0.028819444444444463
1 0.9141145833333333 0.42039930555555555 0.05 0.04861111111111107
4 0.7534374999999999 0.3715856481481482 0.12104166666666671 0.10891203703703703
1 0.5604687500000001 0.34105902777777775 0.04427083333333322 0.0328125
2 0.48505208333333333 0.33203125 0.025208333333333322 0.027430555555555534