4 0.7890625 0.3328125 0.1859375 0.0734375
1 0.2 0.4125 0.1046875 0.0625
0 0.93125 0.45 0.1328125 0.2375
1 0.70625 0.5 0.209375 0.140625
1 0.1796875 0.5390625 0.1671875 0.121875
1 0.2359375 0.615625 0.2 0.1625
1 0.3546875 0.4296875 0.1078125 0.0828125
1 0.4671875 0.53125 0.1859375 0.121875
2 0.1765625 0.3375 0.0265625 0.0375
1 0.265625 0.3546875 0.0609375 0.0421875
2 0.371875 0.3765625 0.03125 0.0375
2 0.4375 0.390625 0.03125 0.053125
2 0.9546875 0.6 0.090625 0.1296875
1 0.13125 0.334375 0.0390625 0.0296875
1 0.184375 0.309375 0.040625 0.0234375
1 0.153125 0.3046875 0.0265625 0.025
3 0.275 0.65625 0.1109375 0.1578125
3 0.0625 0.671875 0.1140625 0.121875
3 0.0375 0.5 0.06875 0.0859375
3 0.0625 0.4203125 0.0328125 0.078125
3 0.1046875 0.41875 0.034375 0.0890625
3 0.1453125 0.4203125 0.0296875 0.0796875
2 0.0890625 0.3375 0.021875 0.040625
2 0.1 0.315625 0.01875 0.03125
1 0.1203125 0.3046875 0.0359375 0.0234375
4 0.10625 0.278125 0.046875 0.0421875
4 0.15 0.25625 0.046875 0.0421875
2 0.3296875 0.3484375 0.0203125 0.0453125
2 0.3015625 0.384375 0.025 0.05625
2 0.403125 0.4109375 0.03125 0.0703125
2 0.759375 0.60625 0.0921875 0.1671875