1 0.2606597222222222 0.42010416666666667 0.195625 0.13947916666666665
2 0.08608217592592593 0.48963541666666666 0.14140046296296296 0.16708333333333342
1 0.8082002314814816 0.65953125 0.17253472222222221 0.16135416666666663
1 0.7363888888888889 0.71171875 0.22462962962962968 0.2007291666666667
1 0.8715740740740742 0.45927083333333335 0.044305555555555286 0.04041666666666668
1 0.7299884259259259 0.49041666666666667 0.10097222222222228 0.07229166666666664
3 0.9646469907407408 0.5778645833333333 0.04166666666666678 0.07302083333333335
1 0.8159664351851852 0.44619791666666664 0.05370370370370381 0.042604166666666644
1 0.8923148148148148 0.5948958333333334 0.12197916666666657 0.12052083333333333
2 0.6844733796296296 0.52640625 0.06528935185185177 0.08708333333333336
1 0.49842592592592594 0.5592708333333334 0.21693287037037035 0.20802083333333332
1 0.2633275462962963 0.5475 0.2218055555555556 0.22083333333333321
1 0.8471585648148148 0.44437499999999996 0.031643518518518474 0.028645833333333214
2 0.675619212962963 0.45557291666666666 0.04299768518518512 0.057499999999999926
3 0.7065451388888888 0.751875 0.09321759259259252 0.18104166666666668
3 0.9644386574074074 0.6691666666666667 0.06708333333333343 0.10281249999999993
2 0.9282523148148147 0.4919270833333333 0.024085648148147953 0.0453125
2 0.9139814814814816 0.47692708333333333 0.01778935185185162 0.041770833333333354
2 0.7036053240740741 0.44807291666666665 0.02730324074074062 0.05177083333333332
2 0.7371874999999999 0.44953125 0.03026620370370381 0.04104166666666664
1 0.7711168981481482 0.47442708333333333 0.06333333333333328 0.060416666666666785
1 0.9058101851851852 0.45218749999999996 0.03803240740740747 0.03843749999999986
2 0.10091435185185185 0.27911458333333333 0.03369212962962962 0.061562499999999964
2 0.32705439814814813 0.31838541666666664 0.025555555555555554 0.03916666666666675