0 0.8062268518518518 0.4913194444444445 0.38754629629629633 0.5399305555555556
1 0.2013657407407407 0.41293402777777777 0.06641203703703705 0.05458333333333343
1 0.28326388888888887 0.6693576388888889 0.22467592592592595 0.19399305555555557
2 0.38888888888888895 0.41866319444444444 0.043043981481481454 0.05875000000000004
1 0.30258680555555556 0.4448611111111111 0.07765046296296294 0.07513888888888882
1 0.2034085648148148 0.6035416666666666 0.16442129629629632 0.13329861111111113
1 0.49315393518518513 0.4451909722222222 0.10609953703703709 0.09763888888888897
2 0.33499421296296295 0.4182465277777778 0.03663194444444447 0.047673611111111215
1 0.1284664351851852 0.5003472222222223 0.07287037037037036 0.06878472222222225
1 0.5707465277777778 0.4109895833333333 0.11853009259259259 0.09322916666666678
4 0.49453125 0.32729166666666665 0.15901620370370378 0.08475694444444448
3 0.05979745370370371 0.6097222222222222 0.0857175925925926 0.09250000000000007
3 0.7615219907407408 0.63625 0.11201388888888886 0.18055555555555552
2 0.19138310185185184 0.42442708333333334 0.030358796296296297 0.04597222222222221
1 0.3229398148148148 0.3953298611111111 0.053749999999999964 0.043368055555555604
1 0.12203703703703703 0.43538194444444445 0.05699074074074075 0.05124999999999993
2 0.06942708333333333 0.41624999999999995 0.022384259259259263 0.03486111111111114
1 0.1698611111111111 0.3950520833333333 0.039571759259259265 0.035243055555555534
4 0.18705439814814814 0.3431076388888889 0.057083333333333375 0.057499999999999926
2 0.05435185185185185 0.40029513888888885 0.01445601851851852 0.026875000000000072
3 0.09942708333333335 0.5434375 0.04033564814814814 0.08680555555555554
3 0.0694849537037037 0.5255902777777778 0.03231481481481482 0.07256944444444446
3 0.045989583333333334 0.5211631944444444 0.03065972222222223 0.06628472222222222
2 0.27855902777777775 0.4044965277777778 0.02693287037037031 0.025590277777777715
1 0.6700925925925926 0.31635416666666666 0.05545138888888897 0.05277777777777777