1 0.25277199074074075 0.44375 0.12689814814814815 0.096875
2 0.34020833333333333 0.5203125 0.07285879629629637 0.109375
1 0.20995370370370367 0.63671875 0.24476851851851852 0.1703125
2 0.5749421296296295 0.453125 0.0685995370370371 0.0875
2 0.4339351851851852 0.59609375 0.09322916666666661 0.140625
1 0.07717592592592593 0.36484375 0.0487384259259259 0.0359375
3 0.028900462962962958 0.55078125 0.057800925925925915 0.0765625
2 0.42546874999999995 0.44296875 0.06638888888888879 0.075
1 0.09862268518518519 0.4484375 0.08144675925925926 0.0640625
1 0.1543576388888889 0.36796875 0.05366898148148147 0.040625
2 0.29170138888888886 0.43125 0.030046296296296227 0.0671875
2 0.2860358796296296 0.38984375 0.03195601851851855 0.04375
1 0.31817708333333333 0.37265625 0.06805555555555554 0.046875
1 0.5733969907407408 0.42265625 0.11795138888888879 0.075
1 0.15849537037037037 0.559375 0.16660879629629627 0.109375
1 0.2056886574074074 0.3875 0.07258101851851854 0.04375
3 0.4183738425925926 0.51953125 0.0655555555555555 0.0890625
0 0.7648784722222223 0.571875 0.4310300925925926 0.3875
1 0.40990162037037037 0.41171875 0.08993055555555554 0.046875
3 0.04510416666666666 0.47109375 0.0414699074074074 0.0765625
3 0.02011574074074074 0.47734375 0.04023148148148148 0.065625
2 0.34 0.4640625 0.04534722222222225 0.0609375
1 0.10911458333333335 0.45703125 0.06476851851851854 0.04375
1 0.4555266203703704 0.390625 0.07306712962962969 0.053125
3 0.6019039351851851 0.59609375 0.08038194444444446 0.1640625
1 0.1738773148148148 0.353125 0.021851851851851834 0.0296875
1 0.21039351851851854 0.35703125 0.054745370370370416 0.03125
2 0.13050347222222222 0.3609375 0.017245370370370373 0.03125
2 0.09315393518518518 0.34296875 0.018240740740740734 0.0203125
1 0.037343749999999995 0.3796875 0.03936342592592592 0.0359375
2 0.037320601851851855 0.35 0.013553240740740735 0.0203125
1 0.048865740740740744 0.33828125 0.027615740740740746 0.0203125
2 0.06835648148148148 0.3390625 0.01322916666666667 0.0140625
1 0.04383101851851852 0.4203125 0.06444444444444444 0.0375
4 0.3485474537037037 0.29921875 0.09459490740740736 0.0765625