1 0.2875 0.3671875 0.05625 0.0546875
1 0.5890625 0.653125 0.20625 0.209375
1 0.11875 0.4546875 0.0984375 0.0921875
2 0.1609375 0.3578125 0.021875 0.0421875
1 0.184375 0.328125 0.034375 0.0328125
1 0.471875 0.315625 0.021875 0.01875
4 0.3984375 0.3375 0.065625 0.0625
1 0.3859375 0.3015625 0.0203125 0.0109375
1 0.096875 0.309375 0.0296875 0.028125
1 0.940625 0.6671875 0.11875 0.178125
1 0.84375 0.5453125 0.2359375 0.1359375
1 0.6890625 0.446875 0.15625 0.0921875
1 0.5390625 0.403125 0.1125 0.08125
1 0.39375 0.396875 0.0875 0.065625
1 0.4421875 0.3828125 0.05 0.0546875
1 0.2359375 0.6125 0.1796875 0.1390625
1 0.1765625 0.528125 0.1609375 0.1046875
3 0.015625 0.4140625 0.0296875 0.059375
3 0.03125 0.4046875 0.015625 0.06875
3 0.05 0.4109375 0.0203125 0.06875
1 0.1 0.375 0.0765625 0.05625
1 0.1015625 0.334375 0.05 0.0234375
1 0.1359375 0.3265625 0.0359375 0.03125
1 0.05625 0.3234375 0.0390625 0.034375
1 0.2640625 0.3546875 0.0515625 0.034375
1 0.2671875 0.3265625 0.0375 0.021875
1 0.2140625 0.340625 0.040625 0.0359375
0 0.578125 0.31875 0.1125 0.0625
0 0.30625 0.2890625 0.053125 0.0375
4 0.159375 0.2625 0.034375 0.0265625
0 0.2109375 0.3046875 0.0671875 0.04375
4 0.1203125 0.290625 0.0328125 0.0296875
1 0.7390625 0.34375 0.075 0.01875
2 0.884375 0.353125 0.0296875 0.03125
3 0.034375 0.5 0.0546875 0.090625