1 0.6481076388888889 0.39197337962962964 0.14173611111111112 0.09938657407407411
1 0.20109375 0.47855902777777776 0.11673611111111111 0.09864583333333332
1 0.22583333333333333 0.6416724537037037 0.2456944444444445 0.19141203703703696
1 0.40432291666666664 0.39997685185185183 0.1046875 0.07332175925925935
1 0.16326388888888888 0.3993171296296296 0.06927083333333331 0.048865740740740723
2 0.503142361111111 0.45868634259259267 0.07576388888888878 0.08962962962962955
1 0.5153472222222222 0.41229166666666667 0.13434027777777793 0.10853009259259264
1 0.1603125 0.5710532407407407 0.16288194444444448 0.11873842592592591
1 0.27934027777777776 0.3857349537037037 0.07472222222222218 0.06619212962962955
1 0.3659375 0.36834490740740744 0.08673611111111112 0.055625000000000036
4 0.06515625 0.37725694444444446 0.0711111111111111 0.05516203703703706
3 0.02939236111111111 0.5752199074074074 0.05878472222222222 0.07409722222222222
3 0.08027777777777777 0.7567766203703703 0.08378472222222222 0.09454861111111121
1 0.09635416666666667 0.4652777777777778 0.08586805555555554 0.0712037037037037
1 0.11916666666666667 0.37331597222222224 0.02468750000000002 0.028819444444444463
2 0.1363888888888889 0.37202546296296296 0.016805555555555563 0.027025462962962977
1 0.15578124999999998 0.3745717592592593 0.0384722222222222 0.022986111111111106
2 0.10208333333333333 0.4065914351851852 0.036388888888888894 0.04633101851851844
3 0.04314236111111112 0.48635995370370366 0.04715277777777778 0.07785879629629626
2 0.08012152777777778 0.3916377314814815 0.02503472222222223 0.03663194444444447
1 0.2231076388888889 0.36945601851851856 0.057256944444444444 0.059432870370370414
3 0.09659722222222222 0.4949189814814815 0.033368055555555554 0.08369212962962962
3 0.45821180555555563 0.7323148148148148 0.08989583333333329 0.09160879629629619
4 0.4931423611111111 0.2974768518518519 0.1219444444444445 0.07539351851851847
4 0.7543055555555556 0.26711226851851855 0.10829861111111114 0.08435185185185183
2 0.6563194444444445 0.29498263888888887 0.02624999999999993 0.02886574074074071
4 0.29269097222222223 0.3486689814814815 0.06260416666666666 0.03930555555555557
1 0.15977430555555555 0.35494791666666664 0.027465277777777786 0.02109953703703704
2 0.18024305555555556 0.3683854166666667 0.02034722222222225 0.036493055555555556
2 0.14258680555555556 0.4256770833333333 0.030277777777777803 0.049270833333333285
4 0.13394097222222223 0.3393287037037037 0.04236111111111107 0.040266203703703686
0 0.056493055555555546 0.3439641203703704 0.06274305555555557 0.04243055555555557
2 0.038559027777777775 0.3788252314814815 0.018298611111111106 0.025509259259259308
1 0.835 0.2772048611111111 0.05295138888888893 0.03277777777777775