1 0.6293402777777778 0.3671875 0.10387731481481488 0.11135416666666664
1 0.08854166666666666 0.6353645833333333 0.17708333333333331 0.18614583333333332
1 0.7653645833333333 0.5030729166666668 0.23171296296296298 0.19624999999999987
1 0.8023726851851851 0.40864583333333326 0.16377314814814808 0.12937499999999993
1 0.6114583333333333 0.3239583333333333 0.10358796296296298 0.06145833333333339
0 0.5446469907407407 0.29723958333333333 0.14016203703703703 0.12312499999999993
3 0.9103587962962963 0.2705208333333333 0.03703703703703702 0.07416666666666671
1 0.6629050925925926 0.26052083333333337 0.0578125 0.045937499999999964
0 0.761255787037037 0.21421875000000004 0.08240740740740726 0.07874999999999996
1 0.42300347222222223 0.4253645833333334 0.13530092592592596 0.11812500000000004
1 0.33836805555555555 0.4169791666666667 0.10752314814814809 0.08354166666666671
2 0.7236689814814815 0.30322916666666666 0.07714120370370381 0.10489583333333333
2 0.8383680555555555 0.19427083333333334 0.021527777777777857 0.03416666666666664
2 0.0035300925925925916 0.4640625 0.007060185185185183 0.046875
2 0.45894097222222224 0.5071354166666666 0.08130787037037042 0.13322916666666665
2 0.3035300925925926 0.6842708333333334 0.1580439814814815 0.22718749999999996
2 0.7836226851851851 0.24156249999999999 0.029976851851851904 0.051874999999999984
1 0.81171875 0.19838541666666668 0.024710648148148096 0.0359375
2 0.7995659722222221 0.21088541666666666 0.016724537037037024 0.030729166666666696
1 0.8233217592592592 0.1796875 0.029050925925925952 0.026874999999999982
4 0.8230613425925926 0.14463541666666666 0.05017361111111107 0.05010416666666666
4 0.7788194444444445 0.16083333333333333 0.06440972222222215 0.0557291666666667
3 0.9199652777777778 0.24260416666666665 0.01660879629629619 0.027604166666666607
3 0.9368344907407409 0.3552604166666667 0.07129629629629619 0.07333333333333333
3 0.931712962962963 0.535625 0.0740162037037038 0.1046875
3 0.7425347222222222 0.5723958333333334 0.07065972222222214 0.14031249999999992
1 0.8968171296296296 0.23635416666666664 0.08674768518518512 0.06968750000000004
1 0.89140625 0.19307291666666665 0.04033564814814809 0.036979166666666695
4 0.46001157407407406 0.37302083333333336 0.13344907407407405 0.11020833333333328
2 0.2552372685185185 0.36796875 0.022974537037037022 0.031145833333333338