0 0.3109375 0.396875 0.20625 0.14375
1 0.715625 0.58125 0.2484375 0.1546875
1 0.2390625 0.60625 0.1890625 0.146875
1 0.9203125 0.559375 0.146875 0.1421875
2 0.7625 0.4796875 0.071875 0.040625
1 0.7421875 0.4375 0.146875 0.05625
1 0.18125 0.5234375 0.1484375 0.0875
2 0.671875 0.48125 0.0578125 0.05
2 0.1859375 0.35 0.028125 0.04375
1 0.1359375 0.3515625 0.0515625 0.0453125
1 0.1234375 0.409375 0.0859375 0.0578125
1 0.553125 0.415625 0.1 0.0796875
4 0.2921875 0.309375 0.053125 0.028125
3 0.040625 0.5046875 0.06875 0.06875
2 0.1109375 0.315625 0.0203125 0.0328125
3 0.0546875 0.4421875 0.040625 0.125
1 0.8859375 0.3578125 0.0609375 0.034375
1 0.1 0.29375 0.0296875 0.03125
1 0.4703125 0.4625 0.1 0.0796875
2 0.4703125 0.46875 0.046875 0.071875
3 0.2375 0.453125 0.046875 0.0640625
2 0.4328125 0.3765625 0.0296875 0.0390625
1 0.153125 0.3015625 0.0375 0.0203125
3 0.0765625 0.6890625 0.06875 0.0828125
2 0.20625 0.440625 0.0453125 0.0796875
1 0.175 0.3296875 0.053125 0.0375
2 0.4640625 0.38125 0.0203125 0.053125
2 0.5390625 0.4828125 0.0390625 0.10625
2 0.6078125 0.48125 0.059375 0.1
1 0.59375 0.4046875 0.0953125 0.0625
1 0.5890625 0.325 0.0328125 0.0296875
1 0.953125 0.36875 0.0921875 0.0484375