2 0.7868518518518519 0.3954861111111111 0.04148148148148145 0.05871527777777778
1 0.8236747685185186 0.5087673611111111 0.15306712962962976 0.10493055555555557
1 0.773443287037037 0.5974652777777777 0.2212037037037037 0.17048611111111106
2 0.6865162037037037 0.3706076388888889 0.035092592592592634 0.04920138888888888
2 0.33763310185185186 0.4909375000000001 0.07799768518518527 0.098576388888889
1 0.6358391203703704 0.48194444444444445 0.1595949074074074 0.12381944444444457
1 0.460300925925926 0.49444444444444446 0.16090277777777776 0.10666666666666665
1 0.6332002314814815 0.4092534722222222 0.1006481481481483 0.04597222222222221
4 0.20208912037037038 0.5144791666666666 0.24375 0.21628472222222223
1 0.08633680555555556 0.7141840277777778 0.13090277777777776 0.19034722222222236
1 0.7025636574074074 0.3467534722222222 0.055219907407407474 0.03715277777777777
2 0.738738425925926 0.41628472222222224 0.04952546296296294 0.07451388888888885
2 0.40414351851851854 0.6048784722222222 0.08342592592592588 0.14868055555555557
1 0.5356944444444445 0.4172395833333333 0.08842592592592595 0.06444444444444457
1 0.3603761574074074 0.4445833333333333 0.12765046296296295 0.07624999999999993
2 0.47332175925925923 0.42444444444444446 0.03814814814814813 0.04458333333333329
1 0.6191319444444444 0.35583333333333333 0.04733796296296298 0.03229166666666661
1 0.5832870370370371 0.36128472222222224 0.03656249999999996 0.04298611111111113
1 0.6350347222222222 0.3749305555555556 0.0631018518518518 0.04201388888888893
1 0.5116898148148149 0.3784375 0.06466435185185197 0.042048611111111175
1 0.7652951388888889 0.36376736111111113 0.07415509259259245 0.0500694444444445
0 0.7924247685185184 0.2972048611111111 0.1091550925925926 0.09302083333333329
3 0.8738715277777779 0.4177256944444444 0.03560185185185176 0.08357638888888896
1 0.8609548611111112 0.3893229166666667 0.0714467592592591 0.078125
2 0.8694270833333334 0.32859375 0.02872685185185162 0.04124999999999997
3 0.946574074074074 0.4224652777777778 0.048263888888888926 0.09479166666666661
0 0.6361631944444445 0.2929513888888889 0.06319444444444447 0.048263888888888926
1 0.3418923611111111 0.3567013888888889 0.04731481481481481 0.030729166666666696
1 0.8948148148148147 0.3026041666666667 0.03646990740740748 0.03673611111111112
1 0.9676359953703703 0.4839236111111111 0.06472800925925952 0.0671875
1 0.9922685185185184 0.4492534722222222 0.0016319444444441444 0.00472222222222225
2 0.8863252314814816 0.30944444444444447 0.020844907407407475 0.036388888888888894
1 0.08343171296296296 0.5180902777777778 0.052719907407407396 0.07927083333333336