1 0.365625 0.38125 0.06875 0.0671875
1 0.5859375 0.4125 0.1234375 0.0734375
1 0.225 0.5890625 0.1765625 0.103125
2 0.2921875 0.440625 0.0546875 0.084375
1 0.18125 0.525 0.1515625 0.09375
1 0.9265625 0.6953125 0.14375 0.1703125
1 0.490625 0.3875 0.075 0.053125
1 0.7421875 0.3421875 0.0796875 0.03125
2 0.45 0.4140625 0.0484375 0.071875
1 0.11875 0.45 0.103125 0.090625
1 0.2578125 0.3640625 0.0703125 0.046875
1 0.1359375 0.3125 0.0359375 0.03125
3 0.046875 0.4125 0.025 0.0671875
3 0.2765625 0.6421875 0.103125 0.1046875
1 0.2953125 0.340625 0.0484375 0.0390625
2 0.2921875 0.346875 0.0203125 0.0328125
3 0.040625 0.509375 0.0671875 0.06875
4 0.1953125 0.3359375 0.0484375 0.0515625
1 0.621875 0.334375 0.0578125 0.0203125
1 0.0640625 0.375 0.0796875 0.046875
3 0.0734375 0.3890625 0.015625 0.0359375
1 0.1828125 0.3078125 0.0234375 0.0203125
1 0.4015625 0.3640625 0.021875 0.0453125
2 0.74375 0.35 0.0171875 0.015625