4 0.8890625 0.540625 0.221875 0.1921875
4 0.5890625 0.325 0.0734375 0.03125
0 0.0828125 0.303125 0.0546875 0.0515625
0 0.3078125 0.290625 0.05 0.040625
0 0.1859375 0.2671875 0.040625 0.0203125
2 0.0859375 0.3328125 0.0203125 0.040625
1 0.14375 0.325 0.0328125 0.0296875
2 0.1546875 0.3421875 0.0171875 0.03125
1 0.196875 0.3234375 0.0234375 0.0265625
1 0.6328125 0.45625 0.090625 0.0953125
1 0.1953125 0.40625 0.1046875 0.084375
2 0.2359375 0.340625 0.015625 0.0421875
2 0.28125 0.3421875 0.0234375 0.0390625
2 0.5671875 0.4140625 0.021875 0.0703125
2 0.375 0.425 0.0484375 0.0703125
2 0.9265625 0.6734375 0.1203125 0.190625
1 0.121875 0.453125 0.0984375 0.103125
1 0.1828125 0.534375 0.15 0.1015625
1 0.65625 0.6296875 0.2421875 0.1703125
1 0.48125 0.44375 0.1015625 0.084375
1 0.3171875 0.41875 0.065625 0.075
3 0.034375 0.4953125 0.0625 0.08125
3 0.0546875 0.4125 0.04375 0.0640625
2 0.959375 0.3671875 0.040625 0.03125
1 0.80625 0.35625 0.0421875 0.025
1 0.24375 0.596875 0.1390625 0.1265625