1 0.503125 0.390625 0.0984375 0.05
1 0.4953125 0.4578125 0.1390625 0.0859375
1 0.3703125 0.3890625 0.0890625 0.046875
1 0.8234375 0.640625 0.2796875 0.1703125
2 0.6484375 0.48125 0.0796875 0.1015625
1 0.1015625 0.309375 0.025 0.0296875
1 0.3203125 0.3625 0.0640625 0.0296875
1 0.175 0.3546875 0.0515625 0.046875
3 0.2640625 0.665625 0.0703125 0.1234375
3 0.0359375 0.50625 0.0640625 0.0640625
2 0.5546875 0.575 0.08125 0.128125
1 0.159375 0.4171875 0.0984375 0.0640625
1 0.20625 0.321875 0.046875 0.028125
3 0.2734375 0.5 0.0359375 0.0640625
2 0.2453125 0.3546875 0.04375 0.0515625
1 0.18125 0.5265625 0.1484375 0.0890625
1 0.9796875 0.3765625 0.040625 0.059375
1 0.3921875 0.35625 0.065625 0.03125
2 0.8078125 0.3515625 0.0234375 0.0296875
4 0.5921875 0.31875 0.1 0.065625
4 0.3484375 0.2984375 0.040625 0.0296875
4 0.4265625 0.309375 0.025 0.01875
4 0.2390625 0.278125 0.0453125 0.03125
4 0.15625 0.2671875 0.0296875 0.0265625
4 0.053125 0.428125 0.0265625 0.071875
4 0.06875 0.6953125 0.05625 0.0953125
1 0.240625 0.60625 0.1890625 0.125