1 0.2359375 0.6078125 0.2140625 0.146875
1 0.1234375 0.40625 0.08125 0.0453125
1 0.93125 0.359375 0.1046875 0.0484375
2 0.8296875 0.5015625 0.078125 0.10625
1 0.359375 0.3671875 0.059375 0.028125
1 0.4734375 0.4484375 0.128125 0.0671875
1 0.2109375 0.3625 0.065625 0.053125
4 0.5984375 0.375 0.28125 0.140625
2 0.6609375 0.5234375 0.071875 0.1234375
1 0.4328125 0.4140625 0.0953125 0.053125
2 0.28125 0.3578125 0.034375 0.0390625
3 0.096875 0.5484375 0.059375 0.121875
2 0.30625 0.4140625 0.0609375 0.0625
2 0.11875 0.321875 0.0234375 0.025
1 0.94375 0.696875 0.1078125 0.1671875
2 0.1671875 0.321875 0.028125 0.025
2 0.3390625 0.440625 0.0515625 0.0734375
3 0.0828125 0.684375 0.08125 0.1109375
2 0.9359375 0.5828125 0.128125 0.1484375
1 0.1953125 0.525 0.121875 0.09375
1 0.1859375 0.4515625 0.121875 0.0609375
2 0.090625 0.31875 0.0203125 0.028125
3 0.0671875 0.50625 0.0328125 0.09375
2 0.2625 0.3453125 0.028125 0.03125
2 0.4390625 0.4875 0.05625 0.09375
1 0.8265625 0.3484375 0.059375 0.040625
3 0.0515625 0.4828125 0.034375 0.1171875
1 0.253125 0.278125 0.0625 0.0578125
1 0.0828125 0.2875 0.025 0.0203125
1 0.134375 0.3046875 0.0328125 0.01875
1 0.1046875 0.30625 0.0265625 0.0234375
4 0.084375 0.265625 0.0296875 0.0265625
4 0.096875 0.2515625 0.0203125 0.0171875
2 0.615625 0.46875 0.0453125 0.1046875