3 0.19431134259259258 0.6446354166666667 0.11787037037037038 0.1532754629629629
3 0.030329861111111113 0.4963657407407407 0.060659722222222226 0.11347222222222228
3 0.056435185185185185 0.40844907407407405 0.029328703703703708 0.08166666666666664
3 0.03180555555555555 0.38381944444444444 0.03178240740740741 0.036400462962962975
2 0.3203819444444444 0.4123495370370371 0.059085648148148096 0.08679398148148146
2 0.7069097222222223 0.5776793981481482 0.11168981481481488 0.1578703703703704
1 0.47382523148148153 0.4413194444444445 0.09065972222222207 0.10913194444444443
2 0.5317881944444445 0.430306712962963 0.041874999999999926 0.08497685185185197
2 0.5608796296296296 0.4173784722222223 0.024525462962963117 0.07378472222222214
0 0.2359664351851852 0.3636111111111111 0.1268518518518519 0.1268518518518519
1 0.9071122685185184 0.6137673611111112 0.1690509259259258 0.2337037037037037
1 0.7761805555555555 0.33061342592592596 0.0772337962962963 0.04644675925925927
1 0.9805787037037037 0.3471122685185185 0.028981481481481452 0.058229166666666644
1 0.3891145833333334 0.3597800925925926 0.06962962962962962 0.06039351851851853
1 0.44079861111111107 0.4035358796296296 0.09315972222222228 0.06699074074074077
1 0.514525462962963 0.3829166666666667 0.08222222222222228 0.06682870370370378
2 0.3110821759259259 0.3546875 0.0350462962962963 0.04582175925925922
2 0.12466435185185185 0.3371412037037037 0.0366087962962963 0.04584490740740747
2 0.10011574074074074 0.30704282407407407 0.017604166666666643 0.028379629629629654
2 0.11738425925925926 0.3013194444444444 0.017696759259259266 0.034629629629629656
2 0.13461805555555556 0.2979398148148148 0.03026620370370372 0.03950231481481481
2 0.16583333333333333 0.29982060185185183 0.023923611111111142 0.03315972222222223
1 0.11278356481481482 0.4536979166666667 0.09856481481481483 0.11549768518518508
1 0.17263310185185185 0.5262326388888889 0.1564236111111111 0.11947916666666672
1 0.2270486111111111 0.5965046296296297 0.1947800925925926 0.17784722222222235
4 0.20590856481481482 0.28360532407407407 0.07107638888888887 0.052604166666666605
4 0.622957175925926 0.2867997685185185 0.22057870370370375 0.12667824074074074
1 0.4968865740740741 0.30819444444444444 0.030127314814814808 0.030127314814814808
1 0.4578819444444445 0.30486689814814816 0.04400462962962948 0.017835648148148132
1 0.4174074074074074 0.2953125 0.02373842592592599 0.020659722222222232