1 0.5643576388888889 0.39043402777777775 0.08021990740740748 0.07305555555555551
1 0.4375868055555555 0.4166840277777778 0.10210648148148156 0.07494212962962976
4 0.7344502314814815 0.3171643518518518 0.09138888888888878 0.1044675925925926
1 0.7794849537037036 0.5662962962962963 0.22167824074074077 0.18763888888888883
1 0.2415162037037037 0.5161342592592593 0.1900347222222222 0.13405092592592602
1 0.8137962962962962 0.46991898148148153 0.15712962962962962 0.12106481481481488
1 0.8262268518518517 0.2685185185185185 0.04249999999999972 0.04281249999999996
1 0.7933854166666666 0.2719386574074074 0.04405092592592581 0.04127314814814813
4 0.7568923611111111 0.2409259259259259 0.0645023148148148 0.06032407407407412
1 0.0022569444444444442 0.4719328703703704 0.0045138888888888885 0.05324074074074083
1 0.78703125 0.2859085648148148 0.04715277777777782 0.03819444444444446
2 0.7222511574074074 0.3818344907407408 0.045775462962962976 0.0631712962962963
2 0.5008969907407408 0.4137152777777778 0.05057870370370363 0.07886574074074079
1 0.2541030092592592 0.3991203703703704 0.058078703703703737 0.036793981481481455
3 0.8340277777777778 0.37567708333333333 0.06484953703703696 0.10719907407407411
2 0.6119733796296296 0.39660879629629625 0.04584490740740747 0.0725462962962963
3 0.9226388888888888 0.3324537037037037 0.037951388888888715 0.06149305555555555
4 0.6182175925925926 0.29200231481481487 0.11627314814814813 0.08921296296296291
1 0.6663541666666667 0.3333449074074074 0.07703703703703688 0.06519675925925927
2 0.6638657407407408 0.3528414351851852 0.02061342592592581 0.0409259259259259
2 0.6537847222222222 0.34253472222222225 0.020532407407407405 0.029988425925925988
2 0.6650983796296297 0.39739583333333334 0.05214120370370381 0.07888888888888887
4 0.547511574074074 0.3440856481481481 0.06611111111111115 0.0665972222222222
1 0.8647627314814816 0.3401909722222222 0.05049768518518505 0.0679282407407408
1 0.8798784722222223 0.30369212962962966 0.056469907407407406 0.030520833333333285
3 0.8991203703703704 0.34304398148148146 0.03335648148148138 0.07392361111111115
3 0.9516261574074074 0.42742476851851857 0.06931712962962955 0.07758101851851862
1 0.8725578703703704 0.23717013888888888 0.02836805555555557 0.03322916666666664
1 0.8280150462962963 0.2380729166666667 0.06905092592592581 0.04164351851851853
1 0.8342187500000001 0.24441550925925926 0.02984953703703681 0.022314814814814808
4 0.8009143518518519 0.20485532407407409 0.03611111111111107 0.023969907407407388
4 0.4945717592592592 0.31829861111111113 0.08001157407407397 0.044930555555555605
3 0.9464525462962964 0.5984606481481481 0.08671296296296305 0.1059606481481481
3 0.5639120370370371 0.7670312499999999 0.06905092592592581 0.04164351851851862