1 0.8610243055555555 0.4896759259259259 0.08857638888888886 0.06446759259259274
1 0.6031423611111111 0.44071180555555556 0.0813194444444445 0.07650462962962959
0 0.7785590277777779 0.4064583333333333 0.10559027777777778 0.09664351851851852
1 0.7321701388888889 0.6747337962962963 0.2371875000000001 0.1823611111111111
2 0.04321180555555555 0.5524131944444445 0.0864236111111111 0.142326388888889
2 0.7055555555555555 0.480462962962963 0.0484375 0.0729976851851852
3 0.7846180555555555 0.4639988425925926 0.049583333333333354 0.06371527777777786
4 0.5616666666666668 0.3340740740740741 0.10753472222222235 0.07026620370370366
3 0.7623090277777778 0.5253414351851852 0.04774305555555554 0.05737268518518519
3 0.9356597222222222 0.5904456018518519 0.06760416666666665 0.08348379629629629
1 0.7921006944444444 0.5952546296296296 0.14975694444444443 0.10861111111111121
3 0.5437326388888889 0.7904629629629629 0.0889930555555555 0.07384259259259256
2 0.8595659722222223 0.41674189814814816 0.03319444444444457 0.04560185185185191
1 0.6857986111111112 0.39626157407407403 0.06322916666666671 0.055173611111111145
1 0.04574652777777778 0.3581134259259259 0.09149305555555556 0.05105324074074069
2 0.8863715277777778 0.3775983796296296 0.026597222222222428 0.037418981481481504
1 0.20592013888888888 0.35450810185185183 0.0925694444444444 0.049120370370370384
0 0.8447916666666668 0.37905092592592593 0.05902777777777786 0.06583333333333333
3 0.9164756944444445 0.5109780092592592 0.04239583333333315 0.07731481481481488
4 0.7472048611111111 0.3364525462962963 0.06812500000000003 0.060138888888888874
2 0.36442708333333335 0.3482349537037037 0.025972222222222285 0.023356481481481416
4 0.6587326388888889 0.35314236111111114 0.057361111111111106 0.02833333333333332
0 0.6584375 0.34215856481481477 0.062118055555555426 0.030173611111111144
3 0.9140798611111112 0.42388888888888887 0.02020833333333343 0.033923611111111106
1 0.9074479166666667 0.46736111111111106 0.05763888888888893 0.0345833333333335
2 0.9143923611111113 0.3816087962962963 0.013611111111111285 0.025740740740740797