1 0.2931712962962963 0.3828125 0.07443287037037036 0.0671875
1 0.4250115740740741 0.42265625 0.11526620370370359 0.08125
1 0.38086226851851845 0.34296875 0.0741087962962963 0.0453125
2 0.5747627314814815 0.45859375 0.08457175925925924 0.11875
2 0.22163773148148147 0.353125 0.03518518518518512 0.0546875
1 0.18741898148148145 0.3109375 0.050555555555555555 0.0375
1 0.18619791666666669 0.4921875 0.1560763888888889 0.09375
1 0.22670717592592596 0.58984375 0.2385532407407407 0.1765625
0 0.507650462962963 0.30546875 0.11347222222222228 0.065625
1 0.1453935185185185 0.42734375 0.12305555555555556 0.0796875
2 0.1821296296296296 0.37578125 0.031874999999999966 0.0421875
2 0.11586226851851852 0.2796875 0.022384259259259222 0.034375
2 0.23890046296296297 0.30546875 0.03026620370370372 0.0390625
3 0.08524305555555556 0.375 0.04630787037037036 0.0671875
3 0.04345486111111111 0.4546875 0.0637037037037037 0.08125
1 0.4095428240740741 0.38046875 0.08646990740740748 0.0359375
2 0.2705439814814815 0.33203125 0.05053240740740739 0.0359375
1 0.21280671296296294 0.284375 0.042581018518518476 0.0265625
3 0.056620370370370376 0.6578125 0.08252314814814814 0.0859375
1 0.9118171296296296 0.37578125 0.03950231481481481 0.0296875
3 0.0665162037037037 0.3765625 0.03222222222222222 0.065625
3 0.2531481481481482 0.634375 0.07682870370370373 0.1234375
3 0.06252893518518518 0.58203125 0.04971064814814814 0.0859375
2 0.15302083333333333 0.309375 0.01939814814814813 0.04375
1 0.15646412037037036 0.278125 0.0237384259259259 0.0203125
2 0.17452546296296295 0.284375 0.014340277777777776 0.01875
1 0.13677083333333334 0.2671875 0.025324074074074065 0.021875
1 0.11935185185185185 0.2515625 0.022083333333333323 0.0140625
4 0.22007523148148148 0.24765625 0.036354166666666646 0.028125
1 0.26406828703703705 0.2640625 0.022129629629629655 0.0171875
2 0.7288078703703704 0.3625 0.02704861111111114 0.0328125
4 0.5932002314814815 0.33203125 0.055219907407407474 0.0359375