1 0.4297453703703704 0.40129050925925924 0.10144675925925917 0.08775462962962965
1 0.5682291666666666 0.46372685185185186 0.13651620370370382 0.09891203703703706
1 0.27155671296296297 0.5876504629629629 0.22737268518518522 0.19078703703703717
1 0.21223958333333334 0.5013020833333334 0.17702546296296298 0.14148148148148146
0 0.35760995370370374 0.3205034722222222 0.10063657407407404 0.07681712962962965
3 0.09418402777777779 0.3574305555555556 0.04184027777777777 0.0815509259259259
1 0.8177662037037037 0.6385416666666667 0.28981481481481486 0.21425925925925923
1 0.3189814814814815 0.37686921296296294 0.07453703703703703 0.08168981481481481
4 0.20610532407407406 0.271400462962963 0.0668981481481481 0.06261574074074075
2 0.22146990740740743 0.32122685185185185 0.07193287037037041 0.06754629629629623
2 0.9650318287037039 0.6618518518518519 0.06993634259259238 0.14548611111111107
2 0.23726851851851852 0.32438078703703704 0.04010416666666661 0.0581134259259259
3 0.3016493055555555 0.6366840277777778 0.13344907407407405 0.1625694444444445
1 0.6570023148148147 0.4644386574074074 0.1189814814814815 0.09333333333333335
3 0.1006076388888889 0.6122511574074074 0.11996527777777781 0.12762731481481476
3 0.0738136574074074 0.43964699074074076 0.07881944444444444 0.0974768518518518
1 0.10425347222222223 0.32526620370370374 0.09461805555555554 0.0796180555555555
1 0.25853587962962965 0.30680555555555555 0.046643518518518515 0.041331018518518545
1 0.28738425925925926 0.3075231481481482 0.04508101851851851 0.04124999999999997
4 0.18764467592592593 0.2323090277777778 0.06822916666666665 0.05957175925925924
4 0.14927662037037037 0.21864583333333334 0.04901620370370372 0.05234953703703704
2 0.13370949074074073 0.26064236111111116 0.01817129629629628 0.03518518518518512
2 0.16102430555555555 0.2721759259259259 0.017939814814814836 0.03206018518518512
2 0.17844328703703705 0.2972048611111111 0.024884259259259255 0.041759259259259274
2 0.4013020833333334 0.4690798611111111 0.06822916666666679 0.10159722222222226
2 0.3631944444444445 0.4274131944444445 0.05133101851851851 0.08359953703703696
2 0.3314814814814815 0.3985300925925926 0.04496527777777777 0.08171296296296297
2 0.9726851851851851 0.48158564814814814 0.04195601851851834 0.04108796296296298
0 0.24224537037037036 0.24447916666666666 0.03512731481481479 0.03295138888888891
1 0.8271701388888889 0.5238483796296297 0.14872685185185192 0.0746412037037036