1 0.7014583333333333 0.6540625 0.25392361111111106 0.19920138888888878
1 0.7710590277777778 0.5807118055555556 0.1678472222222222 0.12392361111111114
2 0.4382986111111111 0.569375 0.1109375 0.14295138888888878
1 0.4649305555555555 0.4618576388888889 0.16479166666666673 0.12541666666666665
0 0.7955208333333333 0.3990972222222222 0.14711805555555557 0.11409722222222225
1 0.8660590277777779 0.4802604166666667 0.09354166666666686 0.06763888888888889
1 0.7514062499999999 0.46095486111111106 0.10097222222222228 0.09434027777777772
1 0.6957638888888888 0.39585069444444443 0.07430555555555554 0.05628472222222225
2 0.30541666666666667 0.4334027777777778 0.08506944444444446 0.08774305555555557
1 0.4681597222222222 0.3892013888888889 0.08395833333333336 0.06274305555555557
1 0.9198611111111111 0.41116319444444444 0.05024305555555557 0.04170138888888886
1 0.6584895833333333 0.44428819444444445 0.07697916666666664 0.0813194444444445
1 0.5431597222222222 0.42265625 0.09510416666666668 0.06767361111111114
1 0.9046354166666667 0.3849652777777778 0.037256944444444426 0.030486111111111037
1 0.06336805555555555 0.26005208333333335 0.06961805555555556 0.0561805555555555
3 0.8266840277777778 0.7691319444444444 0.09187499999999993 0.10038194444444457
3 0.9165277777777778 0.5915277777777778 0.07854166666666665 0.08135416666666657
2 0.8755034722222224 0.40824652777777776 0.028159722222222426 0.036527777777777715
1 0.6961284722222223 0.37008680555555556 0.04961805555555543 0.02763888888888886
2 0.62171875 0.4989583333333333 0.06489583333333329 0.09041666666666667
1 0.6280555555555555 0.37394097222222217 0.06479166666666672 0.05295138888888893
3 0.8321527777777777 0.5231597222222222 0.0593055555555555 0.06999999999999992
2 0.8069791666666667 0.4573784722222222 0.051145833333333356 0.062013888888888855
2 0.30451388888888886 0.5239583333333334 0.10170138888888891 0.14586805555555565
1 0.41899305555555555 0.3013194444444444 0.06572916666666657 0.03892361111111118
4 0.5484722222222222 0.3733680555555556 0.103263888888889 0.07565972222222221
3 0.5449999999999999 0.7675868055555556 0.095451388888889 0.07548611111111114
2 0.5535763888888889 0.504375 0.07496527777777776 0.10625
1 0.34227430555555555 0.39434027777777775 0.20086805555555554 0.12934027777777776
3 0.9281076388888889 0.5241493055555556 0.04284722222222222 0.05090277777777778
2 0.6415104166666666 0.40486111111111106 0.03993055555555554 0.05552083333333328
2 0.6862152777777778 0.39996527777777774 0.03291666666666657 0.03819444444444446
2 0.6082986111111112 0.3970138888888889 0.038090277777777716 0.049236111111111036
2 0.6025 0.4572395833333333 0.053611111111111144 0.08236111111111111
0 0.14807291666666667 0.5238888888888888 0.29614583333333333 0.3959722222222222
2 0.21484375 0.38156249999999997 0.05711805555555553 0.05590277777777786
1 0.12586805555555555 0.2586631944444444 0.08565972222222222 0.06590277777777782
2 0.2956423611111111 0.2845486111111111 0.03270833333333334 0.033506944444444464
2 0.47397569444444443 0.31102430555555555 0.019861111111111107 0.025416666666666643
1 0.5337500000000001 0.31828124999999996 0.04697916666666657 0.03850694444444445
1 0.5844270833333333 0.31949652777777776 0.03888888888888893 0.03208333333333328
4 0.6678819444444445 0.3207638888888889 0.058541666666666714 0.05281250000000002