1 0.7046875 0.4796875 0.1265625 0.10625
1 0.45625 0.415625 0.09375 0.06875
1 0.2515625 0.403125 0.0640625 0.0625
1 0.1234375 0.409375 0.078125 0.053125
3 0.0359375 0.5 0.0640625 0.0734375
4 0.58125 0.2953125 0.225 0.1015625
1 0.190625 0.3546875 0.046875 0.040625
1 0.2265625 0.3421875 0.0515625 0.0296875
0 0.9171875 0.63125 0.1625 0.29375
1 0.18125 0.525 0.14375 0.090625
3 0.0625 0.6890625 0.0671875 0.09375
3 0.0609375 0.4171875 0.040625 0.084375
3 0.1015625 0.3609375 0.0265625 0.028125
3 0.1515625 0.3703125 0.025 0.028125
3 0.2296875 0.6765625 0.090625 0.11875
1 0.2296875 0.60625 0.2109375 0.1453125
1 0.315625 0.3453125 0.0609375 0.034375
1 0.1578125 0.325 0.05 0.025
1 0.1703125 0.30625 0.0359375 0.015625
2 0.33125 0.365625 0.021875 0.0515625
0 0.109375 0.2796875 0.040625 0.034375
1 0.0984375 0.2953125 0.0265625 0.0234375
2 0.121875 0.30625 0.0171875 0.0296875
2 0.1890625 0.31875 0.0125 0.021875