1 0.1265625 0.4125 0.0765625 0.05625
1 0.24375 0.6078125 0.1953125 0.1515625
1 0.4578125 0.4078125 0.096875 0.0515625
1 0.18125 0.528125 0.1453125 0.1
2 0.4984375 0.4453125 0.0421875 0.0890625
1 0.2296875 0.3484375 0.04375 0.040625
1 0.5640625 0.403125 0.0859375 0.0671875
3 0.0625 0.4140625 0.059375 0.0921875
3 0.0390625 0.5046875 0.0703125 0.075
0 0.8828125 0.559375 0.234375 0.44375
1 0.328125 0.3546875 0.075 0.053125
2 0.159375 0.3703125 0.021875 0.0515625
2 0.190625 0.3609375 0.0203125 0.0484375
2 0.1671875 0.34375 0.0140625 0.03125
1 0.1453125 0.321875 0.0328125 0.0296875
2 0.1125 0.2984375 0.009375 0.0234375
2 0.1234375 0.3046875 0.009375 0.025
2 0.0875 0.2953125 0.0078125 0.01875
2 0.1046875 0.284375 0.00625 0.0171875