4 0.5484375 0.36875 0.2171875 0.15625
1 0.2859375 0.3796875 0.0578125 0.0515625
1 0.23125 0.6078125 0.2234375 0.1546875
1 0.9140625 0.4921875 0.159375 0.1453125
2 0.371875 0.3890625 0.05 0.0546875
1 0.290625 0.3390625 0.0546875 0.0234375
1 0.25 0.3296875 0.046875 0.03125
3 0.115625 0.440625 0.03125 0.046875
1 0.125 0.4015625 0.0734375 0.04375
3 0.0828125 0.7265625 0.0734375 0.103125
1 0.153125 0.315625 0.04375 0.0234375
1 0.1890625 0.4515625 0.1390625 0.0640625
1 0.2046875 0.3375 0.0125 0.0328125
2 0.1921875 0.3453125 0.0171875 0.034375
1 0.18125 0.303125 0.0375 0.025
2 0.4796875 0.4328125 0.0453125 0.075
1 0.18125 0.5265625 0.1515625 0.0890625
3 0.0546875 0.3921875 0.034375 0.0421875
2 0.1078125 0.3296875 0.021875 0.0296875
1 0.9046875 0.359375 0.075 0.0453125
1 0.825 0.3484375 0.053125 0.0328125
1 0.7375 0.353125 0.0453125 0.0140625
1 0.9578125 0.3625 0.034375 0.046875
3 0.05 0.496875 0.0484375 0.08125
3 0.08125 0.6484375 0.046875 0.0421875
3 0.25625 0.434375 0.0390625 0.028125
1 0.1453125 0.29375 0.021875 0.015625
4 0.1 0.271875 0.0546875 0.0375
4 0.1078125 0.3015625 0.0421875 0.03125
4 0.2890625 0.284375 0.0515625 0.03125
2 0.3578125 0.303125 0.0109375 0.0171875