1 0.2886458333333334 0.522974537037037 0.21624999999999997 0.12810185185185183
1 0.85515625 0.5170196759259259 0.15166666666666656 0.09638888888888886
0 0.7276562500000001 0.32632523148148146 0.10833333333333321 0.07888888888888887
1 0.7966145833333333 0.587644675925926 0.19364583333333324 0.11700231481481485
1 0.63515625 0.3678067129629629 0.07197916666666657 0.04894675925925931
1 0.8555729166666666 0.4178530092592593 0.11260416666666657 0.07267361111111104
1 0.8970833333333333 0.34944444444444445 0.07291666666666678 0.039583333333333304
2 0.12947916666666667 0.37265046296296295 0.036979166666666695 0.03931712962962965
1 0.8490104166666667 0.31941550925925927 0.04604166666666672 0.03469907407407406
2 0.7299479166666666 0.36070023148148145 0.044479166666666715 0.058113425925925985
2 0.6883854166666666 0.3697627314814815 0.03427083333333325 0.04554398148148149
1 0.3525 0.7077314814814815 0.3148958333333334 0.17880787037037038
3 0.9645833333333332 0.4131944444444445 0.06041666666666643 0.08634259259259255
1 0.3983333333333333 0.3410648148148148 0.044166666666666646 0.02999999999999998
1 0.9227604166666665 0.38321180555555556 0.04833333333333343 0.045648148148148146
2 0.91078125 0.2972280092592593 0.05281249999999993 0.04255787037037031
1 0.5915625 0.5220949074074074 0.12937499999999993 0.1368287037037037
2 0.82984375 0.34816550925925926 0.02802083333333343 0.045497685185185155
3 0.8145312499999999 0.6572743055555555 0.057187499999999857 0.1316087962962964
3 0.9725520833333334 0.6717534722222223 0.054895833333333144 0.09417824074074073
3 0.9813802083333332 0.5016377314814815 0.03723958333333357 0.06759259259259273
3 0.8821875 0.37197916666666664 0.01843749999999993 0.018877314814814826
1 0.7991666666666667 0.33310185185185187 0.04541666666666657 0.04874999999999998
1 0.91640625 0.28789930555555554 0.012291666666666501 0.020393518518518495
1 0.5411458333333333 0.3983449074074074 0.10197916666666665 0.07728009259259264