1 0.41931712962962964 0.3759548611111111 0.08762731481481474 0.0861574074074074
1 0.6305208333333333 0.47177083333333325 0.14351851851851868 0.10971064814814824
1 0.242505787037037 0.5320775462962963 0.2053009259259259 0.1538541666666667
2 0.3357407407407408 0.4107060185185185 0.0790856481481482 0.09966435185185193
1 0.21085648148148145 0.4578009259259259 0.1779050925925926 0.13821759259259264
1 0.9084230324074074 0.8443113425925926 0.1831539351851852 0.21074074074074076
1 0.5409780092592593 0.41897569444444444 0.09010416666666679 0.07540509259259257
1 0.7974652777777778 0.4513020833333334 0.087337962962963 0.05500000000000007
2 0.49663773148148155 0.43269675925925927 0.06887731481481474 0.0850462962962963
1 0.1634837962962963 0.36780092592592595 0.1285416666666667 0.1197222222222222
1 0.3159895833333334 0.3270138888888889 0.08339120370370363 0.06722222222222225
1 0.2057986111111111 0.24107638888888888 0.04450231481481479 0.04156250000000004
3 0.09935185185185184 0.31028356481481484 0.044884259259259277 0.07428240740740737
3 0.28302083333333333 0.5983159722222222 0.1325 0.13396990740740744
1 0.35739004629629634 0.31623263888888886 0.05921296296296301 0.05333333333333332
2 0.35298032407407404 0.3206423611111111 0.030347222222222213 0.03916666666666666
3 0.07590856481481481 0.40075810185185184 0.08615740740740743 0.08762731481481474
4 0.25958333333333333 0.2816319444444445 0.06307870370370372 0.06601851851851848
1 0.6804456018518519 0.40777777777777774 0.06297453703703706 0.037986111111111144
1 0.1232349537037037 0.27978009259259257 0.0928587962962963 0.06934027777777771
3 0.13041087962962963 0.295775462962963 0.02575231481481479 0.040451388888888926
1 0.25309027777777776 0.25088541666666664 0.029606481481481418 0.02666666666666666
1 0.45791666666666664 0.370457175925926 0.03577546296296301 0.05194444444444439
2 0.7971469907407408 0.45906828703703706 0.02142361111111111 0.019953703703703595