4 0.39230324074074074 0.44774305555555555 0.1721064814814815 0.14148148148148146
1 0.8054976851851852 0.5085069444444444 0.22853009259259238 0.19119212962962956
1 0.6058449074074075 0.33804398148148146 0.09971064814814809 0.08158564814814814
1 0.8310474537037036 0.41638310185185184 0.16701388888888893 0.13030092592592588
1 0.5239872685185185 0.3469849537037037 0.09357638888888893 0.08438657407407409
2 0.8005787037037037 0.20662037037037034 0.0390625 0.04413194444444448
1 0.8794270833333332 0.3277719907407407 0.11961805555555571 0.11380787037037035
1 0.8175636574074074 0.2425289351851852 0.058333333333333216 0.05916666666666668
3 0.9346064814814813 0.2748148148148148 0.05914351851851833 0.08104166666666668
1 0.6175347222222222 0.29438657407407404 0.07378472222222214 0.0552893518518518
4 0.827488425925926 0.15121527777777777 0.0659143518518519 0.053321759259259235
1 0.16550925925925924 0.7491203703703704 0.23246527777777776 0.25533564814814796
1 0.756076388888889 0.2942476851851852 0.06678240740740726 0.07675925925925924
1 0.7085069444444445 0.27792824074074074 0.05173611111111107 0.04946759259259252
3 0.9615162037037038 0.3616377314814815 0.07696759259259238 0.08866898148148143
2 0.8831018518518519 0.19451388888888888 0.04728009259259238 0.055474537037037044
3 0.7736111111111111 0.5352083333333333 0.10520833333333339 0.10370370370370381
4 0.1365451388888889 0.4109085648148148 0.12511574074074075 0.0938194444444445
4 0.725636574074074 0.21207175925925928 0.090625 0.0889120370370371
1 0.7024016203703705 0.3878298611111111 0.11053240740740726 0.1211342592592592
2 0.7310474537037037 0.2524942129629629 0.02303240740740744 0.03238425925925927
1 0.912181712962963 0.23997106481481484 0.08819444444444428 0.06539351851851852
3 0.9049189814814813 0.2552199074074074 0.020081018518518335 0.03690972222222229
1 0.8442997685185187 0.2247048611111111 0.04866898148148167 0.050868055555555534
2 0.7650462962962963 0.24055555555555555 0.016261574074074046 0.017997685185185207
2 0.7936631944444444 0.23124421296296296 0.01834490740740726 0.0321412037037037
2 0.7717881944444445 0.25351273148148146 0.016319444444444463 0.019560185185185208
2 0.7468460648148147 0.2563715277777778 0.016319444444444463 0.019560185185185118
2 0.6826388888888889 0.2980555555555555 0.03142361111111107 0.04841435185185183
2 0.699855324074074 0.3190798611111111 0.030787037037037022 0.031226851851851832
1 0.7089988425925926 0.24894097222222222 0.03530092592592595 0.026782407407407404
2 0.840480324074074 0.18498263888888888 0.014988425925925952 0.02572916666666667
2 0.42740162037037044 0.5500289351851851 0.11001157407407405 0.14917824074074063