1 0.14049189814814814 0.29811921296296295 0.053587962962962976 0.04097222222222223
1 0.7015393518518518 0.5759837962962963 0.28983796296296305 0.1760416666666666
1 0.3856886574074074 0.4566840277777778 0.16052083333333336 0.11822916666666661
1 0.8633969907407408 0.7477719907407409 0.14893518518518506 0.10532407407407404
1 0.2904050925925926 0.33935185185185185 0.0778356481481481 0.05746527777777777
1 0.1969386574074074 0.5478877314814815 0.18856481481481477 0.11770833333333339
1 0.2932928240740741 0.2986979166666667 0.05638888888888891 0.03483796296296297
1 0.15350694444444443 0.48321759259259256 0.15534722222222222 0.10868055555555553
3 0.04950810185185185 0.36854745370370373 0.053055555555555564 0.09085648148148148
1 0.4556886574074074 0.36987847222222225 0.09246527777777783 0.06892361111111107
2 0.22960069444444448 0.3540798611111111 0.05488425925925924 0.06597222222222224
1 0.6021006944444445 0.403443287037037 0.15469907407407407 0.09618055555555553
4 0.7489988425925926 0.3223668981481482 0.09238425925925924 0.06736111111111107
2 0.11463541666666668 0.2554108796296296 0.01708333333333334 0.02870370370370372
2 0.18099537037037036 0.2989583333333333 0.026944444444444438 0.038425925925925954
3 0.22892361111111112 0.5927083333333333 0.1076620370370371 0.09131944444444447
2 0.13622106481481483 0.3052951388888889 0.025787037037037042 0.04618055555555554
4 0.5291493055555556 0.29152199074074076 0.1304513888888888 0.0796875
4 0.29876736111111113 0.2532696759259259 0.05350694444444439 0.039409722222222235
4 0.2413715277777778 0.26241319444444444 0.08546296296296294 0.08425925925925934
2 0.5750173611111111 0.68515625 0.12033564814814816 0.18535879629629637
3 0.032693865740740735 0.6347800925925926 0.06538773148148147 0.09230324074074084
3 0.02728298611111111 0.4563078703703704 0.05456597222222222 0.06984953703703703
3 0.13247685185185185 0.4075810185185185 0.03745370370370371 0.0606481481481481
1 0.09707175925925926 0.3535300925925926 0.051597222222222204 0.06273148148148149
1 0.17027777777777778 0.2650462962962963 0.0357523148148148 0.027835648148148096
1 0.15494791666666666 0.2749710648148148 0.042164351851851835 0.031192129629629584
1 0.1290625 0.24785879629629629 0.023171296296296263 0.02581018518518512
1 0.15065393518518516 0.2525173611111111 0.019722222222222197 0.019444444444444466
2 0.09452546296296296 0.25225694444444446 0.012071759259259273 0.02228009259259256
2 0.33348958333333334 0.3806423611111111 0.03645833333333339 0.07152777777777777