2 0.6323958333333334 0.49656828703703704 0.10541666666666671 0.12956018518518525
1 0.15125 0.4761458333333334 0.16374999999999998 0.11481481481481488
4 0.7852083333333333 0.5035243055555556 0.21208333333333335 0.160798611111111
1 0.18411458333333333 0.569693287037037 0.22270833333333334 0.1796875
4 0.3972395833333333 0.39924189814814814 0.14760416666666662 0.13018518518518524
1 0.16770833333333335 0.40522569444444445 0.15947916666666667 0.09758101851851855
2 0.40364583333333337 0.47910300925925925 0.07854166666666665 0.10106481481481477
4 0.30359375 0.2789872685185185 0.10302083333333334 0.09362268518518527
1 0.10864583333333333 0.270625 0.053020833333333336 0.0460532407407408
1 0.22432291666666665 0.3067476851851852 0.07374999999999998 0.052604166666666695
2 0.1928125 0.3219212962962963 0.03895833333333334 0.04584490740740739
2 0.17770833333333333 0.29041666666666666 0.035520833333333314 0.04111111111111114
2 0.3056770833333333 0.3415798611111111 0.028125 0.047245370370370396
4 0.21749999999999997 0.2683275462962963 0.05760416666666668 0.04456018518518512
1 0.12937500000000002 0.22948495370370373 0.029895833333333323 0.026979166666666644
1 0.9129166666666666 0.4412905092592593 0.10124999999999992 0.06706018518518526
1 0.4809895833333333 0.4215972222222223 0.08010416666666664 0.10108796296296294
2 0.3236979166666667 0.45836805555555554 0.0729166666666666 0.11034722222222229
3 0.03328125 0.41574652777777776 0.0503125 0.09908564814814813
3 0.027942708333333333 0.6165046296296296 0.05588541666666667 0.09633101851851862
3 0.17807291666666666 0.7307002314814814 0.061874999999999944 0.03837962962962962
3 0.04916666666666667 0.3299594907407407 0.023958333333333325 0.03157407407407407
1 0.11817708333333332 0.3505324074074074 0.09468750000000004 0.08569444444444443
2 0.12729166666666666 0.3663078703703704 0.03875000000000002 0.04271990740740739
1 0.075625 0.3201851851851852 0.058229166666666665 0.05393518518518512
1 0.10718749999999999 0.22211805555555558 0.02489583333333334 0.022222222222222233
1 0.11817708333333332 0.24495949074074072 0.015104166666666696 0.01583333333333332
1 0.14213541666666668 0.24922453703703704 0.01583333333333332 0.02677083333333332
4 0.3605729166666667 0.31580439814814815 0.08760416666666666 0.09651620370370369