1 0.09610532407407407 0.3944270833333333 0.06436342592592592 0.05826388888888889
1 0.20358796296296297 0.6232175925925926 0.19207175925925926 0.15760416666666668
0 0.6344212962962963 0.31078703703703703 0.14185185185185176 0.07445601851851853
0 0.6598900462962962 0.5003587962962963 0.5974884259259259 0.35739583333333336
1 0.15619212962962964 0.5532870370370371 0.15767361111111108 0.1042476851851852
3 0.022543402777777777 0.4433912037037038 0.045086805555555554 0.06281250000000008
1 0.08641782407407408 0.4788368055555555 0.11199074074074074 0.09766203703703695
4 0.16188657407407409 0.3517708333333333 0.07898148148148146 0.06774305555555556
2 0.09722800925925926 0.34912615740740743 0.01894675925925926 0.02981481481481483
3 0.02353587962962963 0.53796875 0.04707175925925926 0.08175925925925931
3 0.3241840277777778 0.604363425925926 0.06060185185185185 0.07385416666666664
3 0.39611689814814816 0.5764988425925927 0.059791666666666646 0.11289351851851848
3 0.09816550925925925 0.41237268518518516 0.02547453703703704 0.03454861111111107
3 0.007676504629629631 0.42397569444444444 0.015353009259259262 0.02197916666666657
2 0.1484027777777778 0.39482060185185186 0.028148148148148165 0.053310185185185245
2 0.11197916666666666 0.3505787037037037 0.015821759259259237 0.02979166666666666
2 0.1239699074074074 0.3590798611111111 0.019317129629629635 0.03606481481481483
2 0.1284837962962963 0.335619212962963 0.012233796296296307 0.021956018518518583
1 0.19603009259259258 0.35542245370370373 0.016099537037037058 0.03447916666666666
1 0.09889467592592592 0.3210011574074074 0.026203703703703708 0.020497685185185154
1 0.04232060185185186 0.32688657407407407 0.024548611111111108 0.01892361111111107
1 0.03502893518518519 0.39722222222222225 0.03972222222222223 0.03777777777777782
1 0.5342824074074074 0.3138715277777778 0.037511574074074086 0.026828703703703737