1 0.69375 0.4828125 0.1421875 0.1046875
1 0.1265625 0.409375 0.075 0.053125
4 0.7296875 0.315625 0.25625 0.1140625
3 0.40625 0.6203125 0.0734375 0.1359375
0 0.1015625 0.2921875 0.0671875 0.0515625
1 0.228125 0.609375 0.21875 0.146875
2 0.2984375 0.3640625 0.034375 0.0375
2 0.51875 0.5765625 0.071875 0.134375
1 0.1828125 0.525 0.1453125 0.0875
2 0.2359375 0.35 0.028125 0.0328125
2 0.421875 0.4515625 0.053125 0.075
1 0.384375 0.390625 0.075 0.05
3 0.0375 0.5046875 0.059375 0.0640625
2 0.209375 0.3203125 0.0234375 0.03125
3 0.0671875 0.4171875 0.046875 0.08125
2 0.1484375 0.3171875 0.021875 0.028125
0 0.934375 0.5796875 0.13125 0.3671875
2 0.7765625 0.5578125 0.08125 0.0953125
2 0.1 0.3296875 0.03125 0.03125
1 0.45 0.31875 0.040625 0.0234375
2 0.5609375 0.3265625 0.025 0.0296875
2 0.95 0.375 0.040625 0.040625