1 0.6117881944444445 0.39314814814814814 0.08540509259259252 0.09179398148148152
1 0.09471643518518519 0.42387152777777776 0.16587962962962963 0.12248842592592588
1 0.7586631944444444 0.5967939814814814 0.21910879629629623 0.18141203703703718
4 0.34843171296296294 0.27222222222222225 0.19822916666666668 0.10856481481481488
1 0.8154456018518518 0.5062152777777778 0.13365740740740756 0.08805555555555564
1 0.70640625 0.36476851851851855 0.08944444444444458 0.07016203703703709
3 0.8313773148148147 0.43653356481481487 0.06012731481481452 0.08112268518518526
1 0.9268344907407406 0.3572511574074074 0.09982638888888892 0.051979166666666646
2 0.8016030092592592 0.3559201388888889 0.03888888888888893 0.048819444444444395
1 0.08006944444444444 0.4840972222222222 0.12056712962962964 0.12013888888888893
1 0.7698206018518519 0.33957175925925925 0.05915509259259259 0.04831018518518517
2 0.9392534722222223 0.4066840277777778 0.05465277777777757 0.05431712962962969
2 0.8986805555555556 0.4369560185185185 0.06982638888888885 0.09254629629629622
1 0.19905671296296296 0.30109375 0.06531250000000002 0.045509259259259235
2 0.6712210648148148 0.3392071759259259 0.02482638888888893 0.048090277777777767
2 0.8337442129629629 0.3315625 0.021423611111111285 0.038553240740740694
1 0.8207812499999999 0.31658564814814816 0.03383101851851862 0.03607638888888891
4 0.8225231481481481 0.29615162037037035 0.05253472222222229 0.03548611111111111
1 0.8688483796296296 0.3015740740740741 0.033460648148147955 0.02357638888888882
3 0.9120428240740741 0.7030787037037036 0.08347222222222221 0.07921296296296312
3 0.9217766203703703 0.661886574074074 0.058333333333333216 0.07322916666666668
3 0.7415625 0.679837962962963 0.08306712962962948 0.11819444444444435
0 0.34977430555555555 0.5287962962962963 0.5515625 0.44982638888888893
1 0.5438657407407408 0.29260416666666667 0.036678240740740796 0.02686342592592599