1 0.7297395833333333 0.6253761574074075 0.22447916666666679 0.16417824074074083
1 0.8371875 0.42337962962962966 0.07572916666666671 0.06047453703703702
1 0.7840625 0.538888888888889 0.1677083333333334 0.10752314814814809
2 0.39098958333333333 0.45541087962962956 0.05583333333333336 0.06597222222222214
0 0.62171875 0.4130497685185185 0.19833333333333342 0.16944444444444445
4 0.2328125 0.45503472222222224 0.19760416666666672 0.13512731481481488
3 0.8730208333333334 0.4497685185185185 0.05208333333333322 0.07986111111111108
3 0.92890625 0.5160590277777778 0.07854166666666665 0.07928240740740744
1 0.8179166666666667 0.360011574074074 0.05635416666666657 0.05040509259259256
4 0.7127604166666666 0.2926793981481482 0.06260416666666657 0.05063657407407405
1 0.047135416666666666 0.39991319444444445 0.09427083333333333 0.06521990740740743
4 0.8032812500000001 0.27410300925925923 0.051145833333333356 0.04241898148148149
2 0.5727083333333333 0.537326388888889 0.06218749999999993 0.13790509259259273
2 0.46734375000000006 0.4496238425925926 0.04718750000000007 0.0765625
2 0.6177604166666667 0.56640625 0.06072916666666668 0.11603009259259256
1 0.45526041666666667 0.43116319444444445 0.08166666666666664 0.05601851851851851
1 0.4334895833333333 0.41704282407407406 0.08499999999999996 0.059259259259259164
2 0.37765625 0.5026909722222223 0.06354166666666669 0.1114583333333334