1 0.28295138888888893 0.6208449074074074 0.2136111111111111 0.17784722222222218
1 0.5193923611111112 0.45957175925925925 0.17579861111111122 0.13353009259259263
1 0.865763888888889 0.5548206018518519 0.268472222222222 0.23128472222222224
1 0.21137152777777776 0.5436226851851852 0.15763888888888894 0.11063657407407401
2 0.15375 0.46322337962962956 0.06086805555555559 0.07217592592592581
2 0.15555555555555556 0.3628530092592593 0.031215277777777793 0.03613425925925924
1 0.31480902777777775 0.3682986111111111 0.0802083333333334 0.05150462962962958
2 0.2837152777777778 0.39129050925925923 0.04270833333333339 0.04928240740740737
2 0.27425347222222224 0.3370196759259259 0.07295138888888886 0.06354166666666661
4 0.37222222222222223 0.33826388888888886 0.08218750000000004 0.06097222222222225
2 0.43689236111111107 0.3657638888888889 0.04916666666666671 0.054340277777777855
2 0.3633680555555555 0.385787037037037 0.052291666666666715 0.05452546296296301
1 0.19593750000000001 0.35497685185185185 0.04677083333333334 0.03549768518518519
2 0.17293402777777778 0.38375578703703705 0.03156249999999998 0.04394675925925924
1 0.1740451388888889 0.33825810185185184 0.04343750000000002 0.030625000000000034
2 0.34553819444444445 0.42522569444444447 0.10302083333333334 0.10895833333333335
1 0.5949826388888889 0.29216435185185186 0.06374999999999993 0.03182870370370363
3 0.13614583333333333 0.7368576388888888 0.10545138888888887 0.16364583333333335
3 0.0671701388888889 0.5419849537037036 0.058368055555555555 0.08605324074074083
3 0.06364583333333333 0.4450636574074074 0.03631944444444444 0.04578703703703706
1 0.2340798611111111 0.42008101851851853 0.08104166666666668 0.07025462962962958
1 0.24022569444444444 0.4173668981481481 0.008159722222222231 0.008275462962962976
1 0.2454513888888889 0.41157407407407404 0.004756944444444499 0.0018402777777776435
1 0.43949652777777776 0.3538599537037037 0.08645833333333339 0.051874999999999984
1 0.23671875 0.3737094907407407 0.05486111111111107 0.042210648148148164
1 0.6846875000000001 0.2837152777777778 0.06104166666666657 0.041018518518518475
1 0.7924305555555555 0.27576388888888886 0.07354166666666657 0.041759259259259274
1 0.11486111111111112 0.3636979166666666 0.04413194444444448 0.046250000000000034
4 0.10088541666666666 0.3136111111111111 0.048819444444444485 0.046527777777777765
4 0.15805555555555556 0.31335648148148143 0.0645833333333333 0.05057870370370363
0 0.22852430555555556 0.33032986111111107 0.03930555555555557 0.04284722222222222
1 0.4528472222222222 0.28413773148148147 0.05038194444444457 0.04662037037037035
1 0.4938194444444445 0.2895428240740741 0.031076388888888928 0.03300925925925924
1 0.47829861111111105 0.3985590277777778 0.09725694444444458 0.049398148148148205
1 0.136875 0.43602430555555555 0.08048611111111112 0.057754629629629586
1 0.925034722222222 0.26320601851851855 0.09624999999999986 0.06180555555555554