0 0.76875 0.334375 0.15 0.0671875
1 0.4359375 0.4359375 0.0796875 0.075
2 0.4546875 0.5453125 0.075 0.1140625
1 0.1734375 0.415625 0.0765625 0.075
1 0.225 0.3625 0.0609375 0.040625
2 0.3203125 0.3765625 0.0484375 0.046875
1 0.2703125 0.3421875 0.059375 0.0359375
1 0.59375 0.4484375 0.1390625 0.1015625
3 0.0390625 0.509375 0.0578125 0.0578125
1 0.240625 0.6125 0.209375 0.1546875
4 0.9578125 0.35625 0.084375 0.078125
1 0.203125 0.31875 0.046875 0.028125
3 0.2625 0.665625 0.0625 0.125
1 0.1828125 0.53125 0.1453125 0.0984375
1 0.7171875 0.4421875 0.1109375 0.0828125
3 0.734375 0.6046875 0.06875 0.128125
3 0.0546875 0.41875 0.0375 0.06875
4 0.5109375 0.3125 0.0640625 0.040625
0 0.396875 0.2984375 0.0625 0.0328125
1 0.121875 0.3078125 0.0359375 0.025