1 0.45935185185185184 0.4028472222222222 0.10800925925925924 0.06638888888888879
1 0.4739178240740741 0.4688715277777778 0.1570717592592592 0.10961805555555557
1 0.5917361111111111 0.3838888888888889 0.09847222222222225 0.06305555555555556
1 0.16657407407407407 0.6943402777777777 0.3141435185185185 0.21923611111111113
2 0.32461226851851854 0.512482638888889 0.10114583333333335 0.11461805555555564
1 0.8511400462962964 0.2684201388888889 0.031388888888889 0.033472222222222216
1 0.6388310185185185 0.3505208333333333 0.06921296296296298 0.0405555555555555
1 0.7825983796296297 0.32321180555555556 0.0606481481481481 0.05597222222222218
3 0.726105324074074 0.6434201388888889 0.09594907407407405 0.13479166666666664
3 0.9368923611111111 0.45491319444444445 0.07724537037037038 0.0750694444444445
2 0.4275925925925925 0.5929861111111111 0.10721064814814803 0.14128472222222221
1 0.8045196759259259 0.3831423611111111 0.11186342592592595 0.08052083333333329
1 0.7480787037037037 0.29506944444444444 0.0517824074074074 0.03548611111111111
3 0.6993344907407407 0.4809201388888889 0.04887731481481481 0.06975694444444436
2 0.7125 0.3326041666666667 0.05456018518518526 0.058958333333333356
1 0.7940393518518518 0.49475694444444446 0.16668981481481476 0.11451388888888889
1 0.004728009259259258 0.4534722222222222 0.009456018518518516 0.06631944444444446
1 0.5666724537037038 0.3543923611111111 0.07241898148148138 0.0421875
2 0.15183449074074074 0.4053993055555556 0.02982638888888891 0.03343749999999997
4 0.36309027777777775 0.3436111111111111 0.11350694444444445 0.08211805555555554
4 0.603587962962963 0.29107638888888887 0.04717592592592581 0.036944444444444446
4 0.5274131944444445 0.3120659722222222 0.029259259259259273 0.022499999999999964
4 0.7102199074074074 0.25590277777777776 0.05194444444444457 0.03861111111111111
4 0.7919039351851852 0.2342534722222222 0.03443287037037024 0.03197916666666671
4 0.9118344907407409 0.38005208333333335 0.04138888888888914 0.07583333333333328
4 0.9238020833333334 0.6470312500000001 0.07565972222222221 0.1046875
1 0.7434085648148148 0.581232638888889 0.21418981481481475 0.15770833333333342