0 0.25 0.3125 0.1203125 0.0703125
1 0.1953125 0.378125 0.06875 0.046875
4 0.7125 0.38125 0.309375 0.20625
2 0.3171875 0.4609375 0.0515625 0.0875
2 0.4828125 0.4421875 0.0578125 0.0703125
2 0.3890625 0.4375 0.0515625 0.075
1 0.1859375 0.5203125 0.1546875 0.08125
3 0.0640625 0.41875 0.053125 0.078125
1 0.165625 0.3390625 0.059375 0.03125
3 0.0359375 0.4984375 0.0640625 0.0796875
2 0.2671875 0.3875 0.03125 0.06875
1 0.228125 0.6109375 0.21875 0.1609375
2 0.671875 0.4859375 0.05625 0.078125
3 0.259375 0.6640625 0.06875 0.1234375
2 0.296875 0.38125 0.059375 0.0671875
2 0.0859375 0.3140625 0.0296875 0.0390625
2 0.115625 0.325 0.03125 0.040625
3 0.06875 0.6875 0.059375 0.078125
1 0.9125 0.371875 0.075 0.0484375
1 0.0828125 0.3734375 0.03125 0.0359375
1 0.5328125 0.325 0.040625 0.0296875
2 0.4515625 0.3125 0.025 0.0234375
1 0.1296875 0.29375 0.0265625 0.021875
1 0.15 0.3140625 0.0328125 0.01875
1 0.0921875 0.284375 0.0375 0.0171875