1 0.44296875 0.47149884259259256 0.16377314814814808 0.12347222222222207
1 0.023900462962962964 0.6419502314814814 0.04780092592592593 0.15672453703703706
1 0.7868923611111112 0.5619791666666666 0.1692708333333334 0.14548611111111107
1 0.7190393518518519 0.6240798611111111 0.21417824074074066 0.17803240740740733
4 0.5515914351851852 0.3200057870370371 0.20353009259259255 0.18552083333333336
1 0.7379340277777777 0.3667708333333333 0.06603009259259256 0.05502314814814815
1 0.6769965277777777 0.3896469907407408 0.08495370370370363 0.060266203703703704
1 0.8909722222222222 0.3435069444444444 0.040625 0.04334490740740744
1 0.7941261574074074 0.3666666666666667 0.05960648148148131 0.050150462962962904
1 0.04800347222222222 0.4733564814814815 0.09600694444444444 0.147037037037037
3 0.9355902777777778 0.4451967592592593 0.044965277777777854 0.07624999999999993
3 0.6799189814814814 0.6689409722222223 0.11394675925925916 0.1688194444444445
2 0.6240451388888889 0.47081597222222216 0.07881944444444429 0.10534722222222222
3 0.9358506944444445 0.5435185185185185 0.0796875 0.08664351851851855
2 0.2750578703703703 0.6224074074074075 0.11423611111111107 0.13449074074074083
4 0.22239583333333335 0.31649305555555557 0.4215856481481482 0.29967592592592596
3 0.9367766203703705 0.5185185185185185 0.07546296296296298 0.09900462962962955
3 0.884519675925926 0.7073611111111111 0.13611111111111107 0.13513888888888878
1 0.9375578703703702 0.4131423611111111 0.09490740740740762 0.07616898148148152
2 0.714380787037037 0.4127314814814815 0.03865740740740744 0.07450231481481477
2 0.5841724537037037 0.4095659722222223 0.045486111111111074 0.09031249999999993
2 0.9163483796296296 0.3326099537037037 0.013425925925925952 0.02537037037037031
4 0.8938078703703702 0.3090856481481482 0.056944444444444284 0.06255787037037042