0 0.49255208333333333 0.4671585648148149 0.3393750000000001 0.24145833333333327
1 0.19692708333333334 0.5986284722222223 0.21020833333333339 0.1546064814814816
1 0.8426041666666666 0.5744907407407408 0.2211458333333333 0.13126157407407407
1 0.7652083333333333 0.6919444444444445 0.32249999999999995 0.19916666666666671
1 0.14453125 0.5169502314814814 0.15197916666666664 0.10107638888888885
1 0.7925520833333334 0.481105324074074 0.17854166666666665 0.07784722222222236
1 0.16963541666666665 0.4217766203703704 0.09187500000000001 0.08969907407407404
1 0.15302083333333333 0.2958101851851852 0.03989583333333333 0.03621527777777782
2 0.0990625 0.33136574074074077 0.027083333333333327 0.031435185185185156
1 0.22765624999999998 0.3135590277777778 0.049687499999999926 0.019108796296296315
2 0.29380208333333335 0.3883043981481481 0.04822916666666668 0.06751157407407407
1 0.09848958333333332 0.39858217592592593 0.07427083333333333 0.0598958333333333
1 0.09697916666666666 0.2922685185185185 0.0328125 0.02366898148148149
2 0.6585416666666667 0.5215393518518519 0.07177083333333342 0.11609953703703706
1 0.18192708333333335 0.31947337962962963 0.0479166666666667 0.03939814814814815
4 0.6094791666666668 0.3781365740740741 0.15302083333333344 0.06984953703703703
2 0.2345833333333333 0.38552083333333337 0.038124999999999964 0.056504629629629655
2 0.14708333333333332 0.33797453703703706 0.03260416666666668 0.0439699074074074
1 0.7861979166666667 0.36537615740740736 0.05875000000000004 0.03791666666666664
1 0.10598958333333335 0.30953125 0.04718749999999998 0.028460648148148148
1 0.8879166666666667 0.37550925925925926 0.103125 0.04761574074074071
1 0.33739583333333334 0.3557986111111111 0.06739583333333332 0.05047453703703706
1 0.22770833333333335 0.3479513888888889 0.06750000000000007 0.05203703703703706
3 0.8948958333333333 0.786701388888889 0.09145833333333328 0.03659722222222221
1 0.578125 0.3325694444444444 0.06843749999999993 0.019247685185185225
3 0.041302083333333336 0.6732581018518518 0.08260416666666667 0.09751157407407404
3 0.024244791666666668 0.4807581018518519 0.048489583333333336 0.09587962962962955
3 0.030208333333333337 0.4379398148148148 0.04947916666666667 0.10968750000000008
2 0.06989583333333334 0.3116087962962963 0.019999999999999997 0.042314814814814826
2 0.7336458333333333 0.5557060185185185 0.09447916666666671 0.10533564814814814
3 0.5002083333333334 0.7275 0.07052083333333332 0.12077546296296297
3 0.39953125 0.7486400462962963 0.10625 0.07106481481481489