1 0.49378472222222225 0.41574074074074074 0.0952430555555555 0.07421296296296287
1 0.1855729166666667 0.3359201388888889 0.07954861111111108 0.0717245370370371
1 0.31467013888888895 0.33032407407407405 0.08979166666666671 0.05674768518518523
2 0.32921875 0.3771585648148148 0.044618055555555536 0.05718749999999995
1 0.25234375 0.3305266203703704 0.05194444444444448 0.04671296296296292
1 0.16055555555555556 0.2814525462962963 0.04996527777777775 0.037245370370370345
1 0.2050173611111111 0.4929108796296296 0.17055555555555557 0.12075231481481481
3 0.06347222222222222 0.4463425925925926 0.07017361111111112 0.07116898148148146
2 0.3927777777777778 0.45728587962962963 0.08697916666666661 0.0986574074074074
1 0.24260416666666665 0.5847453703703703 0.24399305555555556 0.1952314814814816
1 0.18163194444444447 0.2647800925925926 0.04805555555555556 0.029340277777777767
2 0.21807291666666667 0.29576967592592596 0.027881944444444428 0.03126157407407408
3 0.2655208333333333 0.644542824074074 0.08545138888888885 0.13440972222222225
2 0.2962326388888889 0.4063715277777778 0.06270833333333332 0.07851851851851847
3 0.08362847222222222 0.3563715277777778 0.03878472222222222 0.06619212962962964
1 0.966154513888889 0.8104282407407407 0.067690972222222 0.1654745370370371
1 0.7591319444444444 0.4252314814814815 0.06260416666666657 0.04111111111111114
4 0.9753819444444446 0.47840856481481475 0.049236111111110856 0.10857638888888879
1 0.10510416666666667 0.3311516203703704 0.08559027777777777 0.0674074074074074
0 0.6280729166666668 0.3691550925925926 0.1029166666666665 0.07155092592592593
2 0.8318055555555557 0.44745949074074076 0.03270833333333343 0.034664351851851904
2 0.9325694444444445 0.4705729166666666 0.04052083333333343 0.03512731481481488
1 0.5315277777777778 0.3533043981481481 0.05458333333333343 0.035960648148148165
4 0.45836805555555554 0.32013888888888886 0.07451388888888885 0.06363425925925928