2 0.565625 0.6765625 0.196875 0.209375
3 0.26875 0.65625 0.1125 0.153125
3 0.0671875 0.671875 0.1203125 0.1140625
3 0.0359375 0.4984375 0.065625 0.0890625
1 0.2421875 0.60625 0.2140625 0.1625
3 0.3046875 0.5203125 0.0578125 0.096875
3 0.1828125 0.5375 0.1703125 0.1359375
3 0.0609375 0.4234375 0.0453125 0.084375
1 0.571875 0.4484375 0.1296875 0.0921875
1 0.85 0.6328125 0.3 0.2453125
1 0.9078125 0.4953125 0.184375 0.128125
1 0.4390625 0.39375 0.0953125 0.0828125
1 0.5828125 0.4015625 0.090625 0.059375
1 0.171875 0.434375 0.1046875 0.075
2 0.3328125 0.3921875 0.0421875 0.065625
2 0.3015625 0.3640625 0.0265625 0.046875
1 0.2390625 0.3875 0.0625 0.090625
1 0.06875 0.384375 0.0765625 0.071875
1 0.2046875 0.3546875 0.059375 0.0515625
1 0.2578125 0.3375 0.0484375 0.0484375
2 0.0921875 0.3171875 0.0234375 0.034375
1 0.121875 0.31875 0.0359375 0.04375
1 0.1578125 0.321875 0.0421875 0.0359375
1 0.203125 0.315625 0.0328125 0.0296875
1 0.2359375 0.3171875 0.04375 0.03125
1 0.2296875 0.3234375 0.053125 0.0359375
1 0.059375 0.3359375 0.0484375 0.034375
2 0.075 0.3078125 0.01875 0.0296875
2 0.09375 0.2890625 0.015625 0.021875
1 0.1203125 0.2875 0.0328125 0.0234375
1 0.80625 0.3546875 0.096875 0.0359375
4 0.44375 0.2984375 0.0734375 0.0421875
2 0.59375 0.3265625 0.0375 0.025
1 0.5046875 0.3203125 0.059375 0.028125
2 0.5125 0.321875 0.0265625 0.021875
1 0.984375 0.3546875 0.0296875 0.071875
4 0.20625 0.26875 0.0390625 0.034375
1 0.2640625 0.2890625 0.0203125 0.01875
2 0.28125 0.290625 0.015625 0.0265625
1 0.3578125 0.3 0.021875 0.015625
4 0.1390625 0.259375 0.034375 0.03125
1 0.1703125 0.271875 0.025 0.01875