2 0.11987847222222223 0.5009722222222223 0.09189814814814819 0.12134259259259253
1 0.6775752314814815 0.4150405092592592 0.05989583333333339 0.057962962962962904
2 0.409056712962963 0.44306134259259256 0.06296296296296297 0.056493055555555574
2 0.7339988425925925 0.39090277777777777 0.03616898148148149 0.04945601851851853
1 0.41684027777777777 0.5285416666666667 0.2018518518518519 0.14020833333333335
0 0.3147569444444444 0.3284259259259259 0.17800925925925926 0.08643518518518523
1 0.7328703703703704 0.6325405092592593 0.1984375 0.13230324074074068
1 0.05138888888888889 0.3377662037037037 0.10277777777777777 0.06560185185185183
1 0.7961516203703705 0.5710648148148147 0.15376157407407404 0.10600694444444443
1 0.8658275462962962 0.5058680555555556 0.11469907407407405 0.10484953703703717
1 0.021440972222222222 0.6830034722222222 0.042881944444444445 0.13788194444444457
2 0.8055555555555556 0.33827546296296296 0.07575231481481488 0.06467592592592589
2 0.17566550925925925 0.536255787037037 0.11400462962962968 0.12824074074074082
1 0.32210648148148147 0.44674189814814813 0.13107638888888892 0.08348379629629629
2 0.8424479166666667 0.39802662037037034 0.02667824074074048 0.04605324074074071
3 0.7083912037037037 0.7022048611111111 0.08703703703703702 0.15865740740740736
2 0.45778356481481486 0.4578009259259259 0.06730324074074083 0.04725694444444439
3 0.9382523148148149 0.4720370370370371 0.039872685185185476 0.06517361111111111
1 0.776244212962963 0.4328240740740741 0.09328703703703703 0.07456018518518519
1 0.9262152777777779 0.4380497685185185 0.09241898148148167 0.05112268518518519
2 0.3101273148148148 0.6645949074074075 0.10914351851851851 0.1655555555555555
0 0.5564814814814815 0.3269849537037037 0.09438657407407405 0.062106481481481526
1 0.5546585648148148 0.4184375 0.10422453703703702 0.07488425925925916
2 0.5515335648148149 0.4605787037037037 0.04166666666666678 0.07146990740740744
2 0.6462962962962964 0.4571296296296296 0.045196759259259166 0.08249999999999993
3 0.9408854166666666 0.5698784722222221 0.06701388888888893 0.08158564814814824
1 0.5006944444444444 0.3972858796296296 0.05364583333333321 0.05777777777777775
1 0.8289930555555557 0.38120370370370366 0.04021990740740762 0.03240740740740744
1 0.8822916666666668 0.3992071759259259 0.04855324074074048 0.04670138888888893