1 0.8536342592592593 0.41655092592592596 0.09424768518518505 0.07413194444444446
2 0.6967881944444445 0.4854456018518519 0.0600462962962963 0.09502314814814809
0 0.8489409722222222 0.3114583333333333 0.06916666666666664 0.06134259259259256
3 0.7942592592592592 0.728732638888889 0.10055555555555547 0.08240740740740726
1 0.7848784722222222 0.623292824074074 0.2435185185185187 0.19762731481481488
1 0.7748900462962963 0.38883101851851853 0.048784722222222146 0.05046296296296297
0 0.1413888888888889 0.6277777777777778 0.2827777777777778 0.4024305555555555
1 0.8144965277777778 0.5293402777777778 0.15542824074074063 0.1114583333333334
3 0.9414351851851851 0.6989872685185186 0.08667824074074063 0.10636574074074083
1 0.7038425925925926 0.37731481481481477 0.06589120370370374 0.04079861111111107
2 0.8649710648148148 0.36345486111111114 0.033159722222222146 0.04930555555555553
1 0.8330266203703705 0.34936342592592595 0.02844907407407433 0.04583333333333339
1 0.8066724537037038 0.31927083333333334 0.03925925925925924 0.029456018518518513
0 0.4675752314814815 0.6154224537037036 0.4730787037037036 0.40827546296296297
1 0.6970023148148148 0.3510127314814815 0.058067129629629656 0.03865740740740744
1 0.652337962962963 0.3656828703703704 0.04400462962962966 0.03761574074074074
2 0.7221701388888888 0.43573495370370374 0.05050925925925931 0.07245370370370363
2 0.8714467592592593 0.33344907407407404 0.026782407407407404 0.03165509259259256
3 0.9224421296296296 0.4138310185185185 0.04423611111111114 0.06886574074074084
1 0.7596817129629629 0.3314236111111111 0.05021990740740741 0.03339120370370372
1 0.7493402777777778 0.3556712962962963 0.048703703703703735 0.03952546296296298
3 0.965619212962963 0.49441550925925926 0.05680555555555529 0.07916666666666661
2 0.2367071759259259 0.6522569444444445 0.07618055555555561 0.16493055555555552
2 0.8045891203703703 0.3894675925925926 0.028518518518518478 0.055208333333333304
2 0.8258159722222222 0.3730613425925926 0.03620370370370374 0.03859953703703702
2 0.806423611111111 0.35286458333333337 0.02518518518518533 0.026851851851851814
1 0.8921932870370369 0.3818865740740741 0.056527777777777996 0.0416666666666667
3 0.9316840277777778 0.5380208333333334 0.05716435185185205 0.1276041666666668
3 0.6797337962962964 0.7827835648148149 0.047268518518518474 0.056597222222222146
1 0.6722164351851851 0.42578125 0.0802083333333334 0.07621527777777785
1 0.6364583333333333 0.398900462962963 0.0347337962962964 0.050983796296296194
2 0.7626793981481482 0.34884259259259254 0.018900462962962904 0.02170138888888893