1 0.5897569444444445 0.4702025462962963 0.12986111111111107 0.09093750000000007
1 0.27554976851851853 0.33515046296296297 0.06070601851851851 0.036817129629629616
2 0.5097800925925926 0.5455381944444444 0.12974537037037023 0.1299768518518519
1 0.24933449074074074 0.5971180555555555 0.23865740740740743 0.161261574074074
0 0.1884837962962963 0.2823263888888889 0.054745370370370375 0.04453703703703704
2 0.7064525462962964 0.6062326388888889 0.09629629629629619 0.1544675925925926
4 0.9059895833333332 0.34460648148148143 0.18802083333333358 0.1872916666666667
1 0.1511574074074074 0.39186921296296295 0.07708333333333331 0.057361111111111106
2 0.27948495370370374 0.3992361111111111 0.04207175925925925 0.0396643518518518
1 0.33425925925925926 0.38130787037037034 0.07679398148148149 0.049548611111111106
3 0.20020254629629627 0.4300752314814815 0.047800925925925955 0.06785879629629629
3 0.27543402777777776 0.45851851851851855 0.05486111111111107 0.08982638888888879
3 0.12505787037037036 0.34072916666666664 0.03425925925925925 0.039548611111111145
2 0.1635127314814815 0.3038194444444445 0.026099537037037025 0.03005787037037031
3 0.06652199074074075 0.38358796296296294 0.02835648148148149 0.048831018518518475
1 0.2109375 0.36152199074074076 0.06579861111111107 0.047824074074074116
3 0.13310185185185186 0.5579166666666666 0.054629629629629625 0.1257407407407408
1 0.18671875 0.2979166666666667 0.033912037037037025 0.030173611111111144
3 0.09756944444444444 0.4839930555555556 0.04253472222222223 0.0943287037037038
2 0.48009259259259257 0.5450983796296296 0.07037037037037024 0.12909722222222228
1 0.33515625 0.34228009259259257 0.06660879629629628 0.027534722222222287
2 0.22543402777777777 0.3102025462962963 0.02285879629629628 0.026886574074074066
1 0.4070023148148148 0.4268923611111111 0.1203125 0.08611111111111107
3 0.31724537037037037 0.6808912037037038 0.08715277777777777 0.11841435185185176
2 0.10390625 0.2966898148148148 0.023032407407407397 0.03157407407407407
3 0.9195601851851851 0.47821180555555554 0.07824074074074047 0.08861111111111111
3 0.08741319444444444 0.673582175925926 0.08651620370370372 0.1433912037037036