1 0.4171875 0.3765625 0.0890625 0.0515625
1 0.528125 0.4765625 0.1515625 0.0921875
2 0.7453125 0.484375 0.0671875 0.1
1 0.234375 0.609375 0.2171875 0.15
1 0.1234375 0.4046875 0.078125 0.04375
3 0.284375 0.4640625 0.059375 0.109375
4 0.2421875 0.3015625 0.0984375 0.0546875
1 0.134375 0.325 0.0453125 0.03125
1 0.1875 0.453125 0.1140625 0.065625
1 0.915625 0.35625 0.0828125 0.0421875
2 0.1640625 0.3265625 0.025 0.0296875
2 0.1890625 0.3953125 0.040625 0.0484375
1 0.6625 0.3390625 0.065625 0.021875
2 0.3875 0.4 0.0359375 0.0625
1 0.1859375 0.5265625 0.15 0.0875
1 0.0875 0.2984375 0.021875 0.0234375
1 0.828125 0.35 0.0828125 0.0375
3 0.078125 0.6859375 0.084375 0.1125
3 0.0765625 0.6953125 0.0609375 0.078125
1 0.9734375 0.3875 0.053125 0.0421875
4 0.5359375 0.309375 0.0703125 0.0625
2 0.95 0.3578125 0.0140625 0.0171875
2 0.496875 0.396875 0.0359375 0.0578125
1 0.259375 0.340625 0.0546875 0.0515625
1 0.1359375 0.296875 0.0359375 0.0234375
4 0.1140625 0.2875 0.0125 0.0265625
4 0.115625 0.253125 0.0296875 0.028125
1 0.0734375 0.284375 0.0140625 0.0109375
2 0.0890625 0.28125 0.015625 0.0125
1 0.0671875 0.3453125 0.025 0.0359375
1 0.0828125 0.378125 0.05 0.025
3 0.1171875 0.4609375 0.028125 0.078125
3 0.0484375 0.496875 0.046875 0.0828125
1 0.4625 0.3109375 0.04375 0.0265625
1 0.353125 0.303125 0.021875 0.01875
2 0.73125 0.3421875 0.0140625 0.028125