2 0.6435358796296297 0.49788773148148147 0.09224537037037042 0.11474537037037039
1 0.20864583333333334 0.38469328703703703 0.047523148148148134 0.046527777777777855
2 0.2863252314814815 0.41193287037037035 0.0459837962962963 0.04799768518518519
3 0.07125 0.4889525462962963 0.05118055555555556 0.08265046296296301
1 0.12639467592592593 0.4703645833333333 0.08686342592592591 0.06759259259259273
2 0.4245486111111111 0.41622106481481486 0.05087962962962962 0.06233796296296283
4 0.8283854166666668 0.33009259259259255 0.2708796296296299 0.159675925925926
4 0.37558449074074074 0.32511574074074073 0.11990740740740743 0.08516203703703704
2 0.2512847222222222 0.4176620370370371 0.041296296296296296 0.04771990740740737
3 0.36234374999999996 0.5905034722222222 0.08174768518518523 0.14378472222222224
3 0.05212962962962962 0.5682175925925926 0.07618055555555556 0.08413194444444443
1 0.20061342592592593 0.5801388888888889 0.1610185185185185 0.1203819444444445
0 0.13033564814814813 0.36756365740740743 0.09488425925925928 0.08211805555555554
1 0.2727025462962963 0.6515393518518519 0.2007523148148148 0.16800925925925939
0 0.5661631944444444 0.33328703703703705 0.10708333333333328 0.06254629629629634
0 0.07307291666666667 0.3485590277777778 0.04759259259259259 0.05121527777777777
1 0.47037037037037044 0.3479050925925926 0.03322916666666664 0.030069444444444392