1 0.6499594907407408 0.5299652777777778 0.20651620370370374 0.19340277777777787
1 0.1646701388888889 0.6138368055555555 0.17505787037037038 0.13652777777777772
1 0.22714120370370372 0.6817187499999999 0.21524305555555562 0.182673611111111
1 0.2104861111111111 0.4083333333333333 0.05553240740740737 0.04180555555555561
1 0.2643923611111111 0.40953125 0.06702546296296301 0.051423611111111
2 0.7718171296296296 0.46696180555555555 0.1051157407407409 0.1412152777777777
0 0.45409143518518513 0.3237847222222222 0.15243055555555554 0.09701388888888891
1 0.0887037037037037 0.5096701388888889 0.08523148148148149 0.06899305555555557
1 0.14025462962962965 0.43180555555555555 0.05471064814814817 0.05427083333333336
4 0.1462037037037037 0.38421874999999994 0.07677083333333332 0.0578819444444445
1 0.9128472222222221 0.2784375 0.057928240740740475 0.05590277777777786
4 0.4761747685185185 0.5847743055555557 0.21884259259259267 0.21708333333333343
1 0.09641203703703705 0.43239583333333337 0.04771990740740741 0.04163194444444436
2 0.06877893518518519 0.46307291666666667 0.03687499999999999 0.04295138888888879
1 0.1772974537037037 0.4271527777777778 0.042754629629629635 0.036840277777777784
3 0.1505034722222222 0.5360763888888889 0.04745370370370372 0.06347222222222229
2 0.12402199074074076 0.45491319444444445 0.04137731481481479 0.03993055555555554
3 0.09304398148148149 0.7796527777777778 0.06704861111111111 0.10447916666666686
1 0.16953703703703704 0.4128993055555556 0.040729166666666664 0.028993055555555536
1 0.31328125 0.4293923611111111 0.08550925925925927 0.07368055555555557
1 0.3908969907407408 0.43972222222222224 0.10868055555555553 0.09604166666666672
1 0.5326273148148148 0.4373958333333333 0.13552083333333337 0.10131944444444443
2 0.6409664351851851 0.6025173611111111 0.10659722222222215 0.16621527777777773
2 0.4567071759259259 0.7548784722222222 0.1381018518518518 0.11854166666666668
3 0.31549189814814815 0.7353125 0.08019675925925931 0.1156944444444445
3 0.3527372685185185 0.6876388888888888 0.08396990740740744 0.126701388888889
3 0.35474537037037035 0.6141493055555556 0.08267361111111109 0.104826388888889
3 0.13115162037037037 0.8626388888888888 0.054155092592592616 0.04489583333333336
3 0.023914930555555557 0.6082118055555557 0.047829861111111115 0.11371527777777786
3 0.05579861111111112 0.6161111111111112 0.051423611111111114 0.10413194444444436
3 0.08090856481481482 0.5752083333333333 0.043043981481481475 0.06805555555555554
3 0.029317129629629634 0.5349479166666666 0.02850694444444444 0.03340277777777771
3 0.007795138888888889 0.5187326388888889 0.015590277777777778 0.03329861111111114
1 0.03257233796296296 0.5005902777777778 0.06514467592592592 0.06076388888888893
3 0.01197916666666667 0.4578993055555555 0.018668981481481484 0.02538194444444457
2 0.05541666666666667 0.4377430555555556 0.03144675925925926 0.030347222222222213
2 0.0725636574074074 0.4256076388888889 0.02069444444444444 0.03322916666666664
2 0.0919675925925926 0.40178819444444447 0.020324074074074085 0.026979166666666644
1 0.02486689814814815 0.41203124999999996 0.031261574074074074 0.027222222222222214
2 0.04531828703703704 0.4101388888888889 0.022442129629629638 0.036388888888888894
3 0.13655092592592594 0.49430555555555555 0.020138888888888883 0.02385416666666664
2 0.3352199074074074 0.3892013888888889 0.021516203703703683 0.020763888888888894
1 0.6442650462962962 0.3092361111111111 0.049282407407407545 0.04166666666666661
1 0.7204629629629629 0.3038888888888889 0.05571759259259253 0.044930555555555605
2 0.7658738425925926 0.2900347222222222 0.03144675925925924 0.030347222222222213
2 0.5768576388888889 0.4962673611111111 0.0721064814814815 0.11083333333333342