1 0.4292766203703703 0.6092881944444445 0.1849189814814814 0.20017361111111107
1 0.23770254629629628 0.3692708333333333 0.07631944444444443 0.07766203703703703
3 0.04179398148148148 0.3734085648148148 0.039282407407407405 0.08408564814814819
1 0.10262731481481482 0.39921875 0.11538194444444443 0.07910879629629637
1 0.21781828703703704 0.3364872685185185 0.06114583333333332 0.05839120370370372
1 0.4263946759259259 0.473755787037037 0.10159722222222226 0.08327546296296298
1 0.6802199074074075 0.43940972222222224 0.1573032407407407 0.10248842592592596
1 0.20530671296296296 0.5739293981481481 0.19841435185185183 0.1648148148148149
1 0.1475752314814815 0.495775462962963 0.16181712962962963 0.12604166666666677
1 0.44825231481481487 0.40746527777777775 0.11363425925925927 0.07592592592592595
1 0.489212962962963 0.3739872685185185 0.08145833333333333 0.05914351851851851
1 0.9276562500000001 0.618113425925926 0.05417824074074105 0.09866898148148148
1 0.8869907407407407 0.39667245370370374 0.1123379629629632 0.054050925925925954
2 0.4986284722222222 0.4913483796296296 0.06383101851851851 0.10370370370370381
2 0.5432407407407407 0.4094039351851852 0.051041666666666784 0.07204861111111108
2 0.7055034722222222 0.52578125 0.0833217592592593 0.1168981481481481
2 0.7695486111111112 0.45792824074074073 0.05150462962962958 0.07986111111111108
2 0.6543402777777778 0.6656539351851851 0.10265046296296294 0.17997685185185192
2 0.3353935185185185 0.3913773148148148 0.03991898148148145 0.0685185185185185
2 0.3158738425925926 0.36559606481481477 0.034398148148148164 0.05428240740740744
3 0.019968171296296296 0.45642361111111107 0.03993634259259259 0.07702546296296298
3 0.19474537037037037 0.6600694444444445 0.06193287037037036 0.17690972222222215
4 0.38869791666666664 0.2942997685185185 0.1419675925925926 0.13310185185185192
4 0.1719039351851852 0.24308449074074073 0.06270833333333332 0.05844907407407405
1 0.7242418981481482 0.34111689814814816 0.06031250000000003 0.04432870370370372