1 0.8669965277777777 0.5226678240740741 0.22395833333333356 0.15212962962962956
1 0.5426620370370371 0.5316666666666666 0.216585648148148 0.18141203703703718
1 0.9408969907407407 0.5890914351851853 0.11820601851851861 0.15311342592592592
0 0.3058101851851852 0.27108217592592593 0.17118055555555553 0.17281250000000004
1 0.22125578703703702 0.5272222222222223 0.2388310185185185 0.20754629629629626
0 0.20054398148148148 0.23744791666666668 0.10612268518518517 0.10230324074074071
1 0.38875000000000004 0.38093171296296297 0.14837962962962958 0.10917824074074076
1 0.19640624999999998 0.433125 0.17533564814814814 0.13711805555555562
1 0.587980324074074 0.4769328703703703 0.18956018518518505 0.14878472222222214
1 0.33924768518518517 0.4171180555555556 0.12699074074074074 0.1408564814814815
2 0.6805555555555556 0.4455497685185185 0.07939814814814809 0.08998842592592596
2 0.32532407407407404 0.32167245370370373 0.057222222222222195 0.06854166666666668
2 0.6956249999999999 0.5127893518518519 0.1003819444444444 0.13635416666666664
1 0.8857754629629628 0.7875231481481482 0.12071759259259238 0.13896990740740733
1 0.979195601851852 0.44393518518518515 0.04160879629629619 0.06969907407407412
1 0.5940856481481481 0.414068287037037 0.14015046296296294 0.0806481481481482
1 0.3814236111111111 0.308599537037037 0.05386574074074071 0.05275462962962969
1 0.4888310185185185 0.38121527777777775 0.1058680555555556 0.0851157407407408
1 0.15121527777777777 0.17980324074074075 0.03164351851851852 0.028182870370370372
1 0.16477430555555556 0.30341435185185184 0.08856481481481482 0.0764120370370371
1 0.8283101851851853 0.39175925925925925 0.0725925925925928 0.052164351851851795
3 0.044328703703703703 0.35344328703703703 0.0658912037037037 0.12675925925925924
2 0.887800925925926 0.6075925925925926 0.13508101851851856 0.16001157407407404
3 0.2044328703703704 0.6054976851851851 0.08135416666666666 0.11663194444444436
3 0.05545138888888888 0.5764756944444445 0.07319444444444445 0.09278935185185197
3 0.052598379629629634 0.5422222222222223 0.06855324074074073 0.09567129629629641
3 0.07579861111111111 0.36666666666666664 0.06418981481481481 0.11730324074074075
3 0.13094907407407408 0.3950810185185185 0.06232638888888888 0.09690972222222224
3 0.18446180555555552 0.36572337962962964 0.041296296296296296 0.04741898148148147
3 0.2202141203703704 0.3513599537037037 0.0474768518518518 0.043055555555555534
3 0.12178240740740742 0.3040798611111111 0.030289351851851887 0.042164351851851835
3 0.0980324074074074 0.2842013888888889 0.02865740740740741 0.037395833333333336
2 0.44723379629629634 0.3176967592592593 0.035092592592592634 0.05021990740740741
2 0.39815393518518516 0.3296238425925926 0.028611111111111143 0.03427083333333334
2 0.3955902777777778 0.3149016203703704 0.0174884259259259 0.021203703703703704
2 0.4063773148148148 0.30417824074074074 0.01905092592592599 0.021284722222222198
1 0.3745949074074074 0.2698611111111111 0.025393518518518475 0.027858796296296263
0 0.20288194444444443 0.18416087962962963 0.06461805555555555 0.04082175925925924