1 0.2453125 0.590625 0.1796875 0.1171875
2 0.3953125 0.371875 0.03125 0.046875
1 0.18125 0.521875 0.1390625 0.0890625
0 0.7140625 0.559375 0.5703125 0.3171875
1 0.8203125 0.3453125 0.0625 0.0328125
2 0.1078125 0.31875 0.034375 0.0375
1 0.3203125 0.403125 0.0828125 0.0796875
2 0.2171875 0.375 0.0421875 0.0515625
1 0.253125 0.3546875 0.0515625 0.034375
1 0.3265625 0.359375 0.06875 0.021875
0 0.2234375 0.3078125 0.0765625 0.0546875
0 0.5828125 0.3109375 0.1453125 0.0703125
1 0.9234375 0.35625 0.0890625 0.0421875
2 0.421875 0.421875 0.0375 0.0765625
3 0.0765625 0.7140625 0.0765625 0.134375
3 0.2921875 0.7109375 0.0640625 0.1328125
3 0.2125 0.659375 0.0640625 0.165625
1 0.128125 0.40625 0.078125 0.05625
2 0.140625 0.4390625 0.040625 0.0734375
3 0.040625 0.50625 0.0796875 0.0734375
2 0.071875 0.38125 0.053125 0.0234375
3 0.08125 0.421875 0.0203125 0.0703125
4 0.39375 0.3015625 0.046875 0.0296875
0 0.146875 0.2609375 0.040625 0.0453125
0 0.478125 0.3171875 0.0171875 0.0234375
0 0.1328125 0.34375 0.0265625 0.0375