1 0.38535300925925925 0.4725983796296296 0.13781250000000006 0.13142361111111106
1 0.32317708333333334 0.37549189814814815 0.09763888888888887 0.07847222222222223
1 0.21578124999999998 0.47809606481481487 0.16498842592592594 0.08408564814814809
1 0.18501157407407406 0.3375578703703704 0.0687847222222222 0.06336805555555554
0 0.584375 0.2953703703703704 0.13777777777777783 0.07060185185185182
4 0.26750578703703703 0.26796875 0.09329861111111111 0.054918981481481485
1 0.8070486111111113 0.42332175925925924 0.1575231481481481 0.060416666666666605
1 0.1569039351851852 0.36912615740740745 0.08893518518518521 0.060995370370370415
1 0.6313599537037037 0.41652199074074076 0.12913194444444437 0.08431712962962959
1 0.9410532407407407 0.37019675925925927 0.11789351851851855 0.05821759259259256
2 0.6106365740740741 0.46973379629629636 0.06744212962962966 0.09762731481481488
1 0.24658564814814815 0.5740162037037037 0.24172453703703703 0.1804976851851851
3 0.25506944444444446 0.6621527777777778 0.09120370370370372 0.10474537037037042
4 0.1643113425925926 0.25535300925925924 0.08292824074074075 0.06545138888888893
3 0.20879629629629629 0.41886574074074073 0.046828703703703664 0.060995370370370415
2 0.24104745370370367 0.34644097222222225 0.03869212962962969 0.054456018518518515
1 0.19240162037037037 0.2989293981481481 0.06091435185185183 0.031886574074074046
3 0.1386111111111111 0.5748842592592592 0.08170138888888889 0.16209490740740745
1 0.5925752314814815 0.3780381944444445 0.10060185185185197 0.07546296296296298
3 0.17388310185185185 0.42485532407407406 0.03532407407407408 0.04965277777777786
1 0.28313657407407405 0.31278935185185186 0.0377199074074074 0.03570601851851851
1 0.34737847222222223 0.344068287037037 0.10307870370370367 0.06307870370370372
3 0.050069444444444444 0.4372685185185185 0.04012731481481482 0.1122106481481481
1 0.13763310185185187 0.29939236111111106 0.05210648148148147 0.042476851851851904
1 0.7952430555555555 0.48246527777777776 0.19416666666666665 0.10543981481481488
1 0.3147627314814815 0.30379050925925927 0.04208333333333325 0.029629629629629582
1 0.5114293981481481 0.3528645833333333 0.057037037037036956 0.04733796296296298
2 0.5636689814814815 0.4847800925925926 0.06841435185185177 0.11637731481481488
2 0.4149710648148148 0.3493923611111111 0.025868055555555537 0.04774305555555554
2 0.4328298611111111 0.3315104166666667 0.020694444444444394 0.03819444444444446
2 0.4136747685185185 0.32439236111111114 0.018402777777777858 0.024074074074074046
2 0.29497685185185185 0.31469907407407405 0.015844907407407405 0.03489583333333339
2 0.31084490740740744 0.3188078703703704 0.016597222222222284 0.01932870370370372
2 0.2596643518518519 0.358275462962963 0.029479166666666678 0.057233796296296366
2 0.18411458333333336 0.2749710648148148 0.01627314814814813 0.01307870370370363
2 0.13268518518518518 0.26435185185185184 0.01395833333333334 0.028587962962962975
2 0.15570601851851854 0.2705439814814815 0.011504629629629637 0.01134259259259256
2 0.7254224537037037 0.3285011574074074 0.024571759259259272 0.022743055555555537
2 0.6774016203703703 0.3232349537037037 0.024328703703703703 0.018055555555555537
2 0.9630787037037036 0.3831018518518518 0.039282407407407405 0.03576388888888893
2 0.9920978009259258 0.35920138888888886 0.01580439814814838 0.014872685185185208
1 0.8538599537037037 0.34487847222222223 0.07093750000000014 0.04473379629629637
2 0.8060648148148148 0.5251157407407407 0.08905092592592574 0.12337962962962959
1 0.44351851851851853 0.3866898148148148 0.10553240740740737 0.08032407407407405
2 0.5320428240740741 0.38810763888888894 0.04006944444444436 0.08101851851851852
1 0.38571180555555556 0.3285590277777778 0.04329861111111111 0.05306712962962958
1 0.0983738425925926 0.3423321759259259 0.04758101851851852 0.04542824074074074
3 0.11311342592592592 0.36996527777777777 0.026215277777777768 0.02436342592592595
3 0.07442708333333334 0.36357060185185186 0.024976851851851854 0.030555555555555537
3 0.07925925925925928 0.4416666666666667 0.048101851851851854 0.115625
3 0.11304398148148147 0.45920138888888895 0.031608796296296315 0.06822916666666679
3 0.14112847222222222 0.4573784722222222 0.02603009259259261 0.050868055555555534
3 0.09722800925925926 0.65234375 0.06434027777777777 0.06788194444444447
3 0.09447337962962962 0.59921875 0.05021990740740741 0.03616898148148149
4 0.4644907407407407 0.2778935185185185 0.0668981481481481 0.05706018518518521
0 0.10177083333333332 0.2568865740740741 0.04758101851851855 0.04542824074074074
4 0.3986631944444444 0.2764178240740741 0.043321759259259275 0.0234375
1 0.4223032407407407 0.27945601851851853 0.013229166666666714 0.014525462962962976