1 0.6994270833333334 0.7077025462962963 0.3755208333333332 0.23746527777777793
1 0.2424479166666667 0.4264409722222222 0.09552083333333332 0.07813657407407408
1 0.30255208333333333 0.4813368055555555 0.1369791666666666 0.11609953703703706
2 0.5708854166666667 0.5434664351851852 0.10718750000000003 0.11299768518518505
1 0.1721875 0.38383101851851853 0.09447916666666667 0.0858680555555555
2 0.4802083333333334 0.5003472222222222 0.07333333333333343 0.09567129629629641
1 0.3369270833333333 0.3972395833333333 0.06937499999999996 0.059652777777777735
1 0.87765625 0.6059548611111112 0.22770833333333335 0.14571759259259273
2 0.42364583333333333 0.46329861111111115 0.0609375 0.07322916666666668
2 0.6477083333333333 0.508125 0.07197916666666657 0.07535879629629641
1 0.4247916666666667 0.43344907407407407 0.109375 0.0757407407407408
2 0.9708854166666667 0.7685243055555556 0.058229166666666644 0.12519675925925924
2 0.33682291666666664 0.41919560185185184 0.03302083333333332 0.051539351851851836
3 0.2615104166666667 0.5007118055555555 0.054895833333333324 0.09938657407407411
3 0.2953645833333333 0.6087094907407408 0.0739583333333333 0.1284027777777778
1 0.8080729166666666 0.644056712962963 0.24416666666666664 0.18238425925925927
1 0.2236979166666667 0.38037615740740743 0.03354166666666671 0.035995370370370414
1 0.27510416666666665 0.38711805555555556 0.05604166666666668 0.046504629629629604