1 0.1306712962962963 0.6707986111111112 0.16927083333333334 0.1617013888888888
1 0.7268518518518519 0.5197569444444444 0.09670138888888893 0.06503472222222229
1 0.3130787037037037 0.5683333333333334 0.21759259259259256 0.1202430555555555
1 0.8925347222222222 0.506875 0.07083333333333357 0.0732291666666665
1 0.7846643518518519 0.4802777777777777 0.07019675925925917 0.043611111111111
2 0.819675925925926 0.5114236111111111 0.028819444444444287 0.05267361111111111
3 0.8092013888888889 0.6433333333333333 0.05381944444444429 0.09583333333333321
3 0.7480324074074074 0.6375 0.041898148148148094 0.10309027777777775
3 0.8000578703703705 0.5619444444444445 0.02818287037037024 0.0651041666666666
3 0.7784722222222222 0.6279513888888889 0.04068287037037042 0.10770833333333343
3 0.7737268518518519 0.5638888888888889 0.02673611111111107 0.06659722222222228