1 0.7808564814814816 0.67890625 0.41304398148148136 0.19375
1 0.23915509259259257 0.52890625 0.09148148148148146 0.0671875
1 0.5779861111111112 0.525 0.1926967592592593 0.1140625
2 0.6377835648148148 0.5453125 0.09682870370370367 0.1046875
1 0.1597800925925926 0.5078125 0.09194444444444443 0.075
2 0.744849537037037 0.51953125 0.07788194444444443 0.075
2 0.3255324074074074 0.48359375 0.02584490740740737 0.040625
2 0.4018171296296297 0.47890625 0.024467592592592523 0.04375
3 0.38179398148148147 0.72109375 0.07708333333333339 0.140625
2 0.3794849537037037 0.484375 0.04027777777777786 0.046875
1 0.3121469907407407 0.5609375 0.13589120370370367 0.1046875
1 0.28096064814814814 0.49609375 0.07805555555555559 0.0515625