1 0.7019965277777779 0.6858333333333333 0.36975694444444435 0.22249999999999998
1 0.22972222222222224 0.44385416666666666 0.0905555555555555 0.07458333333333336
1 0.15920138888888888 0.40859375 0.09104166666666665 0.08552083333333335
1 0.912361111111111 0.5707291666666666 0.1504513888888887 0.12531250000000008
2 0.37161458333333336 0.58640625 0.12315972222222227 0.1421875
2 0.5116145833333333 0.4924479166666667 0.07406249999999996 0.0890625
2 0.32156250000000003 0.4298958333333333 0.03815972222222221 0.05239583333333329
2 0.25234375 0.4063020833333334 0.02517361111111107 0.040625
3 0.6826736111111111 0.4802604166666667 0.032673611111111 0.06916666666666664
3 0.42685763888888884 0.5952604166666667 0.06315972222222221 0.12416666666666672
1 0.8031597222222222 0.5819270833333333 0.25434027777777785 0.14937500000000004
1 0.28798611111111116 0.4854166666666666 0.13121527777777775 0.11312500000000014
2 0.6942881944444445 0.5829166666666667 0.12611111111111112 0.10343750000000007
3 0.6669444444444445 0.47895833333333326 0.020972222222222215 0.05124999999999993
3 0.6563715277777777 0.47026041666666674 0.024236111111111215 0.05458333333333343