1 0.888420138888889 0.565763888888889 0.223159722222222 0.2011111111111111
1 0.23728009259259258 0.5824479166666666 0.10250000000000004 0.08881944444444442
1 0.432650462962963 0.6457465277777779 0.2588657407407407 0.20500000000000007
1 0.14934027777777778 0.5637152777777777 0.10268518518518518 0.09506944444444443
3 0.47780671296296295 0.7741493055555556 0.09846064814814817 0.1104861111111111
2 0.5452604166666667 0.522795138888889 0.06283564814814824 0.06677083333333336
2 0.3569791666666667 0.5144270833333333 0.03590277777777775 0.05309027777777775
1 0.2590740740740741 0.5280208333333334 0.056076388888888926 0.04930555555555553
1 0.21201388888888886 0.5196875000000001 0.046377314814814774 0.037951388888888896
3 0.4141377314814815 0.7845833333333333 0.09391203703703717 0.11496527777777779
1 0.3989699074074074 0.562326388888889 0.13701388888888885 0.09503472222222235