1 0.1350347222222222 0.4104340277777778 0.08336805555555556 0.08458333333333332
1 0.5109548611111111 0.5212326388888889 0.1432291666666666 0.09684027777777775
1 0.29359375 0.4499305555555555 0.09666666666666668 0.06770833333333322
2 0.5536111111111112 0.5996006944444445 0.10472222222222208 0.10847222222222222
2 0.18788194444444445 0.4178645833333333 0.026944444444444483 0.044305555555555466
2 0.21605902777777777 0.43491319444444443 0.033819444444444444 0.058506944444444466
2 0.25256944444444446 0.4756076388888889 0.05163194444444441 0.07295138888888886
2 0.34918402777777774 0.53640625 0.0793055555555556 0.09854166666666657
2 0.6737500000000001 0.5709895833333334 0.07378472222222214 0.0796875
3 0.6458159722222222 0.7948090277777777 0.061423611111111144 0.08253472222222218
2 0.3336631944444444 0.49852430555555555 0.05440972222222218 0.06520833333333335