1 0.15662615740740743 0.518443287037037 0.08263888888888889 0.08086805555555543
1 0.2959201388888889 0.5056712962962963 0.08182870370370372 0.058993055555555604
2 0.7030092592592593 0.5554282407407408 0.10196759259259255 0.09677083333333343
2 0.8864872685185186 0.5339409722222223 0.09392361111111107 0.09040509259259259
2 0.38003472222222223 0.4998900462962963 0.039293981481481485 0.048993055555555644
3 0.22398726851851852 0.5873726851851852 0.04369212962962958 0.0834143518518518
3 0.292505787037037 0.5821412037037037 0.045775462962962976 0.09749999999999996
3 0.42615740740740743 0.7332581018518518 0.06782407407407405 0.14467592592592596
3 0.47123842592592596 0.7276793981481481 0.07094907407407405 0.14472222222222228
3 0.42728587962962966 0.6583159722222222 0.0671875 0.08532407407407412
3 0.38509837962962956 0.7209375 0.08038194444444446 0.1464236111111111
3 0.35639467592592594 0.6416493055555555 0.04774305555555554 0.0662962962962963
3 0.3272569444444445 0.6349710648148148 0.055787037037037024 0.11482638888888878
3 0.32245370370370374 0.5896122685185186 0.039409722222222235 0.05211805555555564
3 0.24001736111111108 0.5774594907407408 0.03732638888888893 0.08019675925925931
3 0.25992476851851853 0.5668229166666666 0.034317129629629586 0.08327546296296298
3 0.6792824074074074 0.4840219907407407 0.030034722222222143 0.051979166666666646