1 0.31180555555555556 0.568125 0.1997222222222222 0.14011574074074068
1 0.49413194444444447 0.6438657407407408 0.2774305555555555 0.2032754629629629
1 0.8319444444444445 0.3810648148148148 0.08826388888888878 0.08999999999999994
2 0.5317187499999999 0.5179166666666667 0.08513888888888879 0.08990740740740755
1 0.6396875 0.42343171296296295 0.15010416666666657 0.11211805555555561
2 0.6362500000000001 0.4656655092592592 0.061076388888889 0.0751504629629629
1 0.7210416666666667 0.3835706018518519 0.04392361111111107 0.040312500000000015
3 0.6704687500000001 0.5559375 0.062013888888888855 0.13135416666666658
2 0.7770138888888889 0.38815393518518515 0.03659722222222221 0.051018518518518616
3 0.7432291666666666 0.5865509259259258 0.06458333333333321 0.11894675925925924
1 0.7565451388888889 0.3747164351851852 0.045486111111111074 0.04035879629629626