1 0.28909143518518515 0.7234201388888888 0.34988425925925926 0.17326388888888894
1 0.7086516203703704 0.5419618055555555 0.12065972222222214 0.0963541666666666
1 0.8529513888888889 0.46697916666666667 0.0903356481481481 0.0785069444444444
1 0.7713831018518518 0.45265625 0.053125 0.043333333333333356
2 0.4844907407407407 0.5143055555555556 0.05081018518518512 0.06513888888888886
1 0.04194155092592593 0.7481944444444444 0.08388310185185185 0.11940972222222221
1 0.5637152777777777 0.48635416666666664 0.09594907407407405 0.06145833333333321
2 0.6003761574074075 0.5309548611111111 0.060416666666666785 0.07159722222222235
1 0.1105324074074074 0.5834027777777777 0.16059027777777776 0.07850694444444457
2 0.280150462962963 0.5637152777777777 0.08078703703703702 0.07361111111111107
1 0.6208043981481481 0.5071701388888888 0.11018518518518512 0.06645833333333329
1 0.20026041666666666 0.6307465277777778 0.22193287037037032 0.132951388888889
2 0.060677083333333326 0.6206076388888888 0.08483796296296298 0.09868055555555558
1 0.7767650462962963 0.4973437499999999 0.07870370370370364 0.059513888888889