1 0.6934895833333334 0.66796875 0.37171296296296286 0.2078125
1 0.40424189814814815 0.5359375 0.1444907407407408 0.1046875
1 0.18167824074074074 0.54921875 0.08802083333333335 0.0703125
1 0.8837847222222223 0.50859375 0.18624999999999972 0.1265625
1 0.10366319444444443 0.53203125 0.09812500000000002 0.084375
1 0.2605671296296296 0.5796875 0.12121527777777778 0.1078125
2 0.8204456018518519 0.53984375 0.11906250000000007 0.1265625
2 0.6691261574074074 0.53515625 0.09597222222222221 0.103125
1 0.9359780092592592 0.63203125 0.06987268518518519 0.1421875
2 0.3405613425925926 0.4984375 0.040173611111111104 0.0515625
2 0.5218344907407408 0.528125 0.07797453703703709 0.0875
1 0.2463136574074074 0.49296875 0.05423611111111111 0.0515625
2 0.6006018518518518 0.5609375 0.11068287037037053 0.115625
1 0.46247685185185183 0.49765625 0.1066898148148148 0.06875
1 0.21396990740740743 0.5140625 0.06821759259259252 0.05