1 0.4969270833333333 0.509375 0.14884259259259275 0.08700231481481477
1 0.11358796296296296 0.4552083333333334 0.07953703703703704 0.07711805555555565
2 0.6714814814814816 0.5814872685185185 0.10068287037037038 0.09133101851851855
2 0.3810706018518519 0.5141377314814815 0.057384259259259274 0.07226851851851848
2 0.29500000000000004 0.5038425925925927 0.05104166666666661 0.07065972222222214
1 0.23587962962962963 0.4472743055555556 0.07474537037037035 0.048969907407407476
2 0.7996180555555557 0.5539872685185185 0.08000000000000007 0.08493055555555565
3 0.655005787037037 0.740914351851852 0.07531250000000007 0.08489583333333321
2 0.35245949074074073 0.46983796296296293 0.034398148148148164 0.05335648148148149
2 0.2182696759259259 0.4677083333333333 0.034398148148148164 0.05335648148148149
1 0.3181365740740741 0.45603587962962966 0.05516203703703706 0.034768518518518476