1 0.8562673611111112 0.5122569444444445 0.07871527777777772 0.08084490740740743
1 0.45562499999999995 0.49944444444444447 0.14913194444444447 0.09594907407407405
1 0.2419965277777778 0.5494791666666666 0.238599537037037 0.15195601851851848
1 0.6954224537037037 0.5021412037037037 0.08643518518518523 0.06846064814814809
1 0.05845486111111111 0.5194212962962963 0.11690972222222222 0.12365740740740741
2 0.4533969907407407 0.5893113425925927 0.10405092592592595 0.12652777777777774
2 0.2776678240740741 0.5848842592592594 0.13062500000000005 0.12848379629629642
2 0.5826215277777778 0.5444328703703704 0.07409722222222222 0.09015046296296295
2 0.8008043981481482 0.5122974537037037 0.02856481481481481 0.059791666666666646
2 0.3361979166666667 0.48715277777777777 0.05989583333333339 0.07119212962962962
2 0.7506944444444444 0.5278819444444445 0.04113425925925931 0.0693518518518518
2 0.008640046296296297 0.662337962962963 0.017280092592592593 0.08469907407407398
2 0.2808796296296296 0.46766203703703707 0.04570601851851848 0.0537962962962963
2 0.724224537037037 0.515775462962963 0.03167824074074073 0.05827546296296297
3 0.8310879629629628 0.6423032407407406 0.053750000000000145 0.08516203703703695