1 0.7033622685185185 0.6912962962962963 0.3320486111111112 0.16425925925925924
1 0.21527777777777776 0.5008275462962963 0.08217592592592596 0.0637037037037036
1 0.13906828703703705 0.4730439814814815 0.08229166666666665 0.0715162037037036
1 0.3571412037037037 0.4768460648148148 0.10428240740740743 0.07965277777777793
3 0.414699074074074 0.5642939814814815 0.03429398148148159 0.10048611111111114
2 0.8697800925925925 0.5841203703703703 0.09971064814814809 0.08739583333333342
2 0.9702893518518518 0.6646006944444445 0.05942129629629633 0.09945601851851862
2 0.6713657407407407 0.5886226851851852 0.09824074074074077 0.09362268518518527
3 0.45441550925925933 0.5551099537037038 0.03587962962962976 0.1020717592592593
2 0.5259780092592592 0.5329513888888888 0.054305555555555426 0.08047453703703696
3 0.37266203703703704 0.5750752314814814 0.04077546296296299 0.11620370370370381
2 0.2809895833333333 0.45296875 0.01925925925925931 0.034652777777777644
3 0.2506423611111111 0.6198611111111111 0.03891203703703709 0.09586805555555564
2 0.3371180555555556 0.49667824074074074 0.030497685185185208 0.05512731481481481
1 0.27913773148148147 0.5389525462962963 0.12631944444444443 0.0909143518518519
1 0.20612847222222222 0.46345486111111106 0.05673611111111114 0.033645833333333285