1 0.29078125000000005 0.7258680555555556 0.3747916666666667 0.21850694444444443
1 0.36395833333333333 0.5638599537037037 0.2545833333333333 0.16972222222222227
1 0.6421875 0.4137094907407407 0.08031249999999997 0.058518518518518546
1 0.7576562499999999 0.42432291666666666 0.090625 0.07285879629629637
1 0.8293229166666667 0.37853587962962965 0.09447916666666671 0.08388888888888894
2 0.7318749999999999 0.4952604166666667 0.07718750000000014 0.10520833333333321
2 0.10968749999999998 0.6236342592592592 0.09645833333333335 0.09018518518518519
1 0.7020833333333334 0.4860069444444444 0.14416666666666664 0.12746527777777777
2 0.6593229166666668 0.4256770833333333 0.03604166666666657 0.049409722222222285
1 0.7477083333333333 0.37471643518518516 0.04812499999999993 0.04353009259259259
1 0.4872395833333334 0.4806770833333333 0.14833333333333343 0.09640046296296294