1 0.8634895833333334 0.456550925925926 0.075138888888889 0.07873842592592588
1 0.47397569444444443 0.5301099537037037 0.1472569444444444 0.09180555555555561
1 0.28246527777777775 0.625150462962963 0.2358680555555555 0.14439814814814814
1 0.7055555555555555 0.4815393518518518 0.084236111111111 0.0665162037037037
1 0.08678819444444444 0.6380902777777777 0.13385416666666666 0.12107638888888879
2 0.49779513888888893 0.6182581018518519 0.0995486111111111 0.12318287037037053
2 0.32677083333333334 0.6514467592592592 0.1276736111111111 0.12401620370370363
2 0.6094097222222222 0.5466145833333333 0.07222222222222215 0.08802083333333321
2 0.8106597222222222 0.4682581018518519 0.027847222222222356 0.05859953703703695
2 0.3548263888888889 0.543755787037037 0.0577430555555555 0.06885416666666658
2 0.7667361111111111 0.49428240740740736 0.0389930555555555 0.0682986111111111
2 0.07065972222222222 0.7906365740740741 0.058090277777777775 0.08447916666666658
2 0.29612847222222227 0.5373321759259259 0.043333333333333356 0.05281249999999993
2 0.7377083333333333 0.4879571759259259 0.03093749999999993 0.05712962962962962
3 0.87734375 0.588125 0.051840277777777645 0.0842939814814816