1 0.8415393518518519 0.54921875 0.08853009259259252 0.0875
2 0.5422106481481481 0.5265625 0.06302083333333322 0.0703125
1 0.5756712962962963 0.5046875 0.1149537037037037 0.0828125
2 0.07668402777777779 0.496875 0.11734953703703703 0.1109375
2 0.707673611111111 0.53203125 0.03907407407407408 0.053125
3 0.22496527777777775 0.68671875 0.08719907407407401 0.0953125
2 0.7441840277777778 0.5390625 0.04059027777777775 0.0515625
2 0.8077893518518519 0.528125 0.021377314814814953 0.0359375
2 0.6780613425925927 0.503125 0.030983796296296263 0.04375
1 0.7636516203703703 0.51484375 0.06393518518518526 0.0484375
1 0.7164583333333334 0.49921875 0.040173611111111104 0.0375
2 0.403755787037037 0.4796875 0.06141203703703706 0.06875