1 0.3015625 0.4875 0.096875 0.065625
1 0.715625 0.55 0.184375 0.0890625
1 0.1359375 0.465625 0.0765625 0.06875
1 0.196875 0.44375 0.040625 0.0359375
2 0.9765625 0.5734375 0.0453125 0.096875
2 0.246875 0.4515625 0.0203125 0.034375
3 0.3765625 0.5734375 0.021875 0.1140625
2 0.1625 0.50625 0.025 0.0640625
3 0.6390625 0.49375 0.0171875 0.0546875
3 0.684375 0.49375 0.0140625 0.04375
3 0.66875 0.4921875 0.0140625 0.0515625
3 0.3578125 0.5734375 0.0203125 0.0953125
1 0.2828125 0.446875 0.0515625 0.0296875
2 0.6609375 0.7015625 0.1484375 0.13125