1 0.2773263888888889 0.6782002314814815 0.3479976851851852 0.19148148148148145
1 0.7852025462962964 0.5007233796296295 0.08222222222222228 0.06803240740740754
1 0.8628935185185185 0.47499421296296296 0.08868055555555543 0.08228009259259253
1 0.6676967592592593 0.47296875 0.08511574074074062 0.05250000000000003
2 0.5286863425925926 0.5262847222222222 0.06839120370370377 0.0832407407407409
1 0.8023148148148149 0.4525810185185185 0.045937500000000145 0.04353009259259259
2 0.7239120370370371 0.4736458333333333 0.030219907407407477 0.036817129629629616
2 0.14213541666666668 0.6845486111111111 0.08466435185185187 0.1274537037037037
1 0.03297453703703704 0.6762326388888888 0.06594907407407408 0.1350347222222222
3 0.6304224537037036 0.6169791666666666 0.06418981481481474 0.11591435185185191
1 0.717505787037037 0.5370891203703704 0.12956018518518525 0.1006712962962963
1 0.1970775462962963 0.560318287037037 0.24746527777777777 0.15258101851851863