1 0.8003414351851852 0.66953125 0.246736111111111 0.178125
1 0.2683622685185185 0.44453125 0.08349537037037039 0.0734375
1 0.1742824074074074 0.39296875 0.08883101851851852 0.0859375
2 0.34588541666666667 0.478125 0.055451388888888876 0.075
1 0.29175347222222225 0.3984375 0.05703703703703704 0.0453125
2 0.432957175925926 0.7109375 0.10936342592592592 0.1203125
2 0.24117476851851852 0.40234375 0.03211805555555554 0.046875
1 0.23116319444444447 0.375 0.05251157407407412 0.0484375
3 0.6016724537037037 0.54453125 0.04483796296296294 0.08125
1 0.12130208333333332 0.365625 0.049143518518518545 0.04375
3 0.31144675925925924 0.6125 0.08525462962962962 0.1375
3 0.2662962962962963 0.615625 0.06396990740740742 0.11875
3 0.5802546296296296 0.53828125 0.04343749999999993 0.084375