1 0.140625 0.465625 0.0671875 0.06875
2 0.3125 0.484375 0.034375 0.053125
1 0.2015625 0.446875 0.0421875 0.0359375
2 0.390625 0.475 0.0265625 0.0390625
3 0.23125 0.5140625 0.0296875 0.0421875
3 0.6640625 0.5 0.021875 0.059375
3 0.1921875 0.5203125 0.021875 0.065625
3 0.384375 0.6640625 0.053125 0.13125
3 0.346875 0.671875 0.0484375 0.1359375
3 0.321875 0.65 0.0484375 0.1203125
3 0.3515625 0.6 0.0328125 0.0671875
3 0.2796875 0.615625 0.034375 0.109375
3 0.240625 0.584375 0.0421875 0.1046875
3 0.2625 0.5625 0.028125 0.0828125
3 0.2140625 0.5171875 0.0171875 0.075
3 0.16875 0.521875 0.0171875 0.0421875
3 0.1828125 0.5359375 0.0234375 0.0578125
2 0.4546875 0.4921875 0.04375 0.0546875