1 0.7811574074074075 0.3878935185185185 0.0990393518518518 0.08708333333333336
1 0.34447337962962965 0.7253530092592593 0.3610185185185185 0.2431712962962962
1 0.7142824074074074 0.45510995370370366 0.15248842592592596 0.13398148148148153
1 0.5799363425925925 0.45916666666666667 0.1492476851851851 0.11817129629629619
2 0.06749421296296296 0.6925694444444443 0.09611111111111112 0.11346064814814802
1 0.8408969907407406 0.33515625 0.08186342592592588 0.08762731481481482
1 0.7401215277777778 0.34034722222222225 0.06287037037037031 0.05370370370370372
2 0.38582175925925927 0.5198668981481481 0.06620370370370363 0.08201388888888897
2 0.684357638888889 0.38347800925925923 0.03474537037037031 0.05203703703703706
2 0.7288541666666667 0.38552662037037033 0.031608796296296406 0.050289351851851814
1 0.5323553240740742 0.4518344907407408 0.10212962962962954 0.08258101851851851