1 0.696875 0.7046875 0.3375 0.153125
1 0.575 0.5609375 0.175 0.1046875
1 0.2796875 0.5421875 0.1015625 0.0890625
2 0.925 0.646875 0.1 0.0984375
1 0.1296875 0.4703125 0.0859375 0.075
2 0.7234375 0.584375 0.1015625 0.084375
1 0.190625 0.44375 0.0375 0.0328125
1 0.284375 0.471875 0.0859375 0.059375
2 0.3671875 0.4765625 0.028125 0.05
2 0.49375 0.50625 0.04375 0.0578125
2 0.9140625 0.6109375 0.1015625 0.08125
2 0.296875 0.490625 0.0328125 0.0390625
1 0.33125 0.4609375 0.06875 0.0421875
1 0.2046875 0.4984375 0.0765625 0.05625
1 0.95859375 0.721875 0.0828125 0.11875
1 0.65 0.5234375 0.1234375 0.0640625
2 0.6609375 0.54375 0.0578125 0.0640625
3 0.2203125 0.55 0.0265625 0.078125
3 0.7703125 0.7421875 0.0640625 0.078125