1 0.6984375 0.70625 0.3375 0.1484375
1 0.9109375 0.59375 0.175 0.1296875
1 0.2453125 0.4578125 0.0578125 0.040625
2 0.5515625 0.5609375 0.0765625 0.0953125
1 0.209375 0.4984375 0.0734375 0.0578125
1 0.1328125 0.46875 0.0796875 0.0703125
2 0.2578125 0.5671875 0.059375 0.0984375
1 0.41875 0.4765625 0.0984375 0.0546875
2 0.4640625 0.54375 0.0703125 0.096875
3 0.665625 0.4875 0.0171875 0.0546875
3 0.6515625 0.4875 0.0109375 0.04375
1 0.45625 0.51875 0.15625 0.0796875
1 0.2703125 0.5359375 0.121875 0.0828125
1 0.1828125 0.45625 0.03125 0.03125