1 0.2684664351851852 0.6650173611111111 0.36089120370370376 0.21267361111111108
1 0.6980497685185185 0.5640798611111111 0.14616898148148144 0.11885416666666657
1 0.46232060185185186 0.5411979166666667 0.20575231481481476 0.148298611111111
1 0.10141782407407407 0.5336458333333333 0.20283564814814814 0.15458333333333343
1 0.8625173611111112 0.5057465277777778 0.0865162037037038 0.08003472222222215
1 0.7206250000000001 0.4690625 0.06130787037037031 0.05135416666666668
2 0.6120891203703703 0.46366319444444437 0.0347337962962964 0.04920138888888879
2 0.7469618055555556 0.49894097222222217 0.031631944444444574 0.05225694444444429
2 0.8040856481481482 0.485173611111111 0.026840277777777644 0.038090277777777716
1 0.8072800925925925 0.4757291666666667 0.04094907407407433 0.044652777777777784
1 0.5322743055555555 0.4826215277777777 0.1082638888888889 0.06333333333333328
1 0.7811168981481481 0.5278645833333334 0.08483796296296298 0.06437500000000007