1 0.1220775462962963 0.5176851851851852 0.0763310185185185 0.08030092592592589
1 0.9070601851851852 0.54125 0.14895833333333358 0.1448842592592591
1 0.2053819444444444 0.5019502314814815 0.07702546296296298 0.056909722222222216
2 0.2896701388888889 0.5017939814814815 0.04097222222222223 0.05271990740740744
2 0.2429398148148148 0.5203472222222223 0.04450231481481488 0.06374999999999993
3 0.18098958333333331 0.5494965277777778 0.038541666666666655 0.07137731481481495
3 0.4228587962962963 0.5509143518518519 0.04571759259259256 0.09656249999999993
3 0.1576099537037037 0.5486284722222223 0.03061342592592591 0.06802083333333328
3 0.4496527777777778 0.5649479166666667 0.05515046296296298 0.09840277777777776
3 0.446412037037037 0.5470949074074074 0.05480324074074083 0.08902777777777775
1 0.25911458333333337 0.4839699074074074 0.07534722222222223 0.053738425925925884