1 0.724537037037037 0.7305555555555556 0.3447337962962962 0.1656828703703704
1 0.22471064814814815 0.506076388888889 0.08026620370370371 0.06070601851851851
1 0.5574074074074075 0.5574074074074075 0.19120370370370382 0.10694444444444447
1 0.1502314814814815 0.4752314814814815 0.08217592592592596 0.07013888888888893
1 0.26186342592592593 0.4559606481481481 0.0606481481481481 0.03657407407407405
1 0.2919560185185185 0.5522569444444445 0.12054398148148149 0.09496527777777786
2 0.7439814814814815 0.6236111111111111 0.09670138888888893 0.08315972222222215
2 0.3280671296296297 0.47401620370370373 0.026504629629629583 0.04155092592592595
2 0.42743055555555554 0.502662037037037 0.04398148148148149 0.05
1 0.9908130787037038 0.6831597222222222 0.018373842592592383 0.09369212962962958
1 0.9703559027777778 0.7542245370370371 0.05928819444444429 0.12806712962962977