1 0.2866666666666666 0.7098090277777778 0.35807870370370376 0.20142361111111118
1 0.5404687499999999 0.4600173611111111 0.1342245370370371 0.09326388888888885
1 0.7679224537037037 0.4327604166666667 0.08777777777777782 0.06937500000000014
1 0.2222048611111111 0.5700347222222222 0.20755787037037035 0.12458333333333335
2 0.2850925925925926 0.58984375 0.10987268518518523 0.10465277777777775
1 0.6624537037037037 0.4374479166666667 0.09098379629629641 0.07107638888888879
1 0.8408796296296297 0.3936631944444445 0.08530092592592595 0.08173611111111115
2 0.12438657407407408 0.6827256944444444 0.11068287037037035 0.12027777777777775
1 0.04109953703703704 0.7501041666666668 0.08219907407407408 0.13100694444444444
2 0.49093171296296295 0.5284722222222222 0.08471064814814824 0.10041666666666664
2 0.5966493055555555 0.4738888888888889 0.05396990740740737 0.07878472222222221
1 0.790625 0.3857638888888889 0.03155092592592581 0.037256944444444426
1 0.7181712962962963 0.3850868055555555 0.03780092592592599 0.037534722222222164
3 0.6410532407407408 0.6246875000000001 0.06297453703703706 0.13218750000000004
1 0.7061168981481482 0.48227430555555556 0.1351967592592592 0.11201388888888886
1 0.7530844907407408 0.38821180555555557 0.047256944444444574 0.03951388888888889