1 0.6953125 0.70625 0.3359375 0.1484375
1 0.2734375 0.5375 0.1125 0.0875
1 0.128125 0.4671875 0.084375 0.071875
1 0.209375 0.45 0.05 0.0390625
2 0.496875 0.503125 0.0453125 0.0625
1 0.953125 0.7234375 0.09375 0.1125
1 0.4171875 0.478125 0.090625 0.0546875
2 0.38125 0.5234375 0.0546875 0.0671875
1 0.871875 0.5609375 0.1546875 0.0671875
2 0.7015625 0.546875 0.075 0.06875
1 0.3609375 0.5 0.1046875 0.059375
1 0.7828125 0.6109375 0.2109375 0.1171875
2 0.921875 0.596875 0.0765625 0.09375
1 0.2046875 0.4953125 0.0734375 0.0546875