1 0.33096064814814813 0.7381249999999999 0.37413194444444436 0.23781250000000007
1 0.7252025462962962 0.46317708333333335 0.16545138888888894 0.1254513888888889
2 0.22387152777777777 0.6156076388888889 0.090625 0.0863194444444444
1 0.8337094907407406 0.35772569444444446 0.0953125 0.08642361111111115
1 0.7243055555555555 0.3820138888888889 0.07592592592592595 0.0688194444444445
2 0.509548611111111 0.46875 0.05538194444444429 0.06211805555555561
3 0.5438657407407408 0.5327777777777778 0.05173611111111107 0.09013888888888885
2 0.569039351851852 0.4432291666666666 0.04560185185185191 0.05097222222222229
3 0.5774016203703705 0.512517361111111 0.05989583333333322 0.09968749999999993
1 0.7695023148148148 0.4052083333333333 0.10480324074074066 0.08975694444444446
2 0.7835358796296296 0.44782986111111106 0.05763888888888893 0.08090277777777785
2 0.8143518518518519 0.41670138888888886 0.05555555555555571 0.0668055555555556
2 0.6646122685185185 0.39192708333333337 0.03790509259259256 0.053923611111111124
2 0.7152199074074075 0.3954861111111111 0.029745370370370238 0.04437500000000005
1 0.7811921296296296 0.3635763888888889 0.0421875 0.04309027777777778