1 0.6283854166666666 0.7477141203703704 0.3570833333333333 0.1893518518518519
1 0.17630208333333336 0.4803530092592593 0.08718750000000001 0.06869212962962959
1 0.6148958333333333 0.6211226851851851 0.19250000000000006 0.12870370370370382
2 0.40380208333333334 0.545167824074074 0.07125000000000004 0.08680555555555554
1 0.10604166666666667 0.441724537037037 0.08770833333333332 0.07650462962962959
2 0.34854166666666664 0.5164930555555556 0.0515625 0.07204861111111108
1 0.3159375 0.465162037037037 0.08166666666666664 0.05601851851851851
1 0.23536458333333332 0.534230324074074 0.12666666666666665 0.0997685185185185
1 0.24708333333333332 0.4406828703703704 0.05625 0.048842592592592736
1 0.1911979166666667 0.433130787037037 0.04989583333333334 0.04704861111111107
2 0.28984375 0.4806423611111111 0.040000000000000036 0.06226851851851869
2 0.23562500000000003 0.459837962962963 0.024791666666666677 0.04456018518518512
2 0.7752083333333333 0.7186921296296296 0.12010416666666686 0.1416087962962962
1 0.6140104166666667 0.5639178240740741 0.1833333333333332 0.08472222222222214
2 0.5414583333333333 0.7711226851851851 0.19229166666666658 0.10219907407407405
2 0.45119791666666664 0.5038483796296296 0.05343750000000007 0.05341435185185191
3 0.21135416666666665 0.5654513888888889 0.0640625 0.09589120370370381
3 0.18348958333333334 0.666232638888889 0.05697916666666662 0.1065393518518519
3 0.20140624999999995 0.6324363425925925 0.03687500000000003 0.062152777777777855
1 0.15822916666666667 0.43425925925925923 0.03166666666666669 0.030787037037037022