1 0.7031539351851852 0.6100636574074073 0.13589120370370367 0.11237268518518526
2 0.06140046296296296 0.575775462962963 0.12280092592592592 0.12440972222222228
2 0.19447337962962963 0.5681597222222222 0.11483796296296296 0.09866898148148148
1 0.8371354166666667 0.5717476851851852 0.0986574074074074 0.08836805555555553
2 0.33566550925925925 0.540462962962963 0.07365740740740741 0.08688657407407412
3 0.4144733796296297 0.5600289351851853 0.04369212962962976 0.08043981481481488
3 0.4933796296296296 0.5647048611111112 0.03238425925925927 0.07354166666666657
3 0.515162037037037 0.5675636574074074 0.04250000000000007 0.08659722222222221
3 0.43983796296296307 0.568587962962963 0.04250000000000007 0.08659722222222221
3 0.47384259259259254 0.576875 0.03781250000000007 0.0863194444444444
3 0.38953703703703707 0.5177835648148148 0.02833333333333332 0.05773148148148159
3 0.36936342592592597 0.5142361111111111 0.030081018518518476 0.060949074074074086
1 0.022337962962962966 0.6727199074074074 0.04467592592592593 0.11106481481481474