1 0.31979166666666664 0.6759490740740741 0.3666666666666667 0.2083564814814814
1 0.8269270833333333 0.556244212962963 0.0890625 0.07156249999999993
1 0.9038541666666667 0.5394328703703704 0.09791666666666643 0.08730324074074076
1 0.7086979166666667 0.5154687499999999 0.09124999999999997 0.05754629629629626
2 0.5707291666666666 0.5532291666666667 0.07750000000000004 0.08543981481481477
1 0.8433854166666667 0.5104398148148148 0.051458333333333425 0.046030092592592456
2 0.76453125 0.5217592592592593 0.03375000000000004 0.037962962962962976
2 0.18416666666666665 0.6669155092592592 0.09916666666666667 0.1294675925925926
1 0.07651041666666666 0.6442476851851853 0.07635416666666668 0.13849537037037046
3 0.6734895833333333 0.6546527777777778 0.07802083333333343 0.11666666666666678
1 0.759375 0.5849016203703703 0.13968750000000013 0.10509259259259256
1 0.23796875 0.5490798611111111 0.26385416666666667 0.16468749999999996