1 0.27858796296296295 0.6934027777777778 0.34467592592592594 0.16412037037037042
1 0.554050925925926 0.502199074074074 0.1296875 0.0890625
1 0.7752893518518518 0.4690393518518519 0.07714120370370363 0.060590277777777854
1 0.07964409722222222 0.576099537037037 0.15928819444444445 0.10607638888888893
1 0.8514467592592592 0.43501157407407404 0.08541666666666643 0.07337962962962977
1 0.7002314814814815 0.5155092592592593 0.1049768518518519 0.09594907407407405
2 0.14184027777777777 0.593923611111111 0.09942129629629629 0.11446759259259273
2 0.2914351851851852 0.5571759259259259 0.0784143518518519 0.09496527777777786
1 0.02857349537037037 0.7141203703703705 0.05714699074074074 0.13269675925925917
2 0.6136574074074075 0.4516203703703704 0.03142361111111107 0.047974537037037024
2 0.436400462962963 0.5190393518518518 0.06383101851851851 0.08038194444444446
1 0.7066550925925925 0.4263310185185185 0.046932870370370236 0.04542824074074083
2 0.3612268518518519 0.5686342592592593 0.09282407407407414 0.10486111111111107
1 0.4925925925925926 0.4763888888888889 0.09728009259259274 0.056655092592592736
1 0.740451388888889 0.4406828703703704 0.06087962962962976 0.04282407407407405