1 0.13436921296296295 0.4687152777777778 0.06986111111111111 0.0780555555555555
2 0.4914583333333333 0.5543402777777778 0.07958333333333342 0.10190972222222214
2 0.9383564814814814 0.5329166666666667 0.09499999999999993 0.0885416666666666
2 0.6742592592592593 0.6523958333333333 0.1350347222222222 0.15590277777777786
1 0.7628530092592593 0.5219791666666667 0.1826620370370371 0.10336805555555557
2 0.42243055555555553 0.5761458333333334 0.07016203703703709 0.0983680555555555
3 0.32252314814814814 0.5743402777777777 0.02666666666666666 0.11361111111111111
3 0.3038888888888889 0.5673611111111111 0.027858796296296263 0.08868055555555543
2 0.41933449074074075 0.5216319444444444 0.06976851851851844 0.0718055555555555
1 0.6977662037037037 0.5412673611111111 0.20600694444444442 0.09815972222222218
2 0.7553298611111112 0.6081944444444444 0.10642361111111107 0.12184027777777792
3 0.560931712962963 0.4497569444444444 0.02133101851851844 0.06965277777777779
3 0.6317361111111112 0.4661284722222222 0.02109953703703695 0.054027777777777786
3 0.6566087962962962 0.4736111111111111 0.025787037037036952 0.05423611111111111
3 0.6784606481481481 0.47420138888888885 0.02109953703703695 0.054027777777777786
3 0.6035069444444444 0.4744097222222222 0.021168981481481452 0.05871527777777778
3 0.5835416666666667 0.45187499999999997 0.016458333333333287 0.056944444444444464