1 0.5101388888888889 0.5040509259259259 0.11746527777777782 0.06731481481481474
1 0.6752141203703703 0.5260127314814815 0.18107638888888894 0.11978009259259252
1 0.8925983796296297 0.48785879629629625 0.08834490740740719 0.07781249999999992
1 0.8121817129629629 0.4726157407407408 0.06008101851851855 0.044606481481481455
2 0.3742534722222222 0.5933738425925925 0.10410879629629628 0.11083333333333342
1 0.12822916666666667 0.7115104166666667 0.18953703703703706 0.13239583333333335
2 0.6538599537037036 0.5959548611111112 0.0744212962962962 0.11039351851851861
2 0.2627025462962963 0.5347337962962962 0.0709143518518518 0.07287037037037045
2 0.14828703703703705 0.616568287037037 0.13635416666666664 0.10038194444444457
2 0.41646990740740736 0.5042245370370371 0.059247685185185264 0.058645833333333286
2 0.7811111111111112 0.611111111111111 0.10534722222222222 0.10460648148148159
2 0.5833506944444444 0.5308969907407407 0.036539351851851976 0.07236111111111114
1 0.04912037037037038 0.6010474537037037 0.04055555555555555 0.08959490740740747