1 0.36713541666666666 0.7458333333333333 0.3625810185185185 0.209375
1 0.7635069444444444 0.5668229166666666 0.13570601851851852 0.11020833333333328
1 0.45833333333333337 0.5908333333333333 0.22018518518518526 0.14385416666666656
1 0.7679224537037037 0.47062499999999996 0.06684027777777786 0.051145833333333356
1 0.888605324074074 0.4848958333333334 0.0920370370370371 0.08239583333333336
2 0.5876678240740741 0.5278645833333333 0.053888888888888785 0.06895833333333332
2 0.2132465277777778 0.6702083333333333 0.11594907407407407 0.11822916666666661
1 0.11563657407407406 0.76953125 0.10787037037037037 0.13947916666666665
1 0.8198263888888888 0.51921875 0.09001157407407412 0.07447916666666679
2 0.22833912037037035 0.6097395833333333 0.10555555555555554 0.10041666666666664
1 0.42655671296296294 0.5404687499999999 0.1558101851851852 0.05552083333333328