1 0.14943287037037037 0.5594791666666666 0.08346064814814813 0.08934027777777782
1 0.3570023148148148 0.5312847222222222 0.08177083333333339 0.07211805555555557
1 0.7119444444444444 0.5735416666666666 0.28893518518518524 0.2001388888888888
2 0.325943287037037 0.5563715277777778 0.05682870370370372 0.07937499999999993
2 0.26883680555555556 0.5449479166666666 0.036354166666666646 0.057048611111111217
2 0.538136574074074 0.5196875000000001 0.08033564814814813 0.08927083333333333
2 0.6124074074074074 0.5283680555555555 0.0787268518518518 0.08298611111111107
2 0.4505324074074074 0.5036805555555556 0.04729166666666664 0.05729166666666661
2 0.9685300925925926 0.6464756944444444 0.06293981481481481 0.1046180555555555
2 0.7989525462962963 0.61453125 0.1747106481481481 0.17572916666666671
2 0.2422048611111111 0.534982638888889 0.031608796296296225 0.049131944444444284
3 0.3302083333333333 0.7103472222222222 0.07599537037037037 0.13604166666666656
1 0.7481307870370371 0.5024826388888889 0.19170138888888885 0.14954861111111112
2 0.6409722222222223 0.48291666666666677 0.06614583333333339 0.07177083333333342
2 0.560619212962963 0.4967534722222222 0.04888888888888889 0.062013888888888855
3 0.30050347222222223 0.7073437499999999 0.04916666666666662 0.09951388888888886