1 0.6539236111111111 0.7166087962962961 0.3641319444444445 0.23373842592592595
1 0.27946180555555555 0.48666087962962956 0.11641203703703704 0.11053240740740726
1 0.5263946759259259 0.4853298611111111 0.14282407407407405 0.09120370370370381
1 0.14743634259259258 0.3868344907407407 0.09593750000000001 0.08790509259259256
1 0.9230381944444446 0.6503761574074074 0.12113425925925939 0.1153935185185185
2 0.4058912037037037 0.4640046296296296 0.055219907407407474 0.07390046296296297
2 0.6074768518518519 0.565162037037037 0.12118055555555554 0.12164351851851851
2 0.7172685185185186 0.617361111111111 0.11796296296296305 0.10902777777777786
2 0.35326388888888893 0.42766203703703703 0.03944444444444439 0.053009259259259166
2 0.46644097222222225 0.5149016203703703 0.07875000000000014 0.08726851851851851
1 0.21143518518518517 0.3758680555555555 0.04093749999999998 0.04369212962962958
1 0.2797511574074074 0.42022569444444446 0.07075231481481481 0.061979166666666606
3 0.22629050925925925 0.48237847222222224 0.038090277777777806 0.08107638888888893
1 0.9091145833333332 0.775144675925926 0.10726851851851862 0.1414351851851851
1 0.21652199074074074 0.4296006944444445 0.08805555555555555 0.07824074074074065
3 0.1900462962962963 0.44230324074074073 0.04112268518518518 0.06869212962962959
1 0.3281076388888889 0.40749421296296295 0.05971064814814815 0.047511574074074046
2 0.3103472222222222 0.43628472222222225 0.04725694444444439 0.053298611111111074
2 0.4763541666666667 0.48171296296296295 0.06605324074074073 0.060243055555555536
2 0.6000810185185186 0.5162037037037036 0.09275462962962955 0.07997685185185191
1 0.23326388888888888 0.3688078703703703 0.04085648148148149 0.032754629629629585