1 0.858732638888889 0.4691319444444445 0.07618055555555543 0.08302083333333332
2 0.5179050925925927 0.5984201388888889 0.08748842592592591 0.10850694444444446
2 0.07494212962962962 0.6318229166666667 0.10136574074074076 0.09663194444444442
2 0.3494907407407407 0.7189756944444444 0.1461342592592593 0.16732638888888882
1 0.24622685185185186 0.5996180555555556 0.19070601851851848 0.11934027777777771
2 0.5883680555555555 0.6117013888888889 0.07804398148148159 0.10340277777777782
3 0.6865393518518518 0.5981076388888888 0.03606481481481474 0.11559027777777775
3 0.7043576388888889 0.58875 0.03569444444444443 0.09059027777777776
2 0.5852141203703705 0.5569097222222222 0.07452546296296311 0.076701388888889
1 0.3135416666666667 0.6111979166666667 0.2125115740740741 0.115625
2 0.2638831018518519 0.6847222222222222 0.11591435185185191 0.1300694444444444
3 0.43607060185185187 0.50265625 0.027604166666666784 0.0714930555555556
3 0.36929976851851853 0.5277951388888888 0.02424768518518521 0.05572916666666661
3 0.3452546296296296 0.5384375 0.02893518518518521 0.05593749999999993
3 0.3234375 0.5413715277777778 0.02424768518518521 0.05572916666666679
3 0.39747106481481487 0.5321701388888889 0.02587962962962962 0.06048611111111111
3 0.41505787037037034 0.5071875 0.021168981481481452 0.05871527777777778