1 0.2641956018518518 0.6661516203703703 0.36888888888888893 0.2514467592592592
1 0.44981481481481483 0.5287789351851852 0.16962962962962963 0.12874999999999998
1 0.8682002314814815 0.6097974537037036 0.09599537037037038 0.0978356481481482
2 0.20394675925925926 0.5446643518518519 0.12586805555555552 0.12459490740740745
1 0.786255787037037 0.6166550925925927 0.08807870370370381 0.08331018518518522
2 0.6265509259259259 0.5626793981481482 0.04893518518518523 0.07005787037037034
2 0.7233680555555555 0.6660300925925926 0.08204861111111121 0.11262731481481474
1 0.6890104166666667 0.5609143518518518 0.09270833333333321 0.07577546296296304
1 0.02793402777777778 0.5029976851851852 0.04927083333333333 0.11537037037037035
1 0.930613425925926 0.6017824074074074 0.03775462962962948 0.03659722222222221
2 0.6759201388888888 0.5859085648148148 0.05053240740740748 0.07483796296296301
1 0.716869212962963 0.6320659722222223 0.1493287037037037 0.12910879629629618
1 0.724837962962963 0.5482002314814814 0.06599537037037032 0.053888888888888965
1 0.8219270833333333 0.5828472222222223 0.040891203703703735 0.03834490740740755