1 0.7464409722222223 0.44841435185185186 0.08256944444444443 0.06057870370370359
1 0.5851041666666668 0.5334953703703704 0.16982638888888885 0.12122685185185186
2 0.3322222222222222 0.5406828703703704 0.0641319444444445 0.07436342592592596
2 0.11147569444444445 0.6584664351851852 0.12104166666666667 0.10488425925925923
2 0.6250173611111112 0.46692129629629625 0.040173611111111104 0.050578703703703806
2 0.8376041666666666 0.4388310185185185 0.026006944444444714 0.04568287037037031
1 0.9289930555555557 0.43940393518518517 0.08121527777777757 0.0699305555555556
2 0.8793923611111112 0.4566319444444444 0.037256944444444426 0.05990740740740748
2 0.4946006944444445 0.5024768518518519 0.03576388888888893 0.0630092592592593
2 0.7787673611111111 0.6027488425925925 0.07152777777777768 0.1260185185185186
1 0.9863107638888888 0.42779513888888887 0.02737847222222243 0.05671296296296298
1 0.8384201388888888 0.4052604166666667 0.041284722222222216 0.030289351851851797
3 0.30163194444444447 0.4996180555555556 0.019756944444444445 0.045590277777777646
3 0.36151041666666667 0.4880092592592593 0.02309027777777777 0.05501157407407398