1 0.5368229166666667 0.5021585648148148 0.12555555555555564 0.08461805555555557
1 0.38024305555555554 0.5451215277777777 0.1969444444444445 0.1450115740740742
1 0.15649305555555557 0.5347800925925925 0.09920138888888888 0.0889120370370371
1 0.23190972222222223 0.5101331018518518 0.06635416666666671 0.05251157407407412
2 0.69296875 0.5723958333333334 0.11954861111111104 0.12512731481481473
1 0.9297569444444445 0.657337962962963 0.140486111111111 0.1587037037037037
2 0.41828125 0.6104861111111111 0.08958333333333339 0.11843749999999993
2 0.7881770833333333 0.5011979166666667 0.08017361111111114 0.08238425925925927
2 0.9214930555555554 0.5671932870370371 0.15052083333333358 0.11934027777777771
2 0.6292013888888889 0.4902546296296297 0.06697916666666667 0.06657407407407412
2 0.2970833333333333 0.6414814814814814 0.1192708333333334 0.11887731481481474
2 0.47204861111111107 0.5378935185185185 0.04715277777777764 0.0772106481481483
1 0.9934027777777779 0.5379976851851852 0.013194444444444287 0.0942592592592593