1 0.6984375 0.7046875 0.3453125 0.153125
1 0.26875 0.5421875 0.1265625 0.0875
1 0.409375 0.4828125 0.09375 0.053125
1 0.5625 0.5671875 0.1890625 0.121875
1 0.8515625 0.584375 0.1859375 0.125
1 0.1328125 0.465625 0.0765625 0.065625
2 0.8390625 0.6375 0.1046875 0.09375
2 0.4890625 0.484375 0.0359375 0.0484375
3 0.34375 0.6671875 0.0390625 0.128125
1 0.19375 0.4328125 0.0328125 0.0234375
2 0.98125 0.7234375 0.0359375 0.1125
3 0.190625 0.5390625 0.021875 0.078125
1 0.20625 0.496875 0.078125 0.05625
1 0.2875 0.4796875 0.0734375 0.0515625
1 0.1796875 0.4546875 0.025 0.0265625
1 0.684375 0.5421875 0.1734375 0.0828125