1 0.35625 0.4921875 0.1015625 0.0625
1 0.1390625 0.4671875 0.0703125 0.0703125
2 0.5125 0.509375 0.05 0.0640625
3 0.2796875 0.55625 0.034375 0.096875
3 0.3625 0.7296875 0.04375 0.1015625
3 0.2375 0.534375 0.0265625 0.0859375
2 0.2453125 0.4484375 0.01875 0.0375
3 0.2015625 0.5484375 0.028125 0.08125
2 0.9890625 0.6453125 0.0203125 0.0921875
3 0.41875 0.7234375 0.059375 0.115625
3 0.3890625 0.6625 0.053125 0.0765625
3 0.3296875 0.7140625 0.053125 0.1328125
3 0.2203125 0.5375 0.021875 0.078125
3 0.30625 0.6015625 0.0296875 0.0859375
3 0.3203125 0.5828125 0.025 0.0890625
3 0.6609375 0.4921875 0.025 0.0640625