1 0.63046875 0.7672743055555555 0.3704050925925927 0.23024305555555563
1 0.2001099537037037 0.45401041666666664 0.09123842592592597 0.07739583333333329
1 0.4373958333333333 0.49819444444444444 0.11793981481481489 0.08326388888888889
1 0.26544560185185184 0.5194965277777778 0.1488773148148148 0.12677083333333333
2 0.3436689814814815 0.49324652777777783 0.05700231481481488 0.08055555555555571
2 0.3159664351851852 0.45133680555555555 0.03590277777777775 0.05309027777777775
1 0.13587384259259258 0.40421874999999996 0.0929398148148148 0.08215277777777778
2 0.6297743055555556 0.5794965277777778 0.07271990740740737 0.084375
2 0.8034722222222221 0.6576215277777778 0.08370370370370353 0.08642361111111115
1 0.21025462962962962 0.4020486111111111 0.04334490740740744 0.04093750000000007
2 0.5581597222222222 0.5411111111111111 0.06922453703703706 0.071736111111111
1 0.24917245370370367 0.43506944444444445 0.0863194444444444 0.06937499999999996