2 0.6137037037037036 0.7095949074074074 0.1003819444444444 0.1319791666666667
2 0.47221064814814817 0.5465625 0.07629629629629626 0.08805555555555564
2 0.6142476851851851 0.5353530092592592 0.04336805555555543 0.08000000000000007
2 0.5730439814814815 0.4965914351851852 0.044629629629629616 0.059699074074073974
2 0.5775115740740742 0.5871932870370371 0.0657060185185184 0.11141203703703706
2 0.6453182870370371 0.4702719907407407 0.0319907407407408 0.05023148148148149
3 0.7854398148148147 0.4879861111111111 0.018136574074074117 0.06418981481481474
1 0.3207002314814815 0.7094212962962964 0.3462037037037037 0.16817129629629618
1 0.19673032407407406 0.5689178240740741 0.19243055555555552 0.1232870370370371
1 0.7235879629629629 0.5321990740740741 0.1327314814814816 0.10097222222222228
1 0.7093923611111111 0.47057870370370375 0.09621527777777779 0.06164351851851855
1 0.6092534722222223 0.46194444444444444 0.09456018518518512 0.05538194444444446
1 0.7978587962962964 0.48242476851851845 0.08530092592592595 0.06312500000000014
1 0.8629629629629629 0.44678240740740743 0.06825231481481495 0.07237268518518522
1 0.8252777777777778 0.43456018518518513 0.03646990740740748 0.03620370370370374