1 0.2092534722222222 0.6517824074074074 0.4185069444444444 0.2389814814814814
1 0.7559085648148148 0.5698784722222222 0.09130787037037039 0.07408564814814814
1 0.10557002314814815 0.4923668981481482 0.2111400462962963 0.14840277777777794
1 0.7074768518518518 0.5241898148148149 0.07824074074074065 0.06305555555555564
1 0.8362847222222222 0.5571875000000001 0.09648148148148153 0.08349537037037039
2 0.6231018518518519 0.5235648148148148 0.04863425925925924 0.06439814814814823
1 0.49953125 0.5101446759259259 0.12681712962962965 0.09621527777777779
2 0.6260300925925926 0.6931828703703704 0.13221064814814804 0.13998842592592595
2 0.3598263888888889 0.4762847222222222 0.06442129629629631 0.06763888888888872
2 0.7745833333333334 0.5262499999999999 0.022094907407407403 0.034525462962962904
3 0.7917881944444444 0.6014062499999999 0.03737268518518526 0.058067129629629476
3 0.5093171296296296 0.6680902777777777 0.07539351851851847 0.1286342592592593
2 0.7969155092592592 0.5326678240740741 0.022175925925925988 0.036087962962962905
1 0.8969675925925926 0.5474768518518518 0.037962962962962976 0.03932870370370374
2 0.43195023148148143 0.5323090277777778 0.08759259259259267 0.09280092592592588
2 0.6456250000000001 0.5112268518518518 0.03540509259259252 0.05024305555555557
1 0.6821180555555555 0.5912152777777778 0.15146990740740734 0.11982638888888886