1 0.7597511574074074 0.48182291666666666 0.09944444444444436 0.08604166666666657
1 0.32307291666666665 0.7694270833333333 0.3791782407407407 0.2557291666666666
1 0.6922858796296296 0.5431770833333334 0.1580439814814815 0.13510416666666672
1 0.4338425925925925 0.6137499999999999 0.2511805555555554 0.18958333333333321
1 0.8241030092592592 0.43515625 0.08726851851851833 0.09145833333333328
1 0.0634693287037037 0.7093229166666667 0.1269386574074074 0.13395833333333335
1 0.638119212962963 0.4690104166666667 0.07651620370370367 0.06427083333333332
1 0.7255844907407407 0.43015625 0.0636111111111111 0.055625000000000036
2 0.6676446759259258 0.47411458333333334 0.036967592592592524 0.052291666666666715
2 0.7066840277777778 0.4469270833333333 0.02710648148148138 0.042291666666666575
1 0.5087326388888889 0.5301562499999999 0.14721064814814824 0.10635416666666657
2 0.6481134259259259 0.4728125 0.03376157407407412 0.050520833333333216
2 0.6887557870370371 0.44494791666666667 0.025219907407407406 0.0359375