1 0.25332175925925926 0.4406423611111111 0.08865740740740743 0.08006944444444439
1 0.15497106481481482 0.3915972222222222 0.09504629629629627 0.08958333333333339
1 0.22129629629629627 0.38760416666666664 0.04745370370370372 0.04010416666666661
3 0.36475115740740743 0.6344618055555555 0.07542824074074073 0.1360069444444445
2 0.8818344907407407 0.8497916666666667 0.14693287037037023 0.11260416666666657
3 0.5325173611111111 0.5718055555555555 0.04980324074074076 0.09326388888888885
3 0.480474537037037 0.5909548611111111 0.05472222222222225 0.1089930555555556
1 0.2894733796296296 0.4031770833333333 0.055312499999999966 0.04340277777777786
3 0.4489467592592593 0.5715104166666667 0.0483564814814816 0.10104166666666678
3 0.6226909722222222 0.5433506944444444 0.03534722222222229 0.06638888888888879
3 0.654849537037037 0.55265625 0.03366898148148145 0.058541666666666714
3 0.6069386574074074 0.5344097222222223 0.025763888888888788 0.05211805555555564
3 0.6321701388888888 0.5505902777777778 0.02891203703703695 0.053749999999999964