1 0.35151041666666666 0.6982291666666667 0.35458333333333336 0.19656249999999992
1 0.35295138888888894 0.5719791666666667 0.22118055555555555 0.13937500000000008
1 0.8836805555555556 0.3838020833333333 0.084375 0.07572916666666671
1 0.8110937500000001 0.42546875 0.0841666666666665 0.07104166666666671
1 0.6025347222222222 0.4401562500000001 0.09802083333333336 0.06729166666666657
2 0.7730208333333334 0.5032291666666667 0.07006944444444443 0.10437499999999993
2 0.6643923611111111 0.43916666666666665 0.04340277777777786 0.06520833333333335
3 0.5309548611111111 0.5397395833333334 0.037534722222222074 0.10843749999999996
2 0.7226909722222222 0.4109895833333333 0.030486111111111214 0.05500000000000007
1 0.7213541666666667 0.3985416666666667 0.055347222222222214 0.05354166666666664
1 0.3580902777777778 0.5113020833333334 0.17940972222222218 0.07583333333333328
1 0.7543402777777778 0.47078124999999993 0.1339930555555556 0.10552083333333329
1 0.7711805555555555 0.39130208333333333 0.06288194444444457 0.047812500000000036
3 0.4951215277777778 0.5444791666666667 0.06722222222222225 0.11041666666666679
3 0.8419270833333332 0.4492708333333333 0.040833333333333145 0.07749999999999986
1 0.8325868055555556 0.38015625000000003 0.031006944444444427 0.03166666666666664