1 0.696875 0.7046875 0.3390625 0.1515625
1 0.2640625 0.465625 0.065625 0.0484375
1 0.2078125 0.4984375 0.0765625 0.05625
1 0.528125 0.5453125 0.1875 0.103125
1 0.80625 0.565625 0.2109375 0.1140625
1 0.13125 0.4671875 0.0796875 0.0671875
2 0.25625 0.5703125 0.0578125 0.09375
1 0.21875 0.4421875 0.0328125 0.028125
2 0.35625 0.4609375 0.0265625 0.040625
1 0.271875 0.5359375 0.1203125 0.0859375
1 0.1828125 0.4546875 0.034375 0.0296875
2 0.2015625 0.4484375 0.015625 0.0296875
3 0.6296875 0.5125 0.0296875 0.0640625
3 0.6078125 0.5015625 0.0171875 0.0296875