1 0.34967592592592595 0.7443576388888888 0.36194444444444435 0.21065972222222218
1 0.7318229166666667 0.5574594907407407 0.14703703703703716 0.1183912037037036
1 0.8735532407407408 0.4704224537037037 0.08990740740740719 0.08578703703703709
1 0.5263020833333333 0.5187210648148148 0.12258101851851855 0.08280092592592592
1 0.09274305555555555 0.6553703703703704 0.13008101851851853 0.12531250000000008
2 0.6606481481481481 0.4983854166666667 0.043900462962962905 0.060000000000000143
2 0.4582638888888889 0.6181597222222222 0.10650462962962966 0.11940972222222221
2 0.6175289351851851 0.5437326388888889 0.05856481481481488 0.08104166666666668
2 0.28424189814814815 0.5631134259259258 0.08337962962962964 0.07608796296296312
1 0.7494502314814815 0.46788773148148144 0.06393518518518526 0.05167824074074083
2 0.7180208333333333 0.4865393518518519 0.031168981481481596 0.051539351851851836
2 0.6888831018518518 0.47722800925925934 0.024594907407407263 0.04027777777777786
1 0.8138773148148148 0.4571875 0.04017361111111093 0.03952546296296298
1 0.6995428240740741 0.4684201388888889 0.0560300925925926 0.04814814814814809
2 0.7647106481481482 0.48271990740740744 0.026342592592592595 0.04660879629629626
1 0.7988831018518519 0.5039930555555555 0.08172453703703705 0.07288194444444436