1 0.20847800925925924 0.5355381944444444 0.0695023148148148 0.0639930555555555
1 0.11880787037037037 0.5288541666666667 0.08275462962962962 0.0845833333333335
1 0.7114872685185185 0.5709548611111112 0.22129629629629619 0.15791666666666657
2 0.9420717592592591 0.6785069444444444 0.07129629629629619 0.1124305555555555
2 0.28530092592592593 0.5302083333333334 0.04456018518518512 0.06499999999999986
2 0.41597222222222224 0.6754166666666667 0.07986111111111108 0.13291666666666657
1 0.21247106481481484 0.49105902777777777 0.04988425925925925 0.040138888888888856
1 0.9594039351851851 0.5483159722222222 0.045775462962962976 0.09781250000000004
2 0.16727430555555556 0.5080381944444444 0.021643518518518513 0.036388888888888894
2 0.25842013888888893 0.49598958333333326 0.026388888888888927 0.03805555555555564
3 0.5902488425925926 0.5088368055555555 0.032175925925925955 0.06784722222222221
1 0.06137152777777778 0.5174131944444444 0.0453125 0.04315972222222229
3 0.29615162037037035 0.7016840277777778 0.07627314814814819 0.1625
3 0.26640625 0.7025868055555555 0.06423611111111108 0.13256944444444443
3 0.5703703703703704 0.5177777777777777 0.03732638888888893 0.08045138888888878
1 0.15703125 0.4890451388888889 0.053472222222222233 0.05270833333333336