1 0.36006944444444444 0.6233796296296296 0.22958333333333325 0.16302083333333323
1 0.2073611111111111 0.49806134259259255 0.06232638888888893 0.049131944444444464
1 0.11606481481481482 0.517361111111111 0.09142361111111112 0.08298611111111107
2 0.31117476851851855 0.5050347222222221 0.03424768518518517 0.04965277777777786
3 0.5776909722222222 0.5375868055555555 0.03489583333333339 0.07152777777777786
1 0.16644097222222223 0.4801215277777778 0.03212962962962962 0.03084490740740744
3 0.61625 0.5296296296296296 0.03342592592592588 0.07459490740740726
3 0.48908564814814814 0.5452546296296297 0.04445601851851855 0.078125
3 0.5166377314814815 0.539236111111111 0.033518518518518545 0.07771990740740727
3 0.5899652777777777 0.5192708333333333 0.02652777777777775 0.05248842592592595
3 0.5605497685185185 0.5353877314814814 0.02850694444444457 0.06660879629629637
3 0.5405381944444445 0.5244791666666667 0.02703703703703706 0.06967592592592595
3 0.5268460648148148 0.5114583333333333 0.021516203703703597 0.04137731481481488