1 0.6953125 0.7046875 0.3359375 0.1515625
1 0.20625 0.4984375 0.0796875 0.05625
2 0.56875 0.55 0.075 0.0953125
1 0.371875 0.471875 0.0859375 0.0578125
2 0.678125 0.59375 0.096875 0.0828125
1 0.13125 0.465625 0.0796875 0.065625
1 0.2828125 0.4671875 0.0765625 0.0546875
1 0.584375 0.515625 0.165625 0.078125
1 0.2015625 0.4453125 0.0390625 0.0296875
2 0.3921875 0.51875 0.0453125 0.0765625
2 0.3203125 0.49375 0.03125 0.05625
2 0.8359375 0.640625 0.0953125 0.1125
2 0.9875 0.671875 0.0234375 0.1078125
2 0.9828125 0.5734375 0.03125 0.06875
3 0.3390625 0.6734375 0.0515625 0.128125
1 0.2703125 0.540625 0.1203125 0.0953125
1 0.18125 0.45625 0.0265625 0.0265625