1 0.10724537037037037 0.46179398148148143 0.090474537037037 0.07910879629629619
3 0.35618634259259263 0.5795196759259259 0.043333333333333356 0.09954861111111128
2 0.17148148148148148 0.5928298611111111 0.058958333333333356 0.10001157407407409
3 0.2877199074074074 0.5594907407407408 0.03634259259259256 0.08686342592592596
3 0.31886574074074076 0.5885879629629629 0.04249999999999998 0.08548611111111111
3 0.3224710648148148 0.5409548611111111 0.024652777777777767 0.047523148148148134
3 0.2997511574074074 0.5809780092592594 0.02568287037037038 0.09122685185185198
3 0.5978472222222223 0.5295486111111112 0.028611111111111143 0.06167824074074062
3 0.6260185185185184 0.5296006944444445 0.026678240740740832 0.05538194444444446
3 0.5546006944444445 0.532962962962963 0.03357638888888879 0.06650462962962962
1 0.7582581018518519 0.6884780092592593 0.4155555555555555 0.27435185185185207
1 0.6613368055555556 0.5807349537037038 0.13798611111111114 0.06491898148148145