1 0.3705034722222222 0.5699131944444444 0.17274305555555552 0.1274768518518517
1 0.8350173611111111 0.6231481481481481 0.2827430555555555 0.21342592592592596
2 0.6748784722222222 0.5372974537037036 0.10097222222222228 0.09362268518518527
1 0.16081597222222221 0.47464699074074074 0.04569444444444448 0.04439814814814813
1 0.11078125000000001 0.5113020833333334 0.09437499999999996 0.0857175925925926
2 0.3455729166666667 0.49845486111111115 0.04788194444444445 0.0584837962962963
2 0.23088541666666665 0.4790740740740741 0.02517361111111107 0.039409722222222145
2 0.5635243055555555 0.47804976851851855 0.051284722222222176 0.06478009259259246
1 0.4527083333333334 0.49452546296296296 0.12215277777777764 0.07832175925925924
2 0.19373263888888886 0.4718171296296296 0.02163194444444443 0.02998842592592581
2 0.3122743055555556 0.47474537037037035 0.026805555555555572 0.04099537037037031
2 0.5301041666666666 0.6151736111111111 0.12934027777777785 0.13464120370370375
1 0.8738541666666666 0.5046817129629629 0.21062499999999992 0.1014930555555555
2 0.4255902777777778 0.5074189814814816 0.0561805555555555 0.06953703703703695