1 0.2690798611111111 0.6861747685185184 0.35395833333333326 0.1807175925925925
1 0.7797569444444445 0.5183564814814815 0.0874305555555555 0.06782407407407405
1 0.6088194444444445 0.4774421296296296 0.10159722222222226 0.0726157407407408
1 0.6968055555555555 0.5603703703703704 0.14295138888888878 0.10572916666666661
1 0.8498958333333334 0.49049768518518516 0.07038194444444415 0.07394675925925931
2 0.3600347222222222 0.5300578703703703 0.08343749999999997 0.09903935185185198
1 0.40383680555555557 0.5273900462962964 0.14777777777777779 0.11201388888888886
2 0.5689409722222222 0.5847511574074075 0.06336805555555554 0.10982638888888889
1 0.7279340277777778 0.46015625 0.05718750000000004 0.042604166666666644
2 0.01875 0.5443518518518518 0.0375 0.1050462962962964
2 0.6424652777777778 0.51 0.03934027777777764 0.08309027777777764