1 0.709375 0.49458333333333326 0.08343749999999997 0.061562500000000145
1 0.5374479166666667 0.5663020833333333 0.1716666666666665 0.125
2 0.2834375 0.5509375000000001 0.065625 0.07437499999999986
2 0.054843750000000004 0.6490625 0.10968750000000001 0.10770833333333343
2 0.585625 0.5028125 0.04072916666666657 0.05093750000000004
2 0.8013020833333332 0.49286458333333333 0.026458333333333427 0.046875
1 0.8925000000000001 0.5020833333333334 0.08250000000000028 0.07083333333333322
2 0.840625 0.5151041666666667 0.036666666666666715 0.05999999999999996
2 0.45062499999999994 0.5267708333333333 0.03687499999999986 0.06312499999999996
2 0.7224479166666666 0.6516145833333333 0.07229166666666664 0.12770833333333337
1 0.9533333333333334 0.4959375 0.033333333333333215 0.05666666666666664
1 0.8066145833333334 0.46026041666666667 0.04104166666666664 0.03229166666666661
3 0.25807291666666665 0.5076562499999999 0.02020833333333334 0.04645833333333336
3 0.3197395833333333 0.50078125 0.023958333333333394 0.05604166666666668