1 0.27446180555555555 0.4770833333333333 0.07335648148148141 0.05266203703703702
1 0.11984375 0.4690104166666667 0.08650462962962964 0.075
1 0.367181712962963 0.568113425925926 0.15778935185185183 0.11041666666666679
1 0.4883101851851852 0.5186342592592592 0.11609953703703706 0.07297453703703702
2 0.19663773148148148 0.4640335648148149 0.027905092592592596 0.04629629629629619
3 0.37843171296296296 0.7163483796296296 0.06395833333333334 0.15688657407407405
3 0.26875578703703706 0.7224537037037038 0.05209490740740739 0.1252314814814815
3 0.4289756944444445 0.6470486111111111 0.047407407407407474 0.12505787037037025
1 0.18113425925925924 0.432957175925926 0.03199074074074071 0.02615740740740744
3 0.32258101851851856 0.6743923611111111 0.03922453703703699 0.11226851851851868
3 0.6402662037037037 0.5109664351851851 0.01701388888888893 0.04745370370370381
1 0.22182291666666668 0.45870949074074074 0.03548611111111111 0.0387731481481481
3 0.616875 0.5085358796296295 0.013935185185185262 0.04890046296296298
3 0.6044212962962963 0.5065104166666667 0.012048611111111107 0.03790509259259256
3 0.6308449074074074 0.512181712962963 0.013749999999999929 0.04265046296296297