1 0.568142361111111 0.6684895833333333 0.27749999999999986 0.19886574074074073
1 0.7789236111111111 0.6911516203703704 0.22107638888888897 0.15939814814814818
1 0.4939409722222222 0.5092939814814814 0.1368402777777778 0.09160879629629619
1 0.12232638888888889 0.4127604166666667 0.09756944444444446 0.08663194444444447
2 0.3756076388888889 0.4990393518518519 0.06107638888888891 0.07386574074074073
1 0.2382638888888889 0.4417534722222222 0.12284722222222229 0.09306712962962962
2 0.44788194444444446 0.5433391203703704 0.09656249999999993 0.09912037037037039
1 0.9139756944444445 0.6944965277777777 0.07434027777777778 0.09114583333333322
2 0.7811805555555555 0.7810416666666666 0.19864583333333333 0.146736111111111
2 0.7114930555555555 0.5554513888888889 0.09989583333333325 0.10383101851851854
2 0.2248784722222222 0.47916666666666663 0.0469444444444445 0.07219907407407397
2 0.3623090277777778 0.44657986111111114 0.030000000000000072 0.04239583333333332
2 0.2056597222222222 0.542326388888889 0.06701388888888893 0.10202546296296297
2 0.29229166666666667 0.4570023148148148 0.03197916666666671 0.0517824074074074