1 0.6841666666666667 0.7338541666666666 0.3638194444444444 0.20266203703703703
1 0.22578125 0.45862847222222225 0.07795138888888893 0.06306712962962954
1 0.27930555555555553 0.5121412037037038 0.1319791666666667 0.10408564814814802
1 0.14906250000000001 0.41587962962962965 0.09246527777777777 0.08348379629629629
2 0.680486111111111 0.5682291666666666 0.08156250000000007 0.08496527777777771
1 0.29928819444444443 0.42714699074074075 0.05885416666666661 0.04730324074074073
2 0.3572222222222222 0.46819444444444447 0.04510416666666668 0.061261574074074156
2 0.8208333333333332 0.6622222222222222 0.11329861111111086 0.10707175925925938
2 0.5987152777777778 0.5793402777777779 0.11010416666666671 0.10392361111111122
1 0.9391145833333333 0.7826099537037037 0.10322916666666657 0.1460532407407408
2 0.2644444444444444 0.4409490740740741 0.027534722222222197 0.04394675925925924
1 0.24361111111111108 0.41736111111111107 0.07451388888888885 0.04898148148148138
2 0.5688194444444445 0.5345949074074074 0.0766319444444445 0.07399305555555565
3 0.21144097222222222 0.5163252314814815 0.03930555555555557 0.08152777777777764