1 0.5927083333333333 0.54953125 0.1267939814814815 0.09793981481481477
1 0.6964988425925925 0.6222337962962963 0.14305555555555555 0.11605324074074072
1 0.18428819444444444 0.6794560185185186 0.3685763888888889 0.20760416666666667
1 0.41915509259259254 0.521238425925926 0.12957175925925918 0.08874999999999993
2 0.08912037037037036 0.5322164351851851 0.11163194444444444 0.109513888888889
2 0.45954861111111106 0.572175925925926 0.09623842592592595 0.11483796296296304
2 0.2982638888888889 0.5297337962962964 0.0958333333333333 0.10390046296296304
1 0.8491030092592592 0.5819502314814815 0.09681712962962977 0.08836805555555553
2 0.7387152777777778 0.5605324074074074 0.03298611111111107 0.0487268518518519
1 0.7519097222222222 0.5425231481481482 0.057754629629629586 0.04395833333333332
1 0.7671006944444445 0.5974479166666666 0.09490740740740726 0.07890046296296305