1 0.8736603009259258 0.6780439814814814 0.2526793981481482 0.18376157407407412
1 0.3609027777777778 0.44270254629629624 0.08605324074074075 0.055914351851851764
1 0.16999421296296297 0.42754629629629626 0.08137731481481478 0.08238425925925927
2 0.6347916666666666 0.5254398148148148 0.07337962962962977 0.07914351851851861
2 0.7637152777777778 0.5634085648148148 0.09249999999999989 0.08567129629629626
2 0.33089699074074075 0.45096643518518514 0.037245370370370345 0.04894675925925931
2 0.2899363425925926 0.41951388888888896 0.022442129629629638 0.03623842592592581
2 0.4531886574074074 0.4561921296296296 0.03228009259259253 0.04418981481481481
3 0.7263425925925926 0.7508449074074074 0.07706018518518523 0.08856481481481496
2 0.23713541666666665 0.4257696759259259 0.022534722222222213 0.03780092592592599
1 0.26980324074074075 0.4096469907407408 0.04431712962962964 0.03656249999999996
2 0.6738078703703703 0.524079861111111 0.04892361111111114 0.0616087962962963
2 0.21833912037037034 0.4252662037037037 0.020972222222222215 0.037777777777777646