1 0.6886284722222221 0.7078761574074074 0.359837962962963 0.1917129629629631
1 0.533420138888889 0.5273032407407408 0.16296296296296298 0.10159722222222226
1 0.11270254629629631 0.504670138888889 0.08894675925925925 0.08379629629629619
2 0.7691550925925925 0.6031134259259259 0.11637731481481488 0.10802083333333332
1 0.19071180555555556 0.5312268518518518 0.08223379629629632 0.07111111111111121
2 0.35625 0.517361111111111 0.04143518518518521 0.06521990740740727
2 0.24305555555555552 0.5961284722222222 0.07094907407407405 0.10355324074074072
1 0.2958622685185185 0.5007118055555555 0.08964120370370372 0.060405092592592524
1 0.9543402777777779 0.607818287037037 0.052430555555555716 0.10924768518518527
1 0.0541087962962963 0.4818171296296295 0.03547453703703703 0.03070601851851862
2 0.30344328703703705 0.5283101851851851 0.04473379629629628 0.06999999999999992
1 0.2552083333333333 0.5636400462962963 0.14131944444444447 0.10719907407407411
1 0.26383101851851853 0.4786458333333334 0.06400462962962958 0.042476851851851904
1 0.16252893518518519 0.4897222222222222 0.037094907407407396 0.032314814814814775