1 0.6984375 0.70625 0.3359375 0.15
1 0.6796875 0.534375 0.165625 0.0890625
1 0.3078125 0.4765625 0.1015625 0.06875
1 0.26875 0.5421875 0.125 0.0875
1 0.1328125 0.4671875 0.0796875 0.0703125
1 0.2015625 0.4359375 0.0421875 0.03125
1 0.915625 0.5953125 0.1640625 0.1078125
2 0.390625 0.50625 0.040625 0.078125
1 0.9546875 0.7203125 0.0890625 0.121875
2 0.915625 0.63125 0.121875 0.0875
2 0.4125 0.4890625 0.034375 0.05625
2 0.2390625 0.45625 0.0203125 0.03125
1 0.20625 0.5 0.0796875 0.0578125
3 0.20625 0.5359375 0.0296875 0.06875