3 0.24036458333333335 0.58359375 0.04276620370370372 0.1
3 0.22019675925925924 0.5875 0.03819444444444446 0.103125
3 0.612355324074074 0.48125 0.01556712962962976 0.040625
3 0.6280092592592592 0.48203125 0.02366898148148149 0.0484375
3 0.6986400462962963 0.490625 0.014004629629629584 0.040625
3 0.6527488425925926 0.49609375 0.01880787037037024 0.04375
3 0.6652777777777777 0.496875 0.017129629629629585 0.040625
3 0.682494212962963 0.49765625 0.015277777777777857 0.0328125
1 0.1611400462962963 0.4484375 0.0714699074074074 0.0734375
1 0.48969907407407404 0.5234375 0.14525462962962976 0.0828125
1 0.6987847222222222 0.5578125 0.18663194444444448 0.103125
1 0.940379050925926 0.65390625 0.11924189814814809 0.1109375
2 0.8613425925925926 0.58046875 0.07887731481481489 0.0625
2 0.948582175925926 0.74453125 0.10283564814814809 0.1234375
2 0.7995659722222223 0.66328125 0.16273148148148148 0.1328125
2 0.7900752314814815 0.5546875 0.04143518518518512 0.0640625
2 0.4644097222222222 0.5578125 0.07361111111111107 0.0890625
2 0.39577546296296295 0.5609375 0.07413194444444446 0.103125
2 0.31860532407407405 0.50234375 0.04155092592592595 0.0671875
2 0.28671875 0.50625 0.03836805555555554 0.065625
2 0.28388310185185184 0.471875 0.0328125 0.0421875
2 0.5013310185185185 0.47890625 0.027604166666666607 0.028125