1 0.68515625 0.7141203703703705 0.3720833333333335 0.22905092592592596
1 0.4077430555555555 0.4763310185185185 0.14847222222222206 0.11157407407407405
1 0.23616319444444445 0.4365162037037037 0.09083333333333332 0.07824074074074065
1 0.2965277777777778 0.40376157407407404 0.07437500000000004 0.05891203703703703
1 0.7722569444444445 0.5786458333333333 0.19781250000000003 0.13368055555555552
2 0.6122569444444445 0.5352719907407407 0.07385416666666664 0.08229166666666661
2 0.5495833333333333 0.4984664351851852 0.0625694444444445 0.07407407407407404
2 0.9192013888888889 0.6099826388888889 0.09472222222222229 0.09554398148148131
2 0.6578645833333334 0.5930555555555556 0.1160763888888889 0.11973379629629619
1 0.18038194444444447 0.39632523148148147 0.06447916666666664 0.08194444444444446
2 0.21168402777777778 0.4491608796296296 0.0390625 0.07164351851851869
1 0.3045659722222222 0.4965856481481481 0.15868055555555555 0.1306712962962962
2 0.7355034722222222 0.6144386574074074 0.11402777777777776 0.10873842592592595
1 0.3992361111111111 0.42578125 0.09135416666666671 0.05486111111111107
1 0.2188888888888889 0.3823784722222222 0.04569444444444439 0.045370370370370415