1 0.3094618055555555 0.4849479166666667 0.09945601851851844 0.07020833333333343
1 0.7223263888888889 0.5683912037037038 0.1889120370370371 0.09809027777777786
1 0.14421296296296296 0.45516203703703706 0.08075231481481482 0.07305555555555543
1 0.20564236111111112 0.4365451388888889 0.042743055555555555 0.038125000000000145
2 0.9786140046296297 0.6042650462962963 0.04277199074074076 0.09915509259259263
2 0.255 0.44664930555555554 0.02238425925925931 0.03469907407407415
3 0.38264467592592594 0.5742939814814815 0.028252314814814827 0.11445601851851847
2 0.1698263888888889 0.4969386574074074 0.027534722222222197 0.06601851851851848
3 0.6464467592592593 0.5079050925925925 0.019560185185185118 0.05496527777777782
3 0.6917824074074075 0.5101388888888889 0.01627314814814813 0.04398148148148149
3 0.6761342592592593 0.5083449074074073 0.016388888888888786 0.05179398148148149
3 0.36389467592592595 0.5740162037037037 0.024849537037037007 0.09565972222222215
1 0.29166087962962967 0.44328703703703703 0.053587962962962976 0.032037037037036954
2 0.6643807870370371 0.71671875 0.15513888888888888 0.13820601851851855