1 0.3947395833333333 0.4322222222222222 0.09958333333333336 0.0682986111111111
1 0.6507291666666667 0.5932291666666667 0.24718750000000006 0.1792361111111111
2 0.6808854166666667 0.5049131944444445 0.078125 0.07357638888888882
2 0.26859375 0.5733854166666668 0.07333333333333333 0.1185416666666665
2 0.7520833333333333 0.5855902777777777 0.10374999999999997 0.1307986111111111
1 0.19828125000000002 0.37670138888888893 0.036354166666666646 0.03121527777777775
3 0.43895833333333323 0.6253645833333333 0.07312499999999993 0.13878472222222235
1 0.9902604166666666 0.6338194444444445 0.019479166666666714 0.0880208333333334
2 0.1590625 0.43486111111111114 0.03968750000000001 0.05784722222222207
1 0.11786458333333334 0.40456597222222224 0.07302083333333335 0.0671180555555555
3 0.4005208333333333 0.61296875 0.07697916666666664 0.149861111111111