1 0.68125 0.7479687499999998 0.37361111111111106 0.22104166666666672
1 0.39626736111111105 0.47436342592592595 0.1078125 0.08592592592592592
1 0.3008101851851852 0.5112094907407407 0.1528935185185185 0.12251157407407405
1 0.7223090277777778 0.6127141203703703 0.18171296296296297 0.1416782407407407
1 0.5567418981481481 0.5907407407407408 0.23871527777777785 0.16282407407407415
1 0.15920138888888888 0.3982349537037037 0.09212962962962967 0.08413194444444443
1 0.2504050925925926 0.4152025462962963 0.07094907407407405 0.060393518518518444
2 0.7726851851851853 0.6657754629629629 0.10225694444444447 0.10458333333333343
2 0.20306712962962964 0.4652546296296297 0.053009259259259256 0.08199074074074061
1 0.23125 0.4461516203703703 0.09340277777777777 0.0763425925925926
1 0.46339699074074076 0.4737962962962963 0.08993055555555554 0.06692129629629626