1 0.4078125 0.5 0.125 0.0703125
1 0.1953125 0.46875 0.0453125 0.040625
2 0.7703125 0.5765625 0.0890625 0.0859375
2 0.2203125 0.4890625 0.0265625 0.05
1 0.1328125 0.4671875 0.075 0.0671875
2 0.48125 0.48125 0.0265625 0.046875
2 0.1671875 0.503125 0.0265625 0.0578125
1 0.3359375 0.4703125 0.06875 0.040625
3 0.3609375 0.56875 0.028125 0.0984375
1 0.1859375 0.4375 0.03125 0.021875
3 0.3875 0.56875 0.034375 0.10625
3 0.65625 0.4953125 0.0109375 0.053125
3 0.6421875 0.4921875 0.0140625 0.05625
1 0.2359375 0.459375 0.05625 0.0375
1 0.2578125 0.446875 0.05 0.0328125