1 0.140625 0.46875 0.0671875 0.0734375
1 0.2046875 0.471875 0.05 0.04375
1 0.5359375 0.54375 0.165625 0.0953125
2 0.7203125 0.665625 0.115625 0.13125
2 0.30625 0.540625 0.0375 0.0796875
1 0.959375 0.6953125 0.08125 0.13125
2 0.475 0.571875 0.075 0.096875
2 0.2765625 0.4703125 0.0265625 0.046875
2 0.24375 0.45625 0.01875 0.0359375
2 0.9578125 0.6125 0.0796875 0.0890625
1 0.20625 0.4375 0.0421875 0.025
1 0.92265625 0.5734375 0.1546875 0.103125
3 0.290625 0.6625 0.0453125 0.1453125
3 0.2578125 0.6609375 0.034375 0.11875
3 0.6296875 0.5046875 0.0171875 0.059375
3 0.6453125 0.5046875 0.0140625 0.0515625