1 0.1421875 0.46875 0.0640625 0.071875
1 0.8375 0.5796875 0.20625 0.109375
2 0.8140625 0.6828125 0.1234375 0.134375
3 0.5125 0.5671875 0.028125 0.1015625
3 0.484375 0.540625 0.03125 0.0953125
2 0.24375 0.446875 0.01875 0.0328125
2 0.1875 0.45 0.01875 0.0328125
3 0.6390625 0.5203125 0.0234375 0.0671875
3 0.6140625 0.5171875 0.025 0.053125
3 0.5625 0.55625 0.0265625 0.0875
3 0.5390625 0.5515625 0.025 0.090625
3 0.5171875 0.515625 0.0234375 0.034375
3 0.4484375 0.5234375 0.028125 0.0828125
3 0.60625 0.4765625 0.0140625 0.04375
3 0.59375 0.478125 0.009375 0.0453125
3 0.56875 0.46875 0.015625 0.0515625
2 0.9375 0.73125 0.125 0.1
2 0.934375 0.6625 0.1203125 0.1125
2 0.9421875 0.571875 0.0390625 0.071875