1 0.3368576388888889 0.7198263888888888 0.3509027777777778 0.17621527777777785
1 0.809375 0.5271874999999999 0.07430555555555571 0.0578819444444445
1 0.7528298611111112 0.5706770833333333 0.12427083333333329 0.09440972222222221
1 0.8883854166666666 0.49795138888888885 0.086076388888889 0.07711805555555565
2 0.34987847222222224 0.5566666666666666 0.07527777777777782 0.0797569444444445
1 0.7380034722222222 0.48269097222222224 0.05500000000000007 0.04454861111111121
2 0.6778125 0.5143229166666666 0.040000000000000036 0.057916666666666575
2 0.2048090277777778 0.6258506944444444 0.10423611111111111 0.09975694444444443
2 0.4305381944444445 0.5820833333333333 0.10253472222222229 0.09656249999999993
1 0.07973958333333334 0.7239930555555556 0.09041666666666667 0.13968749999999996
2 0.7716145833333333 0.5021180555555556 0.023680555555555573 0.041597222222222285
1 0.7941493055555556 0.48284722222222226 0.07055555555555557 0.0436805555555555
2 0.46307291666666667 0.5422048611111111 0.07166666666666668 0.0686805555555555
3 0.8205729166666668 0.5861631944444444 0.031597222222222145 0.07937499999999993