1 0.7283101851851852 0.7219618055555556 0.35061342592592587 0.16756944444444458
1 0.4292939814814815 0.5106597222222222 0.12304398148148152 0.08457175925925924
1 0.23313078703703702 0.49135995370370367 0.08284722222222225 0.062118055555555426
1 0.3282233796296296 0.45842013888888894 0.07109953703703704 0.04633101851851862
1 0.15795138888888888 0.4566782407407407 0.0832523148148148 0.0699305555555556
1 0.9850231481481482 0.627644675925926 0.02995370370370374 0.12270833333333328
2 0.2845949074074074 0.5655034722222222 0.06415509259259258 0.09306712962962962
2 0.8720949074074074 0.574207175925926 0.07608796296296312 0.08231481481481477
1 0.23546874999999998 0.44611689814814814 0.0660069444444444 0.03844907407407412
2 0.3003009259259259 0.46190972222222226 0.024143518518518547 0.044074074074073974
2 0.2670428240740741 0.4528298611111111 0.020532407407407405 0.034652777777777644
3 0.578275462962963 0.5534606481481481 0.035381944444444355 0.08015046296296298
3 0.61125 0.5570717592592592 0.046643518518518515 0.08656250000000014
1 0.4571875 0.4915567129629629 0.10488425925925923 0.06556712962962977
1 0.29847800925925927 0.5321412037037037 0.12829861111111107 0.09557870370370374
1 0.20746527777777776 0.4480439814814815 0.028182870370370417 0.031643518518518474