1 0.7449247685185185 0.6757118055555555 0.36730324074074083 0.22684027777777765
1 0.48090277777777785 0.5144270833333333 0.14049768518518527 0.09996527777777775
1 0.22149884259259262 0.5594270833333332 0.07608796296296294 0.07510416666666657
1 0.29935185185185187 0.5955208333333333 0.13135416666666666 0.11538194444444443
1 0.2881423611111111 0.5242013888888889 0.09010416666666661 0.07229166666666664
1 0.1510011574074074 0.5453645833333333 0.07937500000000001 0.08611111111111107
2 0.40174768518518517 0.54859375 0.06687499999999993 0.08583333333333343
1 0.36436921296296293 0.5032465277777778 0.08525462962962962 0.06125000000000007
1 0.09001736111111111 0.5408854166666666 0.04908564814814813 0.04482638888888886
1 0.20671875 0.5106770833333334 0.04428240740740739 0.03690972222222229
2 0.5727314814814815 0.4922569444444445 0.05559027777777779 0.062152777777777855