1 0.7998090277777778 0.5597395833333334 0.09065972222222225 0.07253472222222221
1 0.25607638888888895 0.6619444444444444 0.4189583333333333 0.2233796296296296
1 0.5946354166666667 0.5011979166666667 0.12534722222222214 0.08685185185185187
1 0.8783506944444444 0.5439178240740741 0.090902777777778 0.08347222222222221
1 0.7922743055555556 0.501880787037037 0.052465277777777784 0.041006944444444395
2 0.7261805555555556 0.515451388888889 0.03399305555555543 0.05336805555555557
2 0.10692708333333334 0.6288136574074074 0.14121527777777781 0.16820601851851863
3 0.7673090277777778 0.6438599537037037 0.060243055555555536 0.10980324074074073
3 0.6080555555555556 0.6832986111111111 0.06854166666666668 0.13173611111111114
2 0.8333506944444444 0.5224942129629631 0.026041666666666786 0.04706018518518533
1 0.16605902777777778 0.5831655092592593 0.30923611111111116 0.20694444444444446
1 0.7293402777777778 0.587337962962963 0.1416666666666666 0.11821759259259253
1 0.7250694444444445 0.5006018518518518 0.07309027777777785 0.055219907407407474