1 0.209375 0.4984375 0.0796875 0.0578125
1 0.39375 0.503125 0.1234375 0.0765625
2 0.671875 0.6 0.0984375 0.096875
1 0.6609375 0.5359375 0.1609375 0.078125
2 0.953125 0.653125 0.0921875 0.115625
0 0.2578125 0.453125 0.0703125 0.0640625
1 0.1828125 0.453125 0.0296875 0.0375
1 0.1328125 0.4671875 0.078125 0.06875
2 0.31875 0.4640625 0.0203125 0.040625
2 0.2734375 0.475 0.0265625 0.034375
1 0.2703125 0.5359375 0.1203125 0.0875
2 0.35 0.4609375 0.021875 0.0328125
3 0.6078125 0.4859375 0.0125 0.040625