1 0.3213541666666667 0.6575347222222222 0.36812500000000004 0.2199537037037036
1 0.8284895833333333 0.5034548611111112 0.08895833333333343 0.07312499999999993
1 0.7526041666666667 0.47054398148148147 0.09708333333333333 0.07821759259259267
1 0.9023958333333333 0.48315972222222225 0.09125000000000014 0.0841435185185185
1 0.7578125 0.5369097222222223 0.13312500000000008 0.10500000000000007
1 0.4078125 0.5080208333333334 0.18822916666666673 0.11408564814814817
2 0.3772916666666667 0.5440972222222221 0.12104166666666663 0.11060185185185176
2 0.6768229166666666 0.5097511574074074 0.05843750000000014 0.08244212962962968
3 0.74296875 0.5964756944444445 0.06239583333333343 0.09510416666666668
2 0.07385416666666667 0.5786458333333334 0.07645833333333334 0.09583333333333321
2 0.8501562499999998 0.45215856481481487 0.02395833333333357 0.0323842592592591
1 0.07885416666666667 0.6301273148148148 0.08416666666666668 0.16474537037037038
1 0.83859375 0.4433506944444444 0.04614583333333329 0.03820601851851855