1 0.14840856481481485 0.49017361111111113 0.08703703703703702 0.07562499999999997
2 0.38425925925925924 0.6457291666666667 0.09675925925925935 0.12753472222222229
3 0.564207175925926 0.5554513888888889 0.029629629629629763 0.08399305555555561
3 0.6575520833333334 0.5486805555555556 0.030844907407407262 0.07468749999999993
3 0.5324363425925925 0.5610590277777778 0.035648148148148096 0.07802083333333343
1 0.9716724537037038 0.7153645833333334 0.05665509259259238 0.18940972222222213
1 0.20436921296296298 0.48486111111111113 0.04079861111111107 0.04861111111111107
3 0.621875 0.5541145833333333 0.030902777777777855 0.07624999999999993
3 0.5953125 0.5529340277777777 0.029050925925925952 0.06836805555555543
3 0.5045717592592592 0.54578125 0.021180555555555536 0.06645833333333329
3 0.5185474537037037 0.5440625000000001 0.014930555555555535 0.06618055555555565