1 0.4 0.4890625 0.10625 0.0625
1 0.2125 0.5015625 0.0859375 0.0625
1 0.7984375 0.6546875 0.2421875 0.1515625
1 0.53125 0.653125 0.2765625 0.159375
1 0.13125 0.46875 0.0828125 0.0703125
2 0.6265625 0.5234375 0.0640625 0.06875
2 0.915625 0.5703125 0.0640625 0.0828125
1 0.2390625 0.4546875 0.0765625 0.0390625
2 0.2890625 0.4609375 0.0203125 0.0390625
3 0.2265625 0.6046875 0.0359375 0.090625
3 0.3765625 0.6734375 0.04375 0.13125
3 0.2625 0.6078125 0.040625 0.1203125
3 0.3328125 0.6609375 0.0515625 0.1421875