1 0.6507928240740741 0.7322511574074074 0.35034722222222214 0.17415509259259246
1 0.6383043981481482 0.5996180555555556 0.22266203703703696 0.125138888888889
1 0.23699074074074072 0.543900462962963 0.13358796296296296 0.0959837962962963
1 0.10577546296296296 0.46018518518518514 0.08219907407407408 0.07106481481481489
2 0.3440451388888889 0.49385416666666665 0.042303240740740745 0.05584490740740744
1 0.20035879629629633 0.448900462962963 0.05240740740740737 0.04210648148148159
1 0.2778819444444444 0.4613715277777778 0.047534722222222214 0.038842592592592595
2 0.3055902777777778 0.46923611111111113 0.03081018518518519 0.04614583333333329
2 0.8146064814814814 0.6752777777777779 0.10997685185185162 0.1186805555555555
2 0.8210243055555555 0.6065972222222222 0.08753472222222243 0.0821412037037037
1 0.18034722222222221 0.4960474537037037 0.08182870370370372 0.06481481481481488
1 0.618431712962963 0.5387673611111111 0.1333912037037038 0.06634259259259245