1 0.29844907407407406 0.7024189814814814 0.3757291666666667 0.2047569444444445
1 0.8037905092592592 0.570150462962963 0.0910532407407409 0.07246527777777771
1 0.883587962962963 0.5522627314814814 0.08659722222222258 0.08000000000000007
1 0.4100868055555556 0.5483796296296296 0.22741898148148146 0.14761574074074063
1 0.7359259259259259 0.5169965277777777 0.05901620370370377 0.04405092592592581
2 0.35676504629629624 0.5912326388888889 0.10177083333333332 0.11833333333333336
3 0.7610243055555556 0.6534027777777778 0.03834490740740737 0.08337962962962955
3 0.6739872685185185 0.6638425925925926 0.04901620370370363 0.12768518518518518
3 0.6551851851851852 0.6346527777777778 0.0500694444444445 0.11059027777777786
3 0.7246296296296297 0.6621643518518519 0.04809027777777786 0.0964351851851852
3 0.7522395833333333 0.7254108796296296 0.06776620370370363 0.1287962962962963
1 0.7437789351851851 0.5977893518518519 0.1293865740740742 0.10281249999999993
1 0.7662847222222222 0.541412037037037 0.062280092592592595 0.04892361111111114