1 0.4796990740740741 0.49323495370370374 0.12825231481481475 0.08307870370370374
1 0.028113425925925927 0.52671875 0.056226851851851854 0.10593749999999993
2 0.6247743055555557 0.5082581018518518 0.05278935185185176 0.07415509259259263
2 0.7414236111111111 0.47608796296296296 0.0311805555555555 0.051979166666666646
1 0.831412037037037 0.45914351851851853 0.0409143518518519 0.03182870370370381
2 0.7159722222222222 0.4577314814814814 0.02078703703703706 0.034652777777777644
1 0.8928877314814816 0.4886747685185185 0.07263888888888914 0.06664351851851862
2 0.7064756944444445 0.6311574074074074 0.08287037037037041 0.13392361111111112
3 0.22751157407407407 0.45482060185185186 0.030173611111111144 0.06133101851851848
3 0.27291666666666664 0.4525868055555556 0.026215277777777768 0.047222222222222145
3 0.8378298611111111 0.4957349537037037 0.029155092592592524 0.04414351851851848