1 0.203125 0.6204976851851851 0.26359953703703703 0.1639930555555555
1 0.7011805555555556 0.43167824074074074 0.08165509259259274 0.05950231481481474
2 0.8011689814814815 0.42731481481481487 0.022222222222222143 0.04817129629629626
2 0.5697453703703703 0.4644560185185185 0.04578703703703706 0.06674768518518519
2 0.8337615740740741 0.4550578703703703 0.025405092592592382 0.0561689814814816
3 0.639525462962963 0.5321643518518518 0.021006944444444463 0.0949537037037036
1 0.863738425925926 0.4142361111111111 0.07864583333333357 0.07494212962962976
1 0.776412037037037 0.3959837962962963 0.03457175925925924 0.02859953703703706
3 0.6192013888888889 0.5349305555555556 0.028923611111111035 0.10947916666666675
3 0.34164351851851854 0.4748495370370371 0.01603009259259256 0.055613425925925955
3 0.3572916666666667 0.47079861111111115 0.01915509259259256 0.055798611111111104
1 0.22881944444444446 0.5252662037037037 0.1879513888888889 0.07204861111111108