1 0.6608854166666667 0.4821006944444445 0.13552083333333337 0.0894212962962964
1 0.8031770833333333 0.41117476851851853 0.05593749999999993 0.04297453703703695
1 0.079375 0.6627604166666666 0.054479166666666676 0.09134259259259245
1 0.8886458333333334 0.4146006944444444 0.09104166666666665 0.0778356481481481
3 0.6708333333333334 0.5492071759259259 0.03979166666666671 0.10517361111111115
2 0.11223958333333332 0.7920891203703704 0.07395833333333335 0.07914351851851861
2 0.7471354166666666 0.42686342592592597 0.029270833333333357 0.041018518518518475
2 0.8657812499999998 0.45873263888888893 0.03343750000000014 0.05668981481481481
3 0.6869791666666666 0.5450578703703703 0.03645833333333322 0.10200231481481481
3 0.3946354166666667 0.5001215277777777 0.025520833333333392 0.05501157407407398
3 0.36322916666666666 0.5099710648148148 0.025416666666666643 0.053449074074073975
3 0.3258333333333333 0.5238194444444444 0.03239583333333336 0.06447916666666664
1 0.6817708333333333 0.4317418981481481 0.08395833333333336 0.0418287037037036