1 0.18046875 0.4937210648148148 0.21099537037037042 0.16028935185185186
1 0.896556712962963 0.6053819444444445 0.0890625 0.08928240740740741
1 0.717824074074074 0.5761226851851852 0.1271412037037038 0.09931712962962962
2 0.5195023148148149 0.5449247685185185 0.07777777777777786 0.0839467592592591
1 0.826244212962963 0.559212962962963 0.053125 0.04515046296296284
3 0.651707175925926 0.7441030092592593 0.0862268518518519 0.15600694444444443
2 0.296556712962963 0.5278240740740741 0.10150462962962958 0.11024305555555554
3 0.7196180555555556 0.6843460648148149 0.05347222222222214 0.09184027777777785
3 0.7729166666666667 0.6688368055555556 0.06221064814814827 0.10480324074074084
3 0.36539351851851853 0.4805671296296296 0.04334490740740744 0.06012731481481488
3 0.44282407407407404 0.4758217592592592 0.034953703703703806 0.051851851851851906
3 0.47586805555555556 0.4808912037037037 0.03026620370370381 0.051574074074074085
3 0.31128472222222225 0.46413773148148146 0.03831018518518521 0.05516203703703706
3 0.7511574074074074 0.6901041666666666 0.06313657407407405 0.11730324074074083
3 0.6821469907407407 0.6930150462962963 0.06712962962962958 0.10820601851851848