1 0.6307407407407408 0.41375 0.09306712962962962 0.06552083333333325
1 0.37526620370370367 0.58921875 0.23202546296296295 0.17312499999999992
2 0.34533564814814816 0.5022395833333333 0.07130787037037037 0.071875
2 0.7567708333333334 0.5466145833333333 0.06260416666666657 0.11656250000000004
2 0.2746122685185185 0.5873437499999999 0.09086805555555558 0.12781249999999994
1 0.826863425925926 0.34604166666666664 0.03322916666666664 0.030312499999999964
3 0.5872685185185185 0.6086458333333333 0.059803240740740726 0.1382291666666667
1 0.021267361111111112 0.6495833333333334 0.042534722222222224 0.08729166666666668
2 0.8666203703703704 0.4019270833333334 0.03362268518518548 0.05687499999999997
1 0.9069039351851853 0.3695833333333333 0.06652777777777778 0.06531250000000002
3 0.6257349537037037 0.5935937499999999 0.061527777777777716 0.1492708333333333