1 0.6275000000000001 0.7642650462962963 0.365625 0.20842592592592588
1 0.23109375000000001 0.5337094907407407 0.14291666666666664 0.11274305555555557
1 0.10958333333333332 0.4386631944444444 0.09281249999999996 0.08487268518518505
1 0.858125 0.7167534722222222 0.18072916666666644 0.14299768518518513
2 0.24281250000000001 0.4638136574074074 0.0322916666666667 0.04082175925925924
1 0.31234375 0.46793402777777776 0.08364583333333328 0.06409722222222225
2 0.7246354166666666 0.6249189814814815 0.08489583333333321 0.08284722222222225
2 0.34109375000000003 0.483755787037037 0.036250000000000074 0.05350694444444457
2 0.20786458333333332 0.44684027777777774 0.025937500000000037 0.03888888888888893
1 0.22541666666666665 0.43062500000000004 0.03781250000000007 0.030254629629629548
3 0.1584375 0.5294039351851852 0.039583333333333304 0.08016203703703688
1 0.8754687499999999 0.8213136574074074 0.11656249999999986 0.137638888888889
1 0.17927083333333332 0.47573495370370367 0.09031250000000002 0.07071759259259273
2 0.26260416666666664 0.4610648148148148 0.02645833333333334 0.04670138888888893