1 0.696875 0.70625 0.3390625 0.15
1 0.2078125 0.4984375 0.084375 0.0546875
1 0.1328125 0.46875 0.075 0.065625
1 0.9484375 0.6640625 0.103125 0.1328125
2 0.36875 0.6359375 0.06875 0.128125
2 0.2703125 0.4703125 0.0328125 0.046875
1 0.3953125 0.48125 0.0953125 0.0515625
3 0.2953125 0.6921875 0.05 0.1453125
2 0.4390625 0.55 0.05625 0.0875
2 0.9390625 0.5984375 0.10625 0.0765625
1 0.26875 0.453125 0.0578125 0.046875
1 0.978125 0.584375 0.040625 0.0546875
3 0.2890625 0.6109375 0.0265625 0.084375
1 0.2671875 0.5328125 0.13125 0.0953125
1 0.4421875 0.525 0.13125 0.078125
1 0.1828125 0.453125 0.0296875 0.028125