1 0.30178819444444444 0.6918923611111112 0.34491898148148153 0.17563657407407404
1 0.7838310185185186 0.45447916666666666 0.08953703703703705 0.0686805555555555
1 0.7108101851851851 0.5074652777777778 0.13196759259259264 0.10368055555555564
1 0.10279803240740741 0.6843344907407408 0.20559606481481482 0.15921296296296283
1 0.8536284722222222 0.4149363425925926 0.06457175925925931 0.07207175925925924
1 0.7553645833333333 0.3966030092592593 0.04556712962962965 0.03672453703703704
1 0.5323090277777778 0.46205439814814814 0.10980324074074091 0.06348379629629637
2 0.32177662037037036 0.5237326388888889 0.07559027777777771 0.08357638888888878
2 0.5650231481481482 0.4736342592592592 0.047384259259259306 0.07118055555555554
1 0.6786400462962963 0.4224479166666667 0.07855324074074073 0.061863425925925954
2 0.6155208333333333 0.5092824074074074 0.038136574074074045 0.08788194444444439
2 0.8006365740740741 0.3997222222222222 0.0142708333333335 0.028854166666666715
1 0.14248842592592592 0.5845717592592592 0.2132060185185185 0.10633101851851841