1 0.1421875 0.4671875 0.0671875 0.0734375
1 0.89375 0.6359375 0.2125 0.1328125
2 0.58125 0.6578125 0.1109375 0.125
2 0.7734375 0.6609375 0.125 0.1359375
3 0.5140625 0.546875 0.034375 0.0875
2 0.69375 0.6078125 0.1078125 0.103125
1 0.79375 0.55 0.196875 0.0671875
3 0.496875 0.5421875 0.0234375 0.0765625
3 0.6484375 0.5328125 0.025 0.071875
3 0.625 0.5359375 0.021875 0.0796875
3 0.6125 0.528125 0.0234375 0.0734375
3 0.590625 0.5140625 0.0203125 0.0609375
3 0.5578125 0.5125 0.03125 0.075
3 0.60625 0.475 0.0125 0.0421875