1 0.668894675925926 0.5163483796296295 0.20081018518518512 0.13864583333333336
1 0.11796296296296296 0.5578877314814814 0.09790509259259261 0.0903240740740742
1 0.4639351851851852 0.5986342592592593 0.2121180555555556 0.15146990740740734
2 0.20696759259259262 0.6152604166666666 0.05553240740740737 0.08282407407407408
1 0.19671296296296298 0.5391087962962964 0.09468749999999995 0.08710648148148152
2 0.5227662037037037 0.6715335648148149 0.1435995370370371 0.15724537037037045
1 0.9221064814814814 0.5473090277777778 0.12893518518518512 0.13651620370370363
2 0.2995601851851852 0.5515393518518519 0.05194444444444439 0.0671064814814816
1 0.2960763888888889 0.5107754629629631 0.07193287037037041 0.056770833333333215
2 0.9483854166666668 0.584056712962963 0.07452546296296277 0.1442708333333332
2 0.25094328703703705 0.5297685185185186 0.035810185185185174 0.04945601851851862
1 0.45167824074074076 0.5372800925925926 0.14454861111111103 0.08390046296296294
2 0.38318865740740743 0.5000636574074073 0.03902777777777775 0.05267361111111111
2 0.21242476851851855 0.5630324074074073 0.037557870370370415 0.055752314814814775