1 0.7512847222222223 0.6445543981481482 0.36902777777777784 0.22883101851851856
1 0.22583333333333333 0.5616840277777777 0.08909722222222224 0.07317129629629626
1 0.5260590277777778 0.5322280092592593 0.19059027777777793 0.14184027777777786
1 0.36512152777777784 0.49944444444444447 0.07940972222222217 0.05896990740740744
1 0.14739583333333334 0.5487789351851852 0.09402777777777778 0.08417824074074076
3 0.5606597222222222 0.5418749999999999 0.04107638888888872 0.09120370370370381
2 0.29194444444444445 0.6177546296296297 0.07888888888888897 0.10582175925925927
2 0.31786458333333334 0.5181192129629629 0.03545138888888886 0.04894675925925931
2 0.2725 0.5164467592592593 0.029097222222222198 0.044166666666666646
1 0.29911458333333335 0.5887326388888889 0.13538194444444446 0.11759259259259255
1 0.23564236111111114 0.5107407407407407 0.05732638888888886 0.049270833333333285
1 0.5375694444444445 0.4875115740740741 0.15211805555555563 0.09753472222222222
3 0.5887152777777778 0.5383333333333333 0.06333333333333328 0.10871527777777779
1 0.19144097222222223 0.526244212962963 0.03677083333333333 0.03803240740740747