1 0.2618229166666667 0.6411631944444445 0.3673611111111111 0.24250000000000008
1 0.7886284722222222 0.5567881944444444 0.09275462962962973 0.07861111111111115
1 0.7122627314814814 0.5850520833333334 0.13365740740740736 0.11701388888888893
2 0.44234375000000004 0.5386979166666667 0.1039467592592592 0.11322916666666671
1 0.8690219907407407 0.54484375 0.09125000000000014 0.08638888888888889
2 0.5415451388888889 0.5341493055555555 0.07256944444444446 0.09534722222222225
1 0.7131481481481481 0.49361111111111117 0.0676273148148148 0.0608680555555555
1 0.13793981481481482 0.47826388888888893 0.22137731481481482 0.1486458333333333
2 0.6078645833333333 0.5209548611111111 0.05834490740740748 0.07315972222222218
2 0.386400462962963 0.47586805555555556 0.06930555555555547 0.07652777777777775
1 0.6185937499999999 0.4925868055555556 0.10524305555555565 0.07732638888888879
2 0.7047048611111111 0.5141145833333333 0.03162037037037031 0.050694444444444285
3 0.742199074074074 0.6179861111111111 0.05384259259259263 0.0980555555555556
3 0.6693981481481481 0.7055555555555555 0.07280092592592595 0.12659722222222225
1 0.18606481481481482 0.5404861111111112 0.2388310185185185 0.18496527777777771
1 0.8235358796296296 0.5224131944444445 0.03150462962962948 0.035069444444444466
1 0.7734201388888888 0.5078993055555555 0.05502314814814806 0.046527777777777855