1 0.3990914351851852 0.49844328703703705 0.1177662037037038 0.08159722222222214
1 0.5637905092592593 0.4740277777777777 0.11618055555555565 0.07842592592592582
1 0.14530671296296296 0.5223726851851852 0.07399305555555555 0.07717592592592588
1 0.22317708333333336 0.48568287037037033 0.053449074074074066 0.045324074074074086
2 0.25853587962962965 0.5119849537037038 0.036365740740740726 0.05887731481481495
2 0.34605324074074073 0.5117361111111112 0.045775462962962976 0.06384259259259259
3 0.2716550925925926 0.5952083333333333 0.05082175925925929 0.11241898148148141
2 0.5579282407407407 0.5265567129629629 0.09766203703703695 0.10912037037037034
3 0.8002777777777779 0.6467476851851852 0.07910879629629619 0.13512731481481488
3 0.32568865740740743 0.6107986111111111 0.0476157407407408 0.10138888888888893
3 0.8713599537037038 0.6430787037037037 0.07112268518518512 0.1114583333333334
2 0.9827719907407406 0.41467592592592595 0.03445601851851876 0.06673611111111111
3 0.2342361111111111 0.6072569444444444 0.04604166666666672 0.0997800925925926
2 0.5015277777777778 0.5079108796296297 0.06928240740740747 0.07391203703703705