1 0.8443344907407407 0.4939699074074074 0.07253472222222221 0.0760416666666666
1 0.06593171296296296 0.630005787037037 0.13186342592592593 0.14126157407407405
1 0.18583912037037037 0.5600289351851853 0.20438657407407407 0.098298611111111
2 0.38276041666666666 0.6668981481481482 0.12420138888888888 0.1330324074074074
2 0.15789930555555556 0.6588773148148148 0.14189814814814813 0.1504745370370369
3 0.3870601851851852 0.5481597222222222 0.03545138888888886 0.08954861111111115
3 0.3607523148148148 0.5391724537037037 0.03673611111111112 0.08019675925925931
3 0.41543981481481485 0.5399826388888889 0.030532407407407546 0.08166666666666664
3 0.4584143518518518 0.5140451388888889 0.03030092592592588 0.07385416666666664
3 0.43853587962962964 0.5254745370370371 0.025659722222222216 0.07534722222222215
3 0.38365162037037037 0.47854745370370366 0.016967592592592597 0.04554398148148149
2 0.23109375000000001 0.6154108796296296 0.12212962962962966 0.11582175925925924