3 0.42477430555555556 0.5953414351851852 0.061701388888888965 0.10776620370370367
3 0.4026736111111111 0.604363425925926 0.049097222222222216 0.10243055555555554
3 0.48864583333333333 0.5720601851851852 0.03930555555555557 0.08319444444444457
3 0.47456597222222213 0.5721122685185185 0.04430555555555564 0.09749999999999996
3 0.44293402777777774 0.5876793981481482 0.04743055555555564 0.09766203703703695
3 0.23701388888888886 0.6677314814814814 0.06645833333333329 0.11113425925925924
3 0.3215451388888889 0.4890914351851851 0.019479166666666714 0.033784722222222285
1 0.26751736111111113 0.597355324074074 0.1384722222222222 0.12111111111111121
1 0.2684722222222222 0.5191898148148149 0.0875 0.07476851851851851
1 0.19935763888888888 0.5672280092592592 0.09065972222222221 0.0764930555555555
1 0.1743576388888889 0.5307349537037037 0.044652777777777784 0.042893518518518546
1 0.12321180555555555 0.5445081018518518 0.09722222222222224 0.09087962962962966
1 0.7408333333333333 0.6977662037037037 0.41434027777777765 0.2446643518518517
2 0.9432638888888889 0.6339583333333334 0.090763888888889 0.1514120370370371
2 0.7868576388888888 0.5976909722222222 0.11628472222222222 0.10591435185185176
2 0.7616666666666667 0.5697916666666666 0.11166666666666672 0.1087962962962962
2 0.5608159722222222 0.6328993055555555 0.15756944444444443 0.13770833333333332
2 0.36970486111111106 0.5392997685185186 0.04513888888888893 0.06476851851851854
2 0.20460069444444445 0.5072743055555555 0.024201388888888876 0.03559027777777786
1 0.9690451388888889 0.5649016203703704 0.040868055555555574 0.08327546296296298