2 0.4896122685185185 0.647193287037037 0.14250000000000007 0.13663194444444446
2 0.6819733796296296 0.6497685185185185 0.11423611111111107 0.1018518518518519
2 0.8290682870370369 0.6949074074074074 0.11423611111111107 0.1018518518518519
2 0.7446469907407407 0.6427372685185185 0.08956018518518523 0.10625
2 0.3275520833333333 0.49354745370370373 0.030960648148148095 0.056770833333333395
1 0.2977372685185185 0.5489293981481482 0.13174768518518523 0.109375
1 0.971880787037037 0.7385706018518519 0.056238425925926094 0.10613425925925916
1 0.9664699074074073 0.6796875 0.06706018518518526 0.07557870370370381
1 0.7480034722222222 0.767505787037037 0.4075925925925926 0.20607638888888893
1 0.23206597222222225 0.4981481481481481 0.08597222222222226 0.06707175925925916
1 0.2648321759259259 0.45465856481481487 0.0636111111111111 0.056076388888888926
1 0.1614525462962963 0.4571180555555555 0.08481481481481482 0.07476851851851851
1 0.2008912037037037 0.4522569444444445 0.03763888888888891 0.03547453703703703
2 0.2536400462962963 0.46394675925925927 0.020694444444444394 0.03888888888888893
3 0.24235532407407406 0.5915219907407407 0.054780092592592575 0.09589120370370363
3 0.463431712962963 0.5775462962962963 0.04039351851851851 0.08859953703703702
3 0.5526273148148148 0.5717013888888889 0.03341435185185197 0.07407407407407404
3 0.536880787037037 0.5682002314814815 0.024282407407407548 0.07806712962962958
3 0.4996643518518519 0.5708912037037037 0.043032407407407366 0.07945601851851851
3 0.5042708333333333 0.569675925925926 0.029050925925925952 0.07997685185185191
3 0.3835011574074074 0.4618923611111111 0.012314814814814844 0.027372685185185118