1 0.3410416666666667 0.6889293981481481 0.36104166666666665 0.17599537037037044
1 0.7663541666666667 0.5283796296296297 0.13583333333333325 0.09603009259259263
1 0.6238020833333333 0.4684143518518519 0.09906250000000014 0.059074074074074015
1 0.4728125 0.5519502314814815 0.2022916666666667 0.1338657407407407
1 0.18421875 0.5675462962962963 0.199375 0.13689814814814802
1 0.8998437499999999 0.45240740740740737 0.08270833333333343 0.07106481481481489
2 0.19796874999999997 0.6211516203703704 0.11427083333333332 0.1000694444444445
2 0.5440625 0.46999421296296295 0.04083333333333332 0.05111111111111111
3 0.69484375 0.6533969907407406 0.05239583333333329 0.13098379629629625
1 0.8381770833333334 0.4197916666666666 0.03604166666666657 0.026018518518518618
2 0.061875 0.7050289351851852 0.037291666666666654 0.11494212962962962
3 0.8444791666666667 0.5260648148148148 0.03020833333333357 0.07886574074074063
1 0.8275520833333333 0.48351273148148144 0.08364583333333328 0.061736111111111214
1 0.74578125 0.4663657407407407 0.07864583333333322 0.056909722222222216
1 0.8529166666666667 0.4412731481481481 0.02843750000000007 0.02891203703703695
1 0.34979166666666667 0.5266319444444445 0.18249999999999994 0.09429398148148138