1 0.6753472222222222 0.6894386574074074 0.34937500000000005 0.18159722222222213
1 0.25969328703703703 0.4432581018518519 0.06951388888888888 0.05410879629629619
1 0.2014409722222222 0.47508680555555555 0.08059027777777779 0.06388888888888893
1 0.5176793981481481 0.5274016203703704 0.19385416666666658 0.11961805555555571
1 0.7937326388888888 0.5515335648148147 0.21903935185185192 0.1330439814814815
1 0.12696180555555556 0.44270833333333337 0.08387731481481482 0.07494212962962976
2 0.2448611111111111 0.5484375 0.06393518518518518 0.09918981481481488
1 0.21554398148148152 0.41912615740740744 0.03481481481481481 0.030960648148148095
2 0.351880787037037 0.43984375 0.028749999999999963 0.04322916666666661
1 0.2625462962962963 0.5142071759259259 0.12636574074074075 0.09681712962962977
1 0.17944444444444443 0.43139467592592595 0.036400462962962975 0.03258101851851851
2 0.19827546296296297 0.4252314814814815 0.01762731481481481 0.03032407407407405
3 0.6212094907407407 0.49623842592592593 0.033784722222222285 0.06684027777777786
3 0.6003009259259259 0.48451967592592593 0.019212962962962977 0.03194444444444446