1 0.37745949074074076 0.7310358796296297 0.37534722222222217 0.2311921296296296
1 0.7366030092592593 0.48185185185185186 0.1544560185185185 0.12475694444444443
1 0.6049189814814815 0.4951388888888889 0.16527777777777786 0.12195601851851841
1 0.6849826388888889 0.4184664351851852 0.08697916666666679 0.07281249999999986
1 0.8668402777777778 0.36615162037037036 0.09542824074074048 0.09023148148148152
2 0.5078125 0.5762268518518519 0.11064814814814809 0.12189814814814817
1 0.15442708333333333 0.6641261574074073 0.20989583333333334 0.14668981481481466
1 0.4728877314814815 0.520167824074074 0.1572916666666666 0.11703703703703709
2 0.13385416666666666 0.7421643518518518 0.13443287037037038 0.13196759259259244
2 0.2811342592592593 0.6431655092592592 0.13582175925925927 0.12732638888888878
1 0.8021122685185185 0.3711979166666667 0.0546875 0.043761574074074085
1 0.8013020833333334 0.41267361111111106 0.0934606481481481 0.07924768518518518
1 0.4359375 0.515005787037037 0.15422453703703703 0.11850694444444443
1 0.6488715277777778 0.41484375 0.07390046296296297 0.05681712962962955