1 0.51484375 0.52734375 0.16055555555555562 0.096875
1 0.15812500000000002 0.49921875 0.08315972222222223 0.078125
2 0.8203645833333333 0.54609375 0.09499999999999993 0.0984375
1 0.20954861111111112 0.49609375 0.037673611111111074 0.0390625
2 0.6174305555555556 0.49765625 0.059236111111111 0.0671875
2 0.35668402777777775 0.484375 0.03517361111111113 0.053125
3 0.2796875 0.5625 0.03833333333333329 0.0890625
3 0.33045138888888886 0.5796875 0.04961805555555561 0.096875
3 0.37649305555555557 0.59609375 0.04197916666666668 0.065625
3 0.46362847222222225 0.74609375 0.07576388888888896 0.0875
3 0.41071180555555553 0.75078125 0.07420138888888897 0.0875
3 0.35496527777777775 0.74453125 0.07211805555555557 0.1109375
3 0.43888888888888894 0.69921875 0.08059027777777779 0.090625
3 0.25050347222222225 0.59140625 0.03267361111111109 0.0671875
3 0.24026041666666664 0.571875 0.0343055555555555 0.06875
3 0.25951388888888893 0.565625 0.03166666666666664 0.0796875
3 0.3741319444444445 0.6484375 0.06208333333333336 0.13125