1 0.6953125 0.7046875 0.3375 0.153125
1 0.33125 0.49375 0.0890625 0.05625
1 0.1328125 0.46875 0.0828125 0.071875
1 0.6875 0.534375 0.1109375 0.075
2 0.5203125 0.5328125 0.0625 0.0765625
2 0.6171875 0.55 0.08125 0.0828125
1 0.2125 0.5 0.0703125 0.0609375
2 0.7234375 0.5921875 0.109375 0.0921875
2 0.4109375 0.5265625 0.05625 0.08125
2 0.9 0.640625 0.1109375 0.0875
1 0.9546875 0.721875 0.0890625 0.1171875
1 0.2453125 0.440625 0.0375 0.0265625
1 0.3953125 0.4734375 0.04375 0.0421875
1 0.2703125 0.5390625 0.121875 0.090625
3 0.221875 0.55 0.03125 0.075
2 0.43125 0.503125 0.0328125 0.059375
2 0.8140625 0.5640625 0.0765625 0.071875
2 0.8375 0.59375 0.10625 0.0859375