1 0.2596759259259259 0.6869907407407407 0.3486458333333333 0.17234953703703687
1 0.7029976851851852 0.43181712962962965 0.07446759259259253 0.053726851851851797
1 0.6959837962962963 0.5069791666666668 0.1202430555555555 0.09505787037037053
2 0.02611689814814815 0.5853125 0.0522337962962963 0.08990740740740755
1 0.8449826388888889 0.42835069444444446 0.08810185185185197 0.07624999999999993
2 0.4797280092592592 0.5002719907407407 0.06498842592592595 0.08128472222222208
2 0.10002893518518519 0.6103414351851851 0.11348379629629628 0.11496527777777779
2 0.6443055555555556 0.4668055555555556 0.03440972222222225 0.06255787037037024
1 0.6407002314814815 0.43115162037037036 0.06649305555555554 0.05019675925925924
2 0.7647048611111111 0.4138136574074074 0.018807870370370416 0.0321412037037037
1 0.02788194444444444 0.7055034722222222 0.05576388888888888 0.1358680555555555
3 0.7784722222222222 0.5089351851851852 0.03193287037037038 0.07489583333333343
1 0.764537037037037 0.4621296296296296 0.07651620370370367 0.06318287037037038
1 0.805451388888889 0.4093634259259259 0.04528935185185183 0.03195601851851855
2 0.1502372685185185 0.5586516203703704 0.10429398148148147 0.08799768518518505