1 0.7148611111111111 0.6239467592592594 0.36875 0.2325115740740742
1 0.28623263888888884 0.5666435185185186 0.1494791666666666 0.1258912037037037
1 0.41293402777777777 0.5177835648148148 0.16031250000000002 0.12185185185185184
1 0.3090625 0.4872685185185185 0.08590277777777774 0.07375000000000007
1 0.12100694444444446 0.5233796296296296 0.09249999999999999 0.08974537037037038
2 0.5340104166666666 0.5464988425925925 0.10729166666666679 0.12339120370370367
1 0.8908506944444443 0.46371527777777777 0.198298611111111 0.14594907407407404
1 0.5448263888888889 0.4810995370370371 0.15399305555555554 0.11835648148148152
2 0.9339930555555555 0.5235763888888889 0.10902777777777786 0.13129629629629633
2 0.7690625 0.5021412037037037 0.1307986111111111 0.12790509259259258
1 0.18243055555555557 0.49789351851851854 0.052465277777777784 0.0436805555555555
1 0.1995486111111111 0.5351099537037036 0.09069444444444441 0.07871527777777772
1 0.5765277777777778 0.45893518518518517 0.14930555555555552 0.1180787037037037
1 0.3407118055555555 0.46744791666666663 0.0714930555555556 0.05729166666666678