1 0.5643171296296297 0.7215624999999999 0.367824074074074 0.21906250000000008
1 0.2853587962962963 0.5053124999999999 0.08798611111111114 0.06656249999999986
1 0.20370949074074077 0.4669270833333333 0.04578703703703706 0.03729166666666668
1 0.10379050925925926 0.4853645833333333 0.08569444444444443 0.08041666666666672
2 0.6600983796296296 0.6008854166666666 0.08634259259259273 0.09135416666666671
3 0.6025810185185185 0.55234375 0.030543981481481453 0.06895833333333332
3 0.5838310185185185 0.5510937499999999 0.02052083333333332 0.057395833333333354
3 0.4613946759259259 0.5656770833333333 0.03009259259259256 0.08760416666666657
3 0.4407581018518519 0.5697916666666666 0.029907407407407403 0.08447916666666658
3 0.5610879629629629 0.5378125 0.02199074074074083 0.05593749999999993
3 0.6279050925925926 0.5485416666666667 0.025115740740740834 0.05614583333333325