1 0.6586863425925926 0.7419502314814815 0.35758101851851853 0.20056712962962955
1 0.7054166666666666 0.5941724537037036 0.21444444444444438 0.13439814814814816
1 0.2025925925925926 0.4609143518518518 0.08224537037037036 0.06839120370370359
1 0.13443287037037038 0.4200520833333334 0.08868055555555557 0.08098379629629626
2 0.43846643518518513 0.5214525462962963 0.06062499999999993 0.08525462962962962
2 0.3706944444444445 0.5071643518518518 0.05584490740740744 0.07893518518518512
1 0.2612615740740741 0.5094502314814815 0.12326388888888892 0.09555555555555557
1 0.21734953703703702 0.4142476851851852 0.04747685185185189 0.041319444444444464
2 0.24130208333333333 0.5380671296296297 0.07188657407407409 0.1072916666666666
1 0.3446296296296296 0.4731770833333333 0.07748842592592595 0.06363425925925928
1 0.3411747685185185 0.44265046296296295 0.08516203703703704 0.05437499999999993
1 0.1845138888888889 0.4153240740740741 0.033321759259259266 0.03486111111111114