1 0.6953125 0.7046875 0.3390625 0.1515625
1 0.20625 0.4984375 0.0765625 0.05625
1 0.5046875 0.5421875 0.16875 0.103125
1 0.35625 0.471875 0.0703125 0.04375
1 0.1328125 0.4671875 0.0796875 0.0671875
3 0.5359375 0.559375 0.01875 0.0890625
2 0.25625 0.56875 0.05625 0.09375
2 0.30625 0.478125 0.025 0.04375
2 0.2625 0.465625 0.01875 0.040625
1 0.2703125 0.5421875 0.115625 0.0921875
1 0.228125 0.4515625 0.0484375 0.0390625
1 0.5265625 0.5015625 0.1390625 0.065625
3 0.5640625 0.5625 0.0390625 0.1015625
1 0.18125 0.45625 0.0296875 0.03125