1 0.140625 0.46875 0.0734375 0.075
1 0.55 0.503125 0.134375 0.0859375
2 0.2859375 0.5078125 0.0375 0.06875
1 0.9296875 0.603125 0.1328125 0.115625
1 0.434375 0.5390625 0.1375 0.0859375
2 0.425 0.5921875 0.0765625 0.1015625
1 0.2703125 0.4671875 0.0671875 0.046875
2 0.3359375 0.459375 0.0234375 0.0359375
2 0.3671875 0.4828125 0.0359375 0.053125
2 0.446875 0.4765625 0.0375 0.04375
2 0.225 0.46875 0.0203125 0.053125
3 0.2640625 0.65625 0.0484375 0.11875
2 0.2046875 0.4546875 0.0171875 0.0484375
1 0.0796875 0.446875 0.0375 0.034375