1 0.32696180555555554 0.7142708333333333 0.35281250000000003 0.19177083333333336
1 0.6853472222222223 0.5231770833333333 0.07246527777777771 0.053125
1 0.8833854166666667 0.5449479166666666 0.07684027777777765 0.08145833333333333
1 0.7616666666666667 0.5228125 0.07090277777777772 0.05302083333333343
1 0.5522569444444445 0.5431250000000001 0.22131944444444435 0.14250000000000007
2 0.4180555555555555 0.6081770833333333 0.09989583333333343 0.10947916666666657
2 0.09355902777777778 0.6504166666666666 0.13211805555555553 0.13343749999999996
2 0.7926736111111111 0.5544791666666666 0.03368055555555536 0.056770833333333215
3 0.7015798611111111 0.6605729166666666 0.04597222222222221 0.12302083333333336
1 0.8132118055555555 0.5433854166666666 0.05180555555555557 0.04395833333333332
2 0.38147569444444446 0.5387500000000001 0.0733680555555555 0.0734375