1 0.7453993055555556 0.6797164351851851 0.2293981481481481 0.15995370370370382
1 0.20283564814814814 0.5067708333333334 0.07505787037037041 0.06927083333333321
1 0.10694444444444444 0.4651041666666666 0.07910879629629627 0.08200231481481488
2 0.2817997685185185 0.5330439814814815 0.0458333333333333 0.07332175925925917
1 0.22366898148148148 0.45882523148148147 0.05277777777777777 0.04120370370370363
2 0.38061342592592595 0.7579571759259259 0.09392361111111107 0.11417824074074083
2 0.17430555555555555 0.4677372685185185 0.025115740740740744 0.045370370370370415
1 0.16293402777777777 0.44097222222222215 0.046875 0.04542824074074083
3 0.5411168981481481 0.5742476851851852 0.03402777777777786 0.08177083333333339
1 0.052025462962962954 0.44296875 0.04496527777777777 0.040625
3 0.2542534722222222 0.6716145833333333 0.06597222222222214 0.1354166666666668
3 0.20969328703703702 0.6793113425925925 0.04762731481481479 0.11851851851851851
3 0.5194155092592593 0.5702835648148149 0.03101851851851851 0.0831018518518519