1 0.8039178240740741 0.5042534722222223 0.09270833333333321 0.07366898148148149
1 0.3006655092592593 0.639351851851852 0.2962615740740741 0.14832175925925917
1 0.7313194444444445 0.5561921296296296 0.14221064814814816 0.11140046296296298
1 0.8675578703703704 0.46603009259259254 0.07092592592592588 0.07598379629629619
1 0.6427719907407408 0.49126157407407406 0.10322916666666657 0.06001157407407405
2 0.5716145833333334 0.512818287037037 0.05038194444444457 0.06741898148148148
1 0.784855324074074 0.4403356481481482 0.04315972222222229 0.034375
2 0.670949074074074 0.5203993055555556 0.037835648148148236 0.06539351851851852
2 0.6932986111111111 0.4845486111111111 0.024641203703703773 0.04149305555555571
1 0.7463252314814814 0.4568576388888889 0.0560300925925926 0.04733796296296298
1 0.34475694444444444 0.7315104166666666 0.35858796296296286 0.1974537037037038
1 0.3982118055555556 0.5602430555555555 0.1872916666666667 0.1052662037037038