1 0.37026041666666665 0.7120949074074074 0.3626736111111112 0.2005208333333332
1 0.6953819444444445 0.4510706018518519 0.09763888888888879 0.06909722222222214
1 0.8872280092592593 0.3985532407407407 0.09534722222222243 0.08304398148148148
1 0.35001157407407407 0.5421585648148148 0.12384259259259256 0.0903356481481481
2 0.5152604166666667 0.5164641203703704 0.0752199074074074 0.08541666666666678
2 0.42234953703703704 0.5473090277777778 0.09443287037037038 0.09392361111111107
1 0.8138078703703704 0.44120370370370365 0.08054398148148145 0.0700231481481481
2 0.32393518518518516 0.604195601851852 0.12486111111111109 0.10752314814814809
2 0.6220543981481482 0.4952835648148149 0.06915509259259274 0.08831018518518512
2 0.15760416666666666 0.6776909722222222 0.12458333333333331 0.10283564814814809
1 0.11660300925925923 0.7653356481481481 0.10906250000000002 0.13032407407407404
1 0.771412037037037 0.386400462962963 0.04238425925925924 0.031192129629629584
1 0.6289699074074073 0.44021990740740746 0.05121527777777786 0.04866898148148149
1 0.7633217592592593 0.4877025462962963 0.13736111111111118 0.10798611111111107
3 0.8128645833333333 0.4913483796296296 0.04369212962962976 0.07957175925925916
2 0.5981481481481481 0.47502893518518513 0.042766203703703806 0.06394675925925916
2 0.22990162037037037 0.589670138888889 0.08909722222222224 0.0828125
2 0.21144097222222222 0.6216724537037037 0.11980324074074078 0.10109953703703703