1 0.2546759259259259 0.428125 0.0865393518518518 0.07494212962962958
1 0.17744791666666665 0.38793402777777775 0.08398148148148152 0.08576388888888893
2 0.7338194444444445 0.5810185185185185 0.09861111111111107 0.09722222222222214
2 0.9303125000000001 0.6418402777777777 0.11620370370370381 0.10567129629629637
2 0.3486284722222222 0.42855902777777777 0.04337962962962969 0.054629629629629584
3 0.3917245370370371 0.6860532407407407 0.09365740740740743 0.12199074074074083
2 0.5752835648148148 0.5125289351851852 0.07905092592592596 0.08090277777777785
3 0.3318344907407408 0.6632233796296296 0.07531250000000007 0.12910879629629618
3 0.3975752314814815 0.6177372685185185 0.07334490740740733 0.12123842592592596
3 0.3430324074074074 0.5923611111111111 0.07336805555555559 0.09160879629629619
3 0.2974479166666667 0.6793692129629629 0.07081018518518523 0.10243055555555554