1 0.2346354166666667 0.6487905092592593 0.3758680555555555 0.23709490740740743
1 0.6870949074074074 0.6068171296296296 0.14351851851851852 0.12134259259259253
1 0.8400462962962962 0.5704398148148149 0.09224537037037024 0.08659722222222221
1 0.5572337962962963 0.5050462962962963 0.10115740740740745 0.07416666666666671
2 0.6120949074074075 0.542962962962963 0.06388888888888893 0.0801388888888889
1 0.017737268518518517 0.5908275462962963 0.035474537037037034 0.14415509259259257
2 0.737818287037037 0.5454571759259259 0.03605324074074083 0.04556712962962965
2 0.7765046296296296 0.5348032407407407 0.02795138888888893 0.037696759259259235
1 0.700925925925926 0.5287731481481481 0.05873842592592595 0.06760416666666665
2 0.472193287037037 0.5012905092592593 0.06846064814814809 0.07704861111111114
2 0.5861400462962962 0.5263599537037036 0.050868055555555534 0.0659837962962964
1 0.7624421296296295 0.5768981481481481 0.09513888888888893 0.08037037037037038
3 0.7233796296296295 0.6188078703703704 0.043634259259259164 0.0815509259259258
3 0.761545138888889 0.6222164351851852 0.038657407407407265 0.07370370370370374