1 0.1353587962962963 0.5103009259259259 0.07399305555555555 0.08043981481481488
2 0.3797800925925926 0.5432581018518519 0.05364583333333339 0.07424768518518512
3 0.3745949074074074 0.715625 0.07144675925925928 0.15833333333333338
1 0.3027372685185185 0.4969039351851851 0.07063657407407406 0.048958333333333215
2 0.2962268518518519 0.5315972222222222 0.04106481481481481 0.06238425925925917
2 0.19403356481481482 0.5037037037037038 0.0237384259259259 0.04236111111111107
3 0.2681192129629629 0.6326967592592593 0.033611111111111126 0.11024305555555554
3 0.3180266203703704 0.648900462962963 0.04143518518518521 0.11238425925925917
1 0.20202546296296298 0.4800636574074074 0.03144675925925924 0.02887731481481488
3 0.6729282407407406 0.5407407407407407 0.026990740740740905 0.05978009259259256
3 0.690931712962963 0.5373842592592593 0.025428240740740727 0.059664351851851906
3 0.5629456018518518 0.5091435185185185 0.019143518518518476 0.05451388888888893
3 0.2541898148148148 0.6136863425925926 0.033645833333333285 0.11493055555555572
3 0.28833912037037035 0.646701388888889 0.03199074074074071 0.10231481481481489
3 0.3513252314814815 0.691232638888889 0.04787037037037036 0.13784722222222215