1 0.57578125 0.5293923611111111 0.1859375 0.12288194444444436
1 0.284375 0.4553993055555556 0.0796875 0.06270833333333332
1 0.13515625 0.42746527777777776 0.0875 0.08006944444444439
1 0.67578125 0.709201388888889 0.35625 0.19541666666666657
1 0.275 0.5142013888888888 0.1140625 0.10097222222222228
2 0.38203125 0.49463541666666666 0.0578125 0.07315972222222218
1 0.2171875 0.4186111111111111 0.0515625 0.04489583333333336
2 0.340625 0.4408680555555556 0.028125 0.045937499999999964
1 0.93125 0.7418055555555555 0.0984375 0.14124999999999996
1 0.48125 0.47133680555555557 0.1109375 0.07277777777777779
1 0.20859375 0.4602083333333333 0.08125 0.06430555555555557
1 0.28984375 0.4177777777777778 0.05625 0.03718749999999993