1 0.6709895833333334 0.4340104166666666 0.11624999999999996 0.08543981481481477
1 0.8769791666666666 0.36061342592592593 0.08666666666666671 0.08546296296296294
2 0.5231770833333333 0.48635995370370366 0.06572916666666657 0.07503472222222225
3 0.7610416666666666 0.4795138888888889 0.056770833333333395 0.10415509259259252
3 0.7218229166666668 0.66734375 0.06812499999999985 0.11097222222222207
3 0.7973958333333334 0.44862268518518517 0.04656249999999993 0.09116898148148138
2 0.7691666666666667 0.3662037037037037 0.027708333333333356 0.04192129629629626
3 0.8354166666666668 0.45449074074074075 0.047812499999999855 0.08656250000000014
2 0.09229166666666666 0.7258564814814814 0.0421875 0.09561342592592581
3 0.6658333333333333 0.6741666666666667 0.08635416666666665 0.12748842592592596
3 0.6802083333333333 0.6075694444444444 0.07125000000000004 0.08777777777777782
3 0.7501041666666667 0.6447106481481482 0.084375 0.14451388888888878
3 0.8145833333333334 0.44773148148148145 0.03979166666666671 0.0830324074074074
3 0.7463541666666667 0.5296643518518518 0.049687499999999926 0.09133101851851855
3 0.7280729166666667 0.5141493055555555 0.04677083333333343 0.09429398148148138
3 0.37453125 0.5026909722222223 0.04041666666666668 0.06905092592592599