1 0.7102314814814814 0.6537905092592593 0.35594907407407417 0.20370370370370364
1 0.20065393518518518 0.5282118055555556 0.0901041666666667 0.07361111111111107
1 0.2860474537037037 0.5617476851851853 0.14537037037037043 0.11469907407407405
1 0.9297222222222222 0.49027777777777776 0.12680555555555556 0.12650462962962958
2 0.4418287037037037 0.6403067129629629 0.08326388888888889 0.13894675925925917
2 0.5467476851851851 0.5153935185185186 0.0856481481481481 0.0890625
1 0.12994212962962964 0.5050636574074074 0.06986111111111111 0.0775462962962962
2 0.4579861111111111 0.49837962962962956 0.06048611111111111 0.07719907407407404
2 0.6042997685185185 0.478125 0.050995370370370455 0.06903935185185191
1 0.2764409722222222 0.4723090277777778 0.08672453703703704 0.05630787037037042
2 0.4186400462962963 0.46626157407407404 0.031921296296296295 0.04646990740740744
2 0.20140625 0.4774305555555555 0.022407407407407386 0.03674768518518512
1 0.9805613425925926 0.5899016203703704 0.02207175925925924 0.11950231481481488
2 0.39914351851851854 0.5700520833333333 0.06405092592592591 0.10700231481481488
1 0.3462326388888889 0.5048611111111111 0.13410879629629627 0.09241898148148149
2 0.8637094907407408 0.4661747685185185 0.07305555555555543 0.08234953703703703
2 0.24347800925925928 0.48368055555555556 0.028680555555555553 0.038541666666666786