1 0.7513136574074075 0.7200868055555556 0.359236111111111 0.1936805555555555
1 0.23577546296296298 0.5334895833333333 0.08942129629629632 0.07100694444444447
1 0.40546296296296297 0.49894097222222217 0.10372685185185179 0.07631944444444443
1 0.3199537037037037 0.5785416666666666 0.1460532407407408 0.1109375
1 0.16482638888888887 0.5030555555555555 0.07255787037037038 0.0764930555555555
2 0.6557523148148148 0.5607291666666667 0.08635416666666665 0.10204861111111115
1 0.611880787037037 0.5564409722222222 0.15106481481481496 0.11739583333333332
2 0.44851273148148146 0.607638888888889 0.0666087962962962 0.11208333333333335
1 0.28586226851851854 0.47725694444444444 0.05843749999999996 0.04468750000000003
2 0.9885416666666668 0.5878993055555556 0.02291666666666643 0.10684027777777771
2 0.37278935185185186 0.5302256944444445 0.04179398148148152 0.08447916666666658