1 0.7140625 0.7046875 0.3765625 0.153125
1 0.2703125 0.5421875 0.121875 0.0859375
1 0.34375 0.4703125 0.08125 0.0484375
1 0.13125 0.46875 0.0796875 0.0671875
1 0.878125 0.56875 0.1984375 0.1015625
1 0.5640625 0.5125 0.140625 0.0828125
2 0.9234375 0.6296875 0.1 0.1140625
2 0.440625 0.478125 0.025 0.04375
2 0.2625 0.459375 0.01875 0.0375
2 0.2984375 0.475 0.025 0.04375
3 0.871875 0.73125 0.05625 0.1
1 0.2046875 0.446875 0.0390625 0.034375
3 0.4140625 0.646875 0.046875 0.1203125
3 0.21875 0.6015625 0.034375 0.0859375
1 0.20625 0.4984375 0.0828125 0.05625