1 0.8953125 0.6796875 0.2078125 0.1546875
1 0.140625 0.46875 0.06875 0.0734375
1 0.4375 0.515625 0.1265625 0.0734375
2 0.48125 0.575 0.075 0.103125
1 0.19375 0.4640625 0.0375 0.0390625
2 0.34375 0.51875 0.0375 0.0734375
2 0.271875 0.5046875 0.028125 0.0640625
2 0.7796875 0.584375 0.090625 0.0859375
2 0.6765625 0.5171875 0.059375 0.071875
2 0.225 0.4609375 0.01875 0.0390625
3 0.2875 0.653125 0.0390625 0.1265625
1 0.1921875 0.43125 0.0296875 0.021875
1 0.890625 0.565625 0.2140625 0.0953125
2 0.9 0.5890625 0.078125 0.04375
3 0.259375 0.659375 0.0328125 0.1171875
3 0.64375 0.4984375 0.0203125 0.0546875
2 0.2625 0.459375 0.0234375 0.0359375