1 0.8682465277777778 0.48828125 0.07883101851851855 0.08166666666666664
1 0.5621527777777777 0.5520833333333333 0.12920138888888885 0.09749999999999996
2 0.14912615740740742 0.6383854166666667 0.10153935185185184 0.11125000000000007
2 0.6321701388888888 0.573125 0.06665509259259253 0.09177083333333336
2 0.41607638888888887 0.621875 0.10958333333333332 0.11958333333333329
2 0.5154976851851851 0.6090104166666667 0.092349537037037 0.11687499999999992
2 0.7458506944444444 0.5152083333333334 0.042569444444444396 0.06833333333333336
2 0.7983275462962963 0.496875 0.02809027777777793 0.05333333333333332
2 0.6267766203703704 0.4963541666666666 0.03249999999999993 0.04427083333333322
1 0.8586458333333333 0.6116145833333333 0.08563657407407418 0.10083333333333329
1 0.8033333333333333 0.48161458333333335 0.05115740740740726 0.04239583333333332
1 0.47203125 0.53671875 0.12570601851851854 0.08479166666666664