1 0.140625 0.4671875 0.0671875 0.0734375
1 0.196875 0.475 0.046875 0.04375
1 0.94375 0.65 0.1078125 0.121875
2 0.8578125 0.5765625 0.0921875 0.0828125
2 0.340625 0.465625 0.028125 0.04375
3 0.3546875 0.7484375 0.0703125 0.065625
3 0.3890625 0.671875 0.0484375 0.1265625
3 0.3390625 0.6 0.0390625 0.121875
3 0.26875 0.5546875 0.0328125 0.0953125
3 0.2234375 0.5703125 0.0265625 0.078125
3 0.33125 0.6703125 0.0421875 0.078125
3 0.2421875 0.59375 0.0265625 0.084375
3 0.246875 0.5546875 0.0265625 0.0765625
3 0.3828125 0.6140625 0.0546875 0.0734375
3 0.659375 0.496875 0.0203125 0.0515625