1 0.7124710648148148 0.7367303240740741 0.3530671296296296 0.1774652777777778
1 0.79609375 0.5924942129629629 0.1788773148148149 0.10987268518518523
1 0.30350115740740746 0.5459027777777778 0.13813657407407404 0.10554398148148145
2 0.39036458333333335 0.5102372685185185 0.0479166666666667 0.07165509259259259
2 0.631539351851852 0.5743518518518519 0.08611111111111107 0.0915162037037037
1 0.1502314814814815 0.4531770833333333 0.08888888888888888 0.0822337962962962
2 0.48200231481481487 0.5402662037037038 0.06122685185185191 0.09390046296296291
1 0.4702546296296296 0.4969965277777778 0.10532407407407404 0.0624305555555555
2 0.3466435185185185 0.4886516203703704 0.03344907407407405 0.06030092592592595
1 0.2566261574074074 0.46023148148148146 0.06574074074074074 0.04721064814814824
1 0.3484664351851852 0.47465856481481483 0.08778935185185191 0.05254629629629637
2 0.8850983796296296 0.6989236111111111 0.0809606481481481 0.12101851851851855
1 0.228125 0.49138310185185186 0.08547453703703703 0.0743287037037037