1 0.6944097222222222 0.5029513888888889 0.10084490740740737 0.08015046296296298
2 0.5333969907407408 0.5705150462962963 0.09950231481481495 0.11440972222222215
1 0.3344675925925926 0.5271990740740741 0.22490740740740742 0.1268518518518519
2 0.31563078703703706 0.574681712962963 0.11512731481481478 0.11498842592592595
1 0.8430381944444445 0.47873263888888895 0.09351851851851833 0.08923611111111107
2 0.758912037037037 0.5372106481481481 0.03793981481481481 0.0700231481481481
2 0.5930150462962963 0.4583622685185185 0.02751157407407412 0.04936342592592595
2 0.7873842592592593 0.45428240740740744 0.03023148148148156 0.04166666666666678
2 0.7435532407407408 0.4574652777777778 0.02069444444444457 0.03819444444444446
3 0.7094155092592592 0.604542824074074 0.055914351851851764 0.11591435185185191
1 0.7185011574074074 0.4443576388888889 0.04413194444444439 0.0390625
1 0.4065509259259259 0.47540509259259256 0.16795138888888897 0.08107638888888893
1 0.6756249999999999 0.45920138888888895 0.07430555555555554 0.049537037037037025