1 0.7400289351851852 0.6523668981481482 0.3672685185185184 0.22458333333333336
1 0.21820601851851854 0.5577893518518519 0.08803240740740739 0.07252314814814813
1 0.13685763888888888 0.5451099537037037 0.09280092592592593 0.08349537037037039
2 0.7891550925925925 0.5340277777777778 0.11336805555555554 0.11802083333333328
2 0.9791840277777778 0.5365104166666667 0.04163194444444436 0.09408564814814824
1 0.45144097222222224 0.5076215277777777 0.16968750000000005 0.12781249999999994
2 0.4555787037037037 0.5388425925925926 0.06469907407407405 0.08641203703703706
3 0.394380787037037 0.6096122685185186 0.06181712962962962 0.1192013888888889
3 0.27848958333333335 0.6800057870370371 0.05856481481481488 0.10199074074074073
3 0.33435763888888886 0.6280266203703704 0.06652777777777778 0.12236111111111114
3 0.41845486111111113 0.5899016203703704 0.05859953703703695 0.1066782407407409
3 0.35616319444444444 0.6184895833333334 0.04915509259259263 0.0972337962962964
1 0.28401041666666665 0.5815219907407407 0.1351967592592592 0.11193287037037045
1 0.22421875 0.5257118055555556 0.06284722222222223 0.04733796296296298