1 0.8165509259259259 0.5175694444444444 0.08597222222222207 0.06277777777777764
1 0.34278935185185183 0.7114930555555555 0.3485648148148148 0.16069444444444442
1 0.7409375 0.5642708333333333 0.13775462962962964 0.09826388888888893
1 0.47496527777777775 0.5817708333333333 0.22523148148148148 0.12986111111111107
1 0.8866435185185185 0.4847916666666666 0.07091435185185162 0.0733680555555555
1 0.08728009259259259 0.5996875 0.11776620370370372 0.10406250000000003
1 0.6975810185185185 0.4805902777777778 0.06641203703703695 0.04673611111111118
1 0.7901967592592593 0.4607986111111112 0.05523148148148138 0.04180555555555543
2 0.7262731481481481 0.4921527777777778 0.025787037037036952 0.04583333333333321
2 0.7689699074074074 0.4728125 0.019131944444444392 0.03788194444444457
1 0.5604629629629629 0.515 0.1331712962962964 0.07006944444444443
2 0.7072800925925926 0.4870486111111111 0.024143518518518547 0.04423611111111114
2 0.7515393518518518 0.46774305555555556 0.017245370370370237 0.031597222222222145