3 0.3521354166666667 0.5755729166666667 0.04527777777777775 0.10559027777777778
3 0.3315104166666667 0.5469618055555555 0.04805555555555561 0.09784722222222228
3 0.19755208333333335 0.46421875 0.0375 0.07107638888888879
3 0.17112847222222222 0.4605034722222222 0.04076388888888891 0.07427083333333329
3 0.35602430555555553 0.5584548611111111 0.06579861111111107 0.11072916666666668
1 0.2744965277777778 0.4573263888888889 0.10510416666666664 0.08194444444444446
1 0.1384027777777778 0.40503472222222225 0.08336805555555556 0.08458333333333332
1 0.33958333333333335 0.4532986111111111 0.07131944444444445 0.05934027777777793
1 0.18107638888888888 0.3950347222222222 0.04385416666666666 0.038437500000000034
1 0.18130208333333334 0.37236111111111114 0.0322916666666667 0.024131944444444463
1 0.12560763888888887 0.3586111111111111 0.021076388888888874 0.01763888888888889
1 0.8974479166666667 0.7636458333333334 0.08673611111111121 0.12524305555555557
2 0.39229166666666665 0.4990451388888889 0.05923611111111118 0.06843749999999993
2 0.20958333333333332 0.3870659722222222 0.01850694444444443 0.030069444444444392