1 0.3265625 0.53125 0.11875 0.084375
1 0.909375 0.5796875 0.1796875 0.1046875
1 0.1328125 0.4671875 0.078125 0.0671875
1 0.440625 0.5015625 0.1125 0.0703125
2 0.2578125 0.5765625 0.0578125 0.0921875
2 0.7453125 0.5671875 0.0890625 0.0859375
2 0.6984375 0.659375 0.1234375 0.1296875
2 0.1640625 0.5078125 0.0234375 0.059375
1 0.35 0.4640625 0.0875 0.053125
2 0.2265625 0.4671875 0.0203125 0.04375
2 0.19375 0.471875 0.01875 0.0390625
1 0.2421875 0.459375 0.05 0.0421875
1 0.171875 0.45 0.059375 0.046875