1 0.23593171296296295 0.5840914351851852 0.18604166666666666 0.11523148148148152
1 0.850642361111111 0.44394675925925925 0.08245370370370395 0.0824537037037036
1 0.5164988425925927 0.5288599537037036 0.1483564814814816 0.10217592592592588
2 0.4752199074074074 0.6251446759259259 0.1128819444444444 0.1328935185185184
2 0.7037384259259258 0.49646990740740743 0.04476851851851862 0.06939814814814813
2 0.6259548611111111 0.5250115740740741 0.058946759259259095 0.07741898148148145
2 0.7534780092592592 0.46204282407407404 0.035115740740740795 0.05050925925925931
2 0.31787615740740743 0.643912037037037 0.12365740740740741 0.12211805555555558
2 0.13971643518518517 0.7491087962962963 0.16304398148148147 0.14457175925925939
1 0.7781134259259259 0.4342766203703704 0.05528935185185198 0.04143518518518512
2 0.8053067129629629 0.44483796296296296 0.02250000000000014 0.04251157407407398
1 0.5953993055555555 0.4776736111111111 0.10402777777777779 0.06246527777777775