1 0.23159722222222218 0.6426388888888889 0.3744212962962963 0.24020833333333336
1 0.6895543981481482 0.5931655092592593 0.1450810185185185 0.12135416666666679
1 0.841579861111111 0.5584548611111111 0.10017361111111107 0.08978009259259263
1 0.35688657407407404 0.5073726851851852 0.2098958333333334 0.14214120370370367
1 0.7365162037037036 0.5272106481481481 0.08043981481481488 0.0630787037037038
2 0.29736689814814815 0.532806712962963 0.12158564814814818 0.11961805555555553
1 0.6676504629629629 0.5097569444444444 0.08524305555555553 0.06623842592592588
1 0.02092013888888889 0.5896180555555556 0.04184027777777778 0.1488888888888889
2 0.6605324074074075 0.5121527777777778 0.03616898148148149 0.048692129629629655
2 0.6889756944444445 0.5244386574074074 0.03611111111111107 0.04712962962962965
1 0.47459490740740745 0.49244212962962963 0.14091435185185192 0.09320601851851862
1 0.7609085648148148 0.5645196759259259 0.09039351851851851 0.07877314814814813