1 0.5450636574074075 0.50578125 0.10053240740740747 0.07409722222222222
1 0.8617592592592593 0.5518750000000001 0.0740046296296299 0.0781944444444445
2 0.6476736111111111 0.5439930555555555 0.04734953703703706 0.06510416666666678
1 0.7021585648148149 0.5178645833333333 0.08328703703703706 0.06590277777777782
2 0.04717013888888889 0.568142361111111 0.08688657407407407 0.13003472222222215
2 0.7491435185185186 0.5337500000000001 0.03158564814814824 0.04600694444444429
3 0.6517650462962964 0.7799826388888889 0.07734953703703695 0.107951388888889
2 0.7983622685185185 0.53484375 0.026909722222222144 0.04746527777777772
3 0.7826273148148148 0.6251041666666667 0.04442129629629612 0.09159722222222229
3 0.6788773148148148 0.643888888888889 0.05863425925925938 0.11222222222222218
3 0.7458564814814815 0.6172569444444445 0.05076388888888879 0.10423611111111111
3 0.25027777777777777 0.6757638888888889 0.07756944444444444 0.137638888888889
1 0.8091261574074075 0.5116493055555555 0.048680555555555574 0.03388888888888886
3 0.3315509259259259 0.6806944444444445 0.0871180555555556 0.16128472222222215
3 0.34335069444444444 0.4809895833333333 0.03170138888888889 0.06163194444444446
3 0.5884027777777778 0.7676388888888889 0.06795138888888878 0.1046180555555555
2 0.6757060185185185 0.5321180555555556 0.037858796296296404 0.049270833333333285