1 0.32405092592592594 0.7107407407407408 0.3387731481481482 0.15339120370370374
1 0.48246527777777776 0.5225462962962963 0.152824074074074 0.09753472222222222
1 0.6525462962962962 0.5172569444444445 0.10530092592592588 0.07496527777777792
1 0.7473611111111111 0.5545833333333333 0.12759259259259254 0.0893518518518519
1 0.08027777777777778 0.600925925925926 0.12663194444444445 0.10964120370370374
1 0.881076388888889 0.48159722222222223 0.08172453703703723 0.0699305555555556
1 0.7275810185185185 0.4668287037037038 0.05111111111111111 0.03824074074074062
2 0.37687499999999996 0.595949074074074 0.11247685185185183 0.10630787037037023
1 0.7745486111111111 0.47064814814814815 0.052858796296296265 0.044513888888888964
2 0.5520949074074074 0.5532523148148148 0.06500000000000003 0.08530092592592595
3 0.37363425925925925 0.48657407407407405 0.02652777777777775 0.05193287037037031
3 0.6792824074074074 0.6816435185185185 0.0522337962962963 0.12884259259259245
2 0.16998842592592595 0.6241203703703704 0.10415509259259262 0.08900462962962959
3 0.8308564814814815 0.5261458333333333 0.023680555555555573 0.061261574074073975
2 0.03939814814814815 0.6971527777777778 0.04023148148148148 0.09274305555555565
1 0.8084259259259259 0.5070717592592592 0.08149305555555557 0.062118055555555426
1 0.5737268518518519 0.49266203703703704 0.09987268518518526 0.04989583333333343
1 0.8322222222222223 0.4668171296296296 0.033784722222222285 0.03329861111111114