1 0.1421875 0.46875 0.0671875 0.071875
1 0.775 0.609375 0.2078125 0.121875
2 0.628125 0.625 0.0953125 0.115625
2 0.525 0.634375 0.0921875 0.11875
2 0.9796875 0.590625 0.0390625 0.084375
2 0.8328125 0.7140625 0.1484375 0.134375
3 0.371875 0.5640625 0.025 0.0828125
2 0.86875 0.6703125 0.1265625 0.115625
3 0.39375 0.5671875 0.028125 0.0984375
2 0.5421875 0.56875 0.084375 0.0859375
3 0.621875 0.503125 0.0203125 0.059375
3 0.678125 0.5234375 0.0203125 0.0703125
3 0.659375 0.521875 0.015625 0.0640625
3 0.64375 0.515625 0.015625 0.06875
3 0.5671875 0.4890625 0.015625 0.05625
3 0.590625 0.503125 0.0296875 0.0671875
1 0.7890625 0.553125 0.1953125 0.0671875