1 0.6047395833333333 0.5195601851851851 0.15097222222222229 0.09436342592592588
1 0.34022569444444445 0.7162905092592593 0.3494097222222222 0.16756944444444438
1 0.11715277777777777 0.5982175925925926 0.18149305555555553 0.11355324074074069
1 0.7565625 0.5452314814814815 0.1276041666666666 0.09557870370370374
1 0.8842708333333332 0.467488425925926 0.0828125 0.07149305555555543
1 0.7918923611111112 0.4442592592592593 0.05322916666666657 0.038263888888888785
2 0.47465277777777776 0.5613541666666666 0.08541666666666661 0.0949537037037036
2 0.70421875 0.4741898148148148 0.030138888888888892 0.04572916666666664
1 0.08569444444444443 0.7335995370370371 0.09958333333333333 0.13263888888888892
2 0.4599479166666667 0.5291261574074074 0.071736111111111 0.06820601851851844
1 0.8155208333333335 0.5016030092592592 0.084236111111111 0.06839120370370359
1 0.5405902777777778 0.4990914351851852 0.09006944444444435 0.059108796296296263