1 0.8259895833333333 0.5188715277777778 0.08197916666666671 0.08181712962962955
1 0.58375 0.5178587962962963 0.12552083333333322 0.0790162037037037
1 0.32 0.5112152777777779 0.1710416666666667 0.10590277777777786
2 0.46703124999999995 0.5685821759259259 0.0908333333333335 0.09750000000000014
2 0.37635416666666666 0.6155902777777778 0.12114583333333329 0.13052083333333328
2 0.5916145833333333 0.5757581018518518 0.06999999999999992 0.08953703703703705
2 0.7722395833333333 0.5044039351851852 0.026041666666666786 0.03923611111111107
2 0.6821875000000001 0.5303125 0.046666666666666676 0.06750000000000007
2 0.7327083333333333 0.5228703703703703 0.03677083333333329 0.05961805555555557
2 0.016770833333333336 0.6143229166666666 0.03354166666666667 0.12552083333333322
2 0.059531249999999994 0.5139756944444445 0.090625 0.09437499999999996
1 0.7797395833333333 0.4974247685185185 0.0421875 0.0471643518518519