2 0.4958912037037037 0.5635069444444445 0.09444444444444447 0.10513888888888889
1 0.837037037037037 0.41541666666666666 0.07303240740740727 0.075
2 0.6928240740740741 0.47326388888888893 0.043055555555555534 0.06652777777777778
1 0.04199942129629629 0.76265625 0.08399884259259258 0.11770833333333322
2 0.7196469907407407 0.4234895833333333 0.026678240740740832 0.04586805555555564
2 0.7908275462962964 0.3984895833333334 0.021585648148148097 0.03482638888888889
2 0.4252314814814815 0.49013888888888885 0.052141203703703634 0.05892361111111111
2 0.636082175925926 0.4456423611111111 0.03790509259259274 0.05392361111111103
2 0.7578993055555555 0.40234375 0.021412037037037025 0.030138888888888892
3 0.791261574074074 0.4921527777777778 0.03084490740740762 0.07406250000000014
2 0.5116319444444445 0.4968055555555556 0.06192129629629619 0.07006944444444443
1 0.6602430555555555 0.4255902777777777 0.07673611111111107 0.04854166666666657
3 0.8132233796296298 0.4682465277777778 0.02384259259259238 0.053611111111111144
3 0.7970775462962962 0.48265624999999995 0.024305555555555535 0.06611111111111115