1 0.14113425925925926 0.45226851851851857 0.08555555555555557 0.08218749999999986
1 0.38896412037037037 0.4566493055555556 0.07744212962962962 0.06164351851851855
1 0.31109375000000006 0.4761516203703703 0.10896990740740745 0.0813194444444445
1 0.47179976851851857 0.5612731481481481 0.20814814814814825 0.13423611111111117
1 0.19000578703703702 0.42737268518518523 0.024039351851851888 0.041319444444444464
2 0.4604398148148148 0.48032407407407407 0.05701388888888879 0.05322916666666657
2 0.25254050925925925 0.4278645833333333 0.01606481481481481 0.030150462962962976
2 0.2690162037037037 0.43206597222222226 0.017696759259259308 0.03488425925925931
2 0.6184722222222222 0.49049189814814814 0.05087962962962962 0.060856481481481595
1 0.210306712962963 0.4259895833333333 0.03644675925925931 0.03543981481481477
1 0.22902199074074076 0.42309027777777775 0.028611111111111143 0.033645833333333285
3 0.33707175925925925 0.6996990740740741 0.056631944444444395 0.13287037037037025
3 0.31859953703703703 0.7190046296296296 0.051435185185185174 0.0983564814814816