1 0.6953125 0.70625 0.3375 0.15
1 0.6796875 0.58125 0.2078125 0.1109375
1 0.1328125 0.4671875 0.0765625 0.065625
1 0.209375 0.4984375 0.0765625 0.0609375
1 0.4171875 0.484375 0.0921875 0.0546875
2 0.25625 0.5703125 0.059375 0.0953125
2 0.35625 0.4921875 0.0359375 0.059375
3 0.5 0.5734375 0.025 0.1046875
2 0.2953125 0.471875 0.025 0.0515625
1 0.2953125 0.459375 0.05 0.046875
1 0.6671875 0.521875 0.1734375 0.0515625
1 0.2703125 0.5359375 0.1234375 0.0890625
1 0.2453125 0.459375 0.0578125 0.0390625
3 0.5359375 0.5734375 0.0546875 0.103125
3 0.18125 0.5265625 0.0328125 0.0734375
1 0.1828125 0.45625 0.028125 0.028125