1 0.7388888888888889 0.6477430555555556 0.35881944444444436 0.2078819444444445
1 0.2911168981481481 0.558125 0.14372685185185183 0.1109375
1 0.9008969907407408 0.4919097222222222 0.17070601851851847 0.12618055555555543
1 0.5070254629629629 0.47890625 0.12740740740740736 0.08680555555555554
1 0.1464351851851852 0.5066666666666666 0.08820601851851854 0.08038194444444446
1 0.2210821759259259 0.4650173611111111 0.04329861111111111 0.03937500000000007
2 0.6261631944444443 0.4603125 0.05828703703703688 0.07124999999999986
3 0.9569386574074074 0.6377430555555555 0.08612268518518533 0.11055555555555543
3 0.389994212962963 0.6742013888888889 0.0522337962962963 0.13027777777777771
1 0.7560300925925926 0.5398090277777777 0.23642361111111115 0.1322222222222223
1 0.22189814814814818 0.5189583333333333 0.09086805555555558 0.06489583333333329
1 0.34108217592592593 0.5019270833333334 0.1149537037037037 0.08781250000000007
3 0.22129050925925925 0.5776562500000001 0.04468750000000003 0.08625000000000008
1 0.19275462962962964 0.48583333333333334 0.027534722222222197 0.03399305555555561