1 0.2832175925925926 0.7453125 0.37285879629629626 0.21637731481481487
1 0.7562210648148148 0.48315972222222225 0.0945023148148147 0.07673611111111107
1 0.6791666666666666 0.53984375 0.15376157407407404 0.11944444444444446
1 0.8188368055555555 0.4416087962962963 0.07766203703703703 0.08078703703703702
1 0.06608796296296296 0.7491030092592592 0.13217592592592592 0.17146990740740745
1 0.7662905092592592 0.43182870370370374 0.046875 0.043807870370370414
2 0.7184317129629629 0.464525462962963 0.03327546296296298 0.049537037037037025
2 0.011385995370370366 0.6381076388888889 0.02277199074074073 0.0974537037037038
2 0.6337962962962964 0.45434027777777775 0.031134259259259167 0.04166666666666661
2 0.6669270833333334 0.48298611111111106 0.042303240740740836 0.045196759259259166
3 0.5913483796296296 0.6783854166666666 0.07413194444444429 0.13831018518518512
1 0.17410300925925923 0.6425636574074074 0.24971064814814814 0.1526041666666668