1 0.696875 0.7046875 0.3375 0.1515625
1 0.20625 0.4984375 0.0796875 0.0578125
1 0.2734375 0.54375 0.1140625 0.0875
2 0.546875 0.5625 0.0828125 0.0921875
1 0.13125 0.4671875 0.0765625 0.0671875
2 0.4515625 0.534375 0.0515625 0.0828125
1 0.2953125 0.4546875 0.0578125 0.0453125
1 0.8578125 0.5765625 0.203125 0.09375
2 0.390625 0.50625 0.04375 0.0625
2 0.6171875 0.515625 0.0546875 0.0625
1 0.3875 0.4765625 0.0953125 0.0515625
2 0.9796875 0.721875 0.040625 0.115625
2 0.2984375 0.4765625 0.0203125 0.046875
3 0.2359375 0.56875 0.0296875 0.0921875
3 0.284375 0.6703125 0.0421875 0.11875
1 0.7953125 0.625 0.2109375 0.1296875
1 0.18125 0.45625 0.025 0.0296875
1 0.2328125 0.4546875 0.046875 0.034375