2 0.4205729166666667 0.7113541666666666 0.12251157407407405 0.14895833333333322
2 0.5260706018518518 0.5163541666666667 0.08952546296296297 0.10069444444444428
2 0.38460648148148147 0.5452604166666667 0.05625 0.08673611111111121
2 0.41684027777777777 0.49625 0.05549768518518512 0.06642361111111121
2 0.4307291666666667 0.5845486111111111 0.0856481481481481 0.12236111111111114
2 0.340625 0.49027777777777776 0.04103009259259256 0.05486111111111107
3 0.20674189814814814 0.5461458333333333 0.030555555555555537 0.06687499999999993
1 0.7074652777777779 0.6307465277777778 0.37048611111111107 0.23173611111111114
1 0.8010706018518519 0.46201388888888884 0.2101851851851851 0.15753472222222237
1 0.2767650462962963 0.5718923611111111 0.14814814814814808 0.125138888888889
1 0.2783275462962963 0.5086458333333332 0.10590277777777776 0.07958333333333342
1 0.37479745370370365 0.4731597222222222 0.10254629629629627 0.07319444444444442
1 0.1935474537037037 0.5443923611111112 0.0949074074074074 0.07753472222222228
1 0.12239583333333333 0.5280555555555555 0.07957175925925926 0.08465277777777765
1 0.15755208333333331 0.5054340277777778 0.04212962962962963 0.04243055555555557