1 0.3033275462962963 0.6948900462962962 0.3617476851851852 0.2090162037037036
1 0.5105902777777779 0.5434490740740741 0.1711226851851851 0.11491898148148146
1 0.7600983796296297 0.5852372685185185 0.09849537037037041 0.09087962962962966
1 0.18258101851851855 0.5506134259259259 0.18599537037037037 0.13752314814814817
1 0.8807291666666668 0.557962962962963 0.07957175925925952 0.08521990740740737
2 0.6367476851851851 0.5811805555555556 0.07199074074074083 0.0910648148148148
1 0.7592303240740741 0.519693287037037 0.07847222222222214 0.055532407407407544
2 0.03958333333333334 0.5213657407407407 0.04444444444444444 0.10523148148148138
3 0.6709201388888889 0.7038136574074074 0.06128472222222214 0.13885416666666667
1 0.9372974537037037 0.5484201388888889 0.05 0.04469907407407412
1 0.8104456018518519 0.5550983796296297 0.06001157407407405 0.06237268518518526