1 0.594212962962963 0.5255092592592593 0.11516203703703702 0.07770833333333335
1 0.7081018518518519 0.5783796296296296 0.12824074074074082 0.09398148148148149
1 0.21412037037037038 0.7281018518518518 0.3531828703703703 0.14619212962962963
1 0.41875 0.5289351851851852 0.11950231481481488 0.06857638888888892
2 0.09675925925925925 0.5999074074074074 0.09699074074074074 0.09236111111111107
2 0.4672453703703704 0.5721527777777778 0.08015046296296298 0.10084490740740755
2 0.3017939814814815 0.5588773148148147 0.08130787037037042 0.08998842592592596
1 0.8515046296296298 0.5106712962962963 0.0853587962962962 0.07304398148148153
2 0.7388310185185185 0.5095254629629629 0.025057870370370418 0.044965277777777854
1 0.7489583333333334 0.48969907407407404 0.052777777777777854 0.03548611111111111
1 0.7736689814814814 0.5410763888888889 0.08501157407407404 0.06366898148148152