1 0.7086111111111111 0.6630787037037037 0.3558564814814815 0.19483796296296294
1 0.8857870370370371 0.5110185185185185 0.18163194444444458 0.13657407407407404
1 0.19997685185185185 0.5227488425925926 0.08222222222222224 0.06803240740740737
1 0.289525462962963 0.4872974537037037 0.08215277777777778 0.06334490740740736
1 0.6932407407407407 0.5409317129629629 0.24259259259259275 0.13994212962962962
1 0.12530092592592593 0.5030960648148148 0.08555555555555557 0.08218750000000004
2 0.2575868055555556 0.5874189814814815 0.06866898148148151 0.10199074074074073
1 0.2281539351851852 0.4656886574074074 0.04428240740740748 0.037233796296296265
3 0.5878009259259259 0.4893923611111111 0.02429398148148145 0.058506944444444466
2 0.44278935185185186 0.4733854166666667 0.03194444444444446 0.047800925925925955
1 0.26827546296296295 0.5511805555555556 0.13436342592592593 0.10862268518518511
3 0.6042766203703704 0.48421875 0.02748842592592595 0.06328703703703695
1 0.3069675925925926 0.4696006944444445 0.06475694444444446 0.04877314814814824
2 0.2147337962962963 0.47545717592592596 0.02387731481481481 0.030381944444444465
1 0.17086805555555556 0.4845659722222223 0.036493055555555556 0.038564814814814954