1 0.19203125000000001 0.5164641203703704 0.06322916666666663 0.052465277777777784
1 0.11706597222222222 0.5145717592592592 0.07861111111111115 0.08236111111111111
1 0.6013020833333333 0.5600520833333332 0.17857638888888888 0.11819444444444435
1 0.9322916666666667 0.5532291666666667 0.09277777777777771 0.12004629629629626
2 0.34072916666666664 0.6007523148148148 0.06531250000000002 0.09934027777777779
2 0.6720833333333334 0.6384953703703704 0.127986111111111 0.13930555555555557
2 0.2641145833333333 0.5128414351851852 0.03673611111111112 0.05363425925925931
2 0.9421180555555555 0.6839293981481481 0.06131944444444457 0.11489583333333328
1 0.19600694444444441 0.4797800925925927 0.04052083333333334 0.03339120370370381
2 0.23550347222222223 0.4881828703703704 0.023541666666666662 0.037824074074073975
3 0.6073784722222222 0.4936921296296296 0.028298611111111073 0.039456018518518474
3 0.5917534722222222 0.4934606481481481 0.022187500000000072 0.04248842592592581
3 0.2813368055555555 0.6882118055555555 0.06875 0.14155092592592594
3 0.24991319444444446 0.6916550925925926 0.04746527777777772 0.11937499999999997