1 0.6740335648148148 0.5197800925925926 0.15306712962962976 0.10268518518518518
1 0.24570601851851853 0.5556655092592593 0.10449074074074076 0.09295138888888879
1 0.9193402777777777 0.5575636574074074 0.16131944444444457 0.09968749999999993
1 0.13891203703703703 0.5181597222222222 0.09180555555555556 0.0803587962962963
2 0.3622337962962963 0.5120023148148147 0.04141203703703704 0.05342592592592581
3 0.3562905092592593 0.5853877314814815 0.04215277777777775 0.10342592592592599
2 0.2597511574074074 0.5018692129629629 0.02557870370370372 0.039247685185185156
3 0.4365972222222222 0.5750462962962963 0.04371527777777775 0.10343750000000007
2 0.9253298611111112 0.5036747685185186 0.07755787037037046 0.06775462962962955
3 0.41164351851851855 0.5779861111111111 0.034062499999999926 0.08461805555555557
3 0.4055613425925926 0.5365393518518519 0.031921296296296295 0.04554398148148149
1 0.8503067129629629 0.6672048611111111 0.2993865740740741 0.18665509259259264