1 0.26727430555555554 0.69375 0.3484953703703704 0.1703125
1 0.774710648148148 0.5140625 0.08512731481481488 0.0625
2 0.28318865740740745 0.58046875 0.10821759259259256 0.0953125
1 0.8514467592592592 0.48828125 0.08246527777777786 0.075
2 0.5860532407407407 0.52421875 0.06377314814814809 0.0765625
1 0.031221064814814813 0.60625 0.062442129629629625 0.1125
1 0.5285300925925925 0.51640625 0.1043981481481481 0.0765625
2 0.7155960648148147 0.4859375 0.026388888888888927 0.0375
3 0.6568287037037036 0.6171875 0.058854166666666784 0.1125
1 0.02876157407407407 0.69921875 0.05752314814814814 0.1171875
1 0.7989872685185185 0.44921875 0.03512731481481488 0.0203125
1 0.7636863425925926 0.47421875 0.06261574074074083 0.0453125
1 0.7085648148148149 0.54921875 0.12534722222222214 0.09375