1 0.6030208333333333 0.7785011574074074 0.36875 0.23195601851851855
1 0.18312499999999998 0.45321759259259264 0.09354166666666668 0.07246527777777771
1 0.2325520833333333 0.5118344907407407 0.1416666666666666 0.11733796296296291
2 0.4969270833333333 0.6051504629629629 0.10041666666666664 0.10555555555555554
1 0.43578124999999995 0.5105439814814815 0.1354166666666668 0.09362268518518527
2 0.43447916666666664 0.553605324074074 0.07427083333333329 0.08688657407407412
2 0.6038541666666667 0.6601157407407408 0.11989583333333335 0.11760416666666665
1 0.8324479166666666 0.7724884259259259 0.19572916666666665 0.15789351851851857
1 0.11651041666666666 0.4053472222222222 0.09291666666666668 0.08643518518518523
1 0.30796875 0.45120370370370366 0.08239583333333336 0.06869212962962959
2 0.7696354166666667 0.6558217592592592 0.09562499999999989 0.10371527777777771
1 0.1698958333333333 0.40458912037037037 0.03718750000000002 0.04422453703703706
2 0.31255208333333334 0.4883391203703704 0.03822916666666663 0.05984953703703688
3 0.254375 0.6550925925925926 0.0802083333333334 0.12925925925925927
3 0.17161458333333335 0.519988425925926 0.05499999999999998 0.10130787037037034
2 0.6415625 0.6003877314814815 0.07208333333333332 0.07741898148148145