1 0.18776041666666665 0.5711574074074074 0.09097222222222223 0.09406250000000008
1 0.9445601851851851 0.583125 0.11087962962962976 0.17726851851851855
1 0.8385127314814815 0.5358275462962963 0.22424768518518512 0.15018518518518514
2 0.6782407407407407 0.6717824074074075 0.1549768518518519 0.16008101851851855
2 0.8929398148148149 0.6300578703703704 0.17847222222222214 0.1832523148148148
3 0.642332175925926 0.554537037037037 0.058391203703703806 0.0952430555555555
3 0.6647280092592593 0.541863425925926 0.05613425925925917 0.08577546296296301
3 0.6125289351851851 0.5512152777777778 0.051446759259259164 0.08549768518518519
3 0.5644386574074074 0.53203125 0.04785879629629619 0.07906250000000004
3 0.5868344907407408 0.5403587962962962 0.04484953703703702 0.08043981481481488
3 0.6271412037037036 0.4859664351851851 0.028472222222222142 0.0483564814814816
2 0.8104456018518519 0.5979456018518519 0.1506944444444443 0.1442708333333332