1 0.4083333333333333 0.5530555555555556 0.2031944444444445 0.11225694444444442
1 0.1673611111111111 0.6755208333333333 0.3020601851851852 0.18159722222222213
1 0.853298611111111 0.4494791666666666 0.08498842592592588 0.07527777777777764
1 0.7475578703703704 0.43465277777777783 0.046793981481481416 0.051006944444444355
2 0.6375810185185184 0.45739583333333333 0.03254629629629626 0.04444444444444447
2 0.007630208333333334 0.6652430555555556 0.015260416666666669 0.09447916666666671
1 0.7896064814814816 0.4384027777777778 0.045046296296296265 0.04472222222222229
3 0.628287037037037 0.7183680555555556 0.05599537037037052 0.09805555555555542
3 0.6134027777777777 0.6937152777777778 0.06216435185185176 0.14815972222222235
1 0.44313657407407403 0.4851388888888889 0.15984953703703705 0.07225694444444439
2 0.6832175925925925 0.4454513888888888 0.024502314814814952 0.03645833333333322
1 0.7164467592592592 0.4306597222222222 0.03226851851851862 0.035069444444444466