1 0.713744212962963 0.669068287037037 0.34498842592592605 0.1799189814814815
1 0.21709490740740742 0.5069444444444444 0.08329861111111114 0.06869212962962976
1 0.2932060185185185 0.5486689814814815 0.13668981481481488 0.10659722222222215
2 0.5985127314814814 0.5154803240740741 0.06776620370370381 0.08061342592592595
1 0.40458333333333335 0.4984375 0.13496527777777773 0.08466435185185191
2 0.4428182870370371 0.5962673611111111 0.07437499999999986 0.12928240740740726
1 0.14108796296296297 0.47928240740740746 0.06773148148148148 0.07592592592592595
2 0.9147453703703704 0.5858217592592593 0.11173611111111122 0.11192129629629637
2 0.517037037037037 0.4880208333333333 0.053587962962962976 0.06446759259259256
1 0.9769097222222222 0.534982638888889 0.04618055555555571 0.1127893518518519
1 0.19801504629629627 0.46310763888888895 0.05024305555555557 0.034664351851851904
2 0.4073206018518518 0.5514756944444444 0.05539351851851855 0.09733796296296297