1 0.6286111111111111 0.6844791666666666 0.3697453703703705 0.2239583333333334
1 0.18719907407407405 0.44375 0.08785879629629631 0.07281250000000003
1 0.11739004629629628 0.40869791666666666 0.09155092592592595 0.08395833333333336
2 0.7209722222222222 0.5848958333333334 0.11208333333333335 0.11958333333333329
2 0.9100925925925925 0.64625 0.07188657407407391 0.0951041666666665
1 0.4220949074074074 0.46312499999999995 0.17013888888888892 0.128125
2 0.4127025462962964 0.49411458333333336 0.06374999999999993 0.08833333333333329
3 0.3283217592592592 0.5448958333333334 0.05928240740740733 0.12229166666666665
3 0.19421296296296295 0.57875 0.05674768518518518 0.10343750000000007
3 0.2660648148148148 0.5443749999999999 0.06405092592592591 0.12416666666666672
3 0.35853587962962963 0.5327604166666667 0.05699074074074071 0.10812500000000007
3 0.2903240740740741 0.5419791666666667 0.04712962962962965 0.09812499999999993
1 0.23797453703703705 0.48552083333333335 0.1350347222222222 0.11177083333333329
1 0.20502314814814815 0.41531250000000003 0.06320601851851855 0.047812500000000036