1 0.2363773148148148 0.5725694444444445 0.17348379629629634 0.11863425925925916
1 0.45520254629629625 0.5179108796296296 0.19122685185185198 0.12928240740740726
1 0.7628645833333334 0.46608796296296295 0.1338657407407407 0.10636574074074083
1 0.23332175925925927 0.7328703703703703 0.35420138888888897 0.17557870370370363
2 0.6883564814814814 0.44021990740740746 0.049108796296296296 0.06741898148148132
1 0.8969270833333333 0.371412037037037 0.09047453703703709 0.08292824074074083
1 0.814982638888889 0.36571180555555555 0.05571759259259253 0.04768518518518512
1 0.7431597222222222 0.38515625 0.06362268518518518 0.04982638888888893
2 0.11054398148148148 0.6736979166666667 0.12762731481481482 0.13234953703703703
2 0.7471180555555555 0.3989872685185185 0.029062500000000036 0.04415509259259256
1 0.8262615740740742 0.4103877314814815 0.10113425925925909 0.07905092592592596