1 0.8940422453703704 0.7524594907407408 0.21191550925925923 0.18721064814814808
1 0.437980324074074 0.4999131944444445 0.10747685185185177 0.08107638888888893
1 0.2694386574074074 0.43842592592592594 0.07998842592592599 0.06348379629629619
1 0.16934027777777777 0.41623263888888895 0.09700231481481483 0.08807870370370381
2 0.36597222222222225 0.610474537037037 0.11788194444444447 0.12540509259259255
2 0.5040219907407407 0.5118055555555555 0.03752314814814817 0.05567129629629619
1 0.9681105324074075 0.878732638888889 0.06377893518518504 0.11290509259259238
3 0.41296875 0.5766203703703704 0.05932870370370367 0.10862268518518511
2 0.1941261574074074 0.45384837962962965 0.0428587962962963 0.06695601851851851
3 0.6620833333333334 0.5670717592592592 0.02530092592592581 0.059432870370370414
3 0.7018865740740741 0.5824652777777778 0.03311342592592599 0.06001157407407405
3 0.6850636574074074 0.57421875 0.022083333333333323 0.05763888888888893