1 0.6161979166666667 0.7346122685185186 0.3693750000000001 0.19951388888888885
1 0.23078125 0.5128993055555556 0.1382291666666667 0.10565972222222228
1 0.11432291666666665 0.41902199074074076 0.0895833333333333 0.07874999999999996
1 0.18062499999999998 0.45625 0.08552083333333335 0.06466435185185179
2 0.5603645833333333 0.5638020833333333 0.10010416666666658 0.09600694444444446
2 0.6892708333333333 0.5882060185185185 0.09468750000000004 0.08503472222222222
2 0.2284375 0.44253472222222223 0.027812499999999928 0.04237268518518515
1 0.5092187499999999 0.5102719907407407 0.14114583333333322 0.07913194444444435
1 0.21671875 0.40727430555555555 0.03979166666666671 0.034652777777777824
1 0.2997916666666667 0.43915509259259267 0.08260416666666667 0.044340277777777715
2 0.2972916666666666 0.4883796296296296 0.044166666666666646 0.05342592592592599
1 0.17880208333333333 0.41324652777777776 0.04604166666666663 0.03469907407407398
1 0.8715104166666666 0.7857465277777778 0.10760416666666686 0.1382291666666667
3 0.19437500000000002 0.5079398148148149 0.03937499999999998 0.07525462962962966
2 0.47802083333333334 0.5561574074074074 0.09260416666666664 0.10063657407407404
3 0.16119791666666666 0.48971643518518515 0.029166666666666695 0.06268518518518515
2 0.26817708333333334 0.45611689814814815 0.04041666666666668 0.04402777777777782
2 0.30578125 0.44310763888888893 0.035104166666666714 0.03461805555555557