1 0.2669155092592593 0.689670138888889 0.3546527777777778 0.23240740740740726
1 0.7857870370370371 0.6061631944444444 0.08798611111111114 0.0721064814814815
1 0.7160127314814815 0.6338252314814815 0.1351736111111112 0.11776620370370364
2 0.43650462962962966 0.5888888888888889 0.09291666666666672 0.1052662037037038
1 0.5322685185185185 0.5350115740740741 0.13031249999999997 0.09398148148148149
2 0.5155671296296296 0.5736400462962963 0.06936342592592588 0.08790509259259256
2 0.3169328703703703 0.5855034722222222 0.11174768518518512 0.11759259259259255
1 0.07706597222222222 0.5745949074074075 0.15413194444444445 0.1554398148148149
1 0.8663715277777777 0.5964988425925926 0.08809027777777771 0.0861689814814813
1 0.6736805555555556 0.544704861111111 0.07858796296296297 0.06828703703703702
2 0.16824652777777777 0.5025752314814815 0.08821759259259263 0.1033564814814815
1 0.8181018518518519 0.5702546296296296 0.03468750000000007 0.04473379629629619
2 0.6531365740740741 0.5744502314814814 0.034803240740740725 0.06035879629629637
3 0.6354340277777778 0.7482349537037037 0.0712268518518517 0.1286458333333334
3 0.767332175925926 0.6704571759259259 0.04760416666666671 0.10190972222222214
2 0.30729166666666663 0.5152199074074074 0.06773148148148148 0.0784143518518519