1 0.7 0.70625 0.3375 0.1484375
1 0.2625 0.5390625 0.1375 0.0890625
1 0.2203125 0.453125 0.05 0.0453125
1 0.1359375 0.4640625 0.078125 0.0671875
2 0.5203125 0.50625 0.0421875 0.0546875
2 0.31875 0.4625 0.0234375 0.0390625
2 0.3578125 0.4671875 0.028125 0.0421875
2 0.2734375 0.45 0.0171875 0.0328125
1 0.978125 0.64375 0.04375 0.115625
3 0.4578125 0.5375 0.0328125 0.084375
3 0.490625 0.5421875 0.028125 0.084375
1 0.20625 0.4953125 0.0828125 0.05625
2 0.1984375 0.5390625 0.0359375 0.075
2 0.165625 0.509375 0.034375 0.065625
1 0.18125 0.453125 0.0234375 0.034375