1 0.76875 0.6984375 0.3859375 0.1640625
1 0.2171875 0.50625 0.0890625 0.06875
2 0.690625 0.565625 0.090625 0.09375
1 0.878125 0.5890625 0.2171875 0.109375
3 0.271875 0.584375 0.028125 0.096875
1 0.1328125 0.465625 0.08125 0.065625
3 0.3296875 0.5734375 0.0265625 0.096875
2 0.2109375 0.4515625 0.021875 0.040625
3 0.3703125 0.5453125 0.0203125 0.0546875
2 0.609375 0.50625 0.03125 0.059375
1 0.5140625 0.534375 0.1671875 0.1
3 0.65 0.475 0.0171875 0.0390625
3 0.66875 0.475 0.0140625 0.0359375
3 0.6890625 0.48125 0.0265625 0.053125
3 0.38125 0.58125 0.0296875 0.0890625
3 0.3078125 0.5703125 0.0265625 0.0828125
3 0.2515625 0.5796875 0.0140625 0.0859375
1 0.41875 0.4796875 0.096875 0.05