1 0.6572048611111111 0.6989988425925926 0.359375 0.17131944444444436
1 0.24918981481481478 0.5615277777777777 0.1450231481481481 0.10258101851851861
1 0.34076967592592594 0.4965451388888889 0.10931712962962958 0.06327546296296305
1 0.5128761574074074 0.515798611111111 0.1375 0.08534722222222228
2 0.3687210648148148 0.5202025462962963 0.062152777777777855 0.08010416666666664
1 0.91171875 0.5765972222222222 0.10063657407407404 0.11474537037037039
2 0.8194155092592593 0.598582175925926 0.1122106481481481 0.10233796296296305
1 0.0958622685185185 0.4892592592592592 0.08859953703703702 0.07873842592592588
2 0.6116608796296296 0.57515625 0.09479166666666679 0.09908564814814831
2 0.4513020833333333 0.5450462962962963 0.07233796296296298 0.09111111111111114
1 0.24262152777777776 0.4919097222222222 0.09623842592592595 0.05537037037037038
2 0.14895833333333333 0.5428067129629629 0.03657407407407409 0.0721064814814815
2 0.5542534722222221 0.5481539351851852 0.07887731481481489 0.07398148148148138
1 0.17314814814814813 0.51171875 0.08252314814814818 0.059953703703703634
1 0.2089699074074074 0.47133680555555557 0.05567129629629628 0.034768518518518476