1 0.7 0.7046875 0.35 0.1515625
1 0.68125 0.5484375 0.1453125 0.1140625
1 0.26875 0.540625 0.125 0.0890625
1 0.34375 0.465625 0.075 0.0484375
1 0.4390625 0.53125 0.1421875 0.090625
1 0.1328125 0.46875 0.0765625 0.06875
1 0.26875 0.46875 0.0703125 0.0484375
2 0.60625 0.5875 0.0859375 0.0984375
3 0.3421875 0.665625 0.04375 0.1296875
2 0.8515625 0.64375 0.1109375 0.1046875
1 0.1828125 0.4578125 0.025 0.0375
3 0.1890625 0.528125 0.021875 0.065625
3 0.890625 0.71875 0.0578125 0.1234375
1 0.534375 0.5046875 0.1390625 0.06875
2 0.40625 0.4671875 0.0375 0.0375
1 0.20625 0.4953125 0.0734375 0.0609375