1 0.3083506944444444 0.6943576388888889 0.35381944444444446 0.17446759259259254
1 0.7218055555555556 0.5646296296296296 0.13815972222222223 0.10100694444444436
1 0.5620833333333334 0.5126736111111111 0.122013888888889 0.0774537037037037
2 0.09276041666666666 0.6240219907407407 0.11659722222222221 0.11490740740740737
2 0.47395833333333337 0.5542013888888888 0.08982638888888879 0.10533564814814814
2 0.6129513888888889 0.5521064814814814 0.06281250000000008 0.0848263888888889
2 0.33230902777777777 0.5773668981481481 0.10204861111111115 0.09292824074074062
2 0.20355902777777776 0.583443287037037 0.09597222222222221 0.10069444444444446
1 0.31427083333333333 0.5389583333333333 0.1646527777777777 0.09807870370370378
1 0.8788194444444445 0.4947106481481482 0.08454861111111107 0.07873842592592588
1 0.7261805555555556 0.4803009259259259 0.07309027777777785 0.055219907407407474
1 0.8261631944444445 0.4802604166666667 0.030555555555555714 0.039282407407407405
2 0.82296875 0.5474131944444445 0.02979166666666657 0.07520833333333332
1 0.8004340277777777 0.5175636574074074 0.07951388888888893 0.0630787037037038
1 0.6768923611111111 0.5119618055555556 0.11402777777777776 0.06958333333333329