2 0.3783564814814815 0.668900462962963 0.13605324074074066 0.17859953703703707
2 0.5759837962962963 0.5752199074074074 0.10868055555555553 0.1132407407407408
2 0.3837673611111111 0.43859375 0.03287037037037042 0.045370370370370415
2 0.3224826388888889 0.47218171296296296 0.06209490740740744 0.07651620370370367
2 0.30679976851851853 0.45350115740740743 0.0364583333333333 0.05803240740740741
2 0.25622106481481477 0.4296122685185185 0.03460648148148149 0.050138888888889
3 0.2419560185185185 0.6463425925925926 0.07100694444444447 0.14871527777777782
3 0.1890625 0.6217939814814815 0.06134259259259256 0.09831018518518526
3 0.23912037037037037 0.5544791666666666 0.07569444444444447 0.1068518518518518
3 0.33515625 0.4036863425925926 0.013599537037037025 0.030335648148148132
1 0.24675925925925926 0.4956018518518519 0.13182870370370373 0.10664351851851847
1 0.19140625 0.4532465277777778 0.08998842592592596 0.0717245370370371
1 0.12424768518518518 0.4138425925925926 0.08877314814814814 0.08101851851851852
1 0.16898148148148148 0.4060648148148148 0.04201388888888893 0.03960648148148138
1 0.6417824074074073 0.6934490740740741 0.3602430555555555 0.2104976851851852
1 0.5175347222222222 0.5322453703703703 0.18888888888888894 0.13143518518518515
1 0.47980324074074066 0.47728009259259263 0.14207175925925916 0.08846064814814802
1 0.2885706018518518 0.41935763888888894 0.08298611111111107 0.05108796296296294
1 0.24016203703703703 0.40003472222222225 0.04988425925925925 0.04157407407407412
2 0.19864004629629628 0.405306712962963 0.024652777777777767 0.03402777777777786
2 0.22407407407407404 0.41334490740740737 0.024942129629629585 0.04184027777777786