1 0.8114872685185185 0.39525462962962965 0.0859375 0.08555555555555552
1 0.4881076388888889 0.49526620370370367 0.1314814814814813 0.0893518518518519
1 0.7572048611111111 0.3889756944444444 0.05370370370370381 0.05074074074074071
2 0.567505787037037 0.5003530092592593 0.06672453703703703 0.07902777777777778
2 0.09565972222222222 0.7569328703703704 0.18778935185185186 0.15417824074074069
2 0.6397280092592592 0.43337962962962956 0.04120370370370363 0.050555555555555645
1 0.7015914351851852 0.40066550925925926 0.06452546296296298 0.04934027777777779
3 0.619068287037037 0.6489351851851852 0.09728009259259256 0.1543981481481481
2 0.7006655092592593 0.41316550925925927 0.03269675925925934 0.04106481481481481
3 0.7203414351851851 0.527644675925926 0.06192129629629619 0.11953703703703696
3 0.669212962962963 0.5738136574074074 0.0666087962962962 0.11960648148148145
1 0.7788773148148148 0.6137615740740741 0.09600694444444446 0.09506944444444443
3 0.3896701388888889 0.49380787037037044 0.03362268518518521 0.05356481481481481
3 0.2866608796296296 0.554068287037037 0.03888888888888893 0.06144675925925931
3 0.713570601851852 0.5557002314814815 0.06076388888888893 0.10391203703703696
3 0.7063368055555556 0.5477719907407408 0.05844907407407405 0.1148032407407408
3 0.6472800925925926 0.6165046296296296 0.06921296296296298 0.13369212962962962