1 0.7694270833333333 0.6554918981481481 0.3737615740740742 0.21987268518518518
1 0.24306712962962962 0.5577893518518519 0.09739583333333339 0.07100694444444447
1 0.16269097222222223 0.5450983796296296 0.09163194444444445 0.08033564814814813
1 0.9666261574074074 0.5593402777777777 0.06674768518518519 0.1522453703703704
2 0.434230324074074 0.6571932870370369 0.1009606481481482 0.13975694444444428
2 0.29642939814814817 0.5167534722222221 0.0449421296296296 0.05343750000000007
1 0.41983796296296294 0.5002083333333334 0.10833333333333339 0.07108796296296305
3 0.3777199074074074 0.7279513888888889 0.08762731481481482 0.15371527777777771
2 0.4799074074074074 0.5583796296296295 0.07846064814814824 0.09741898148148138
2 0.9563599537037037 0.49769097222222225 0.08728009259259259 0.09769675925925939
1 0.2901099537037037 0.5003877314814815 0.06862268518518518 0.05829861111111114
1 0.9913946759259259 0.47555555555555556 0.017210648148148166 0.06280092592592598
3 0.3502314814814815 0.65 0.048287037037037 0.08782407407407415
1 0.30900462962962966 0.5784027777777778 0.1546759259259259 0.12141203703703703
1 0.4762673611111111 0.5333969907407408 0.1506597222222222 0.10420138888888886
1 0.2066666666666667 0.5189814814814815 0.0361574074074074 0.034629629629629656