1 0.7176215277777778 0.6770833333333334 0.34652777777777766 0.17451388888888886
1 0.34942129629629626 0.4759027777777778 0.09276620370370363 0.061840277777777786
1 0.15072337962962962 0.4565625 0.08709490740740744 0.07718749999999996
1 0.7066261574074074 0.5069791666666668 0.11533564814814809 0.08156250000000007
2 0.5392650462962962 0.5097222222222222 0.06695601851851851 0.08097222222222218
2 0.6368634259259259 0.5249479166666667 0.0859375 0.08805555555555564
1 0.23084490740740743 0.4858680555555555 0.07418981481481488 0.0656944444444445
2 0.7439525462962964 0.5640104166666667 0.11440972222222215 0.09868055555555558
2 0.4296006944444445 0.5067708333333334 0.06087962962962958 0.08538194444444436
2 0.9216435185185186 0.6077604166666667 0.11579861111111107 0.09406250000000008
1 0.9651475694444445 0.6874305555555555 0.06970486111111107 0.12277777777777779
1 0.26223958333333336 0.425 0.03848379629629628 0.02822916666666675
1 0.4135706018518518 0.45427083333333335 0.0453125 0.04413194444444457
1 0.2893518518518518 0.5231770833333333 0.1268518518518519 0.09767361111111121
3 0.24129050925925927 0.5354861111111111 0.03559027777777777 0.07645833333333343
2 0.44982638888888893 0.48239583333333336 0.03657407407407405 0.06090277777777775
2 0.834375 0.5333854166666667 0.08084490740740727 0.07690972222222214
2 0.8581597222222221 0.5628472222222222 0.11105324074074048 0.09229166666666658