1 0.6984375 0.70625 0.3390625 0.15
1 0.20625 0.496875 0.08125 0.05625
1 0.1328125 0.46875 0.075 0.065625
2 0.375 0.646875 0.0703125 0.121875
1 0.4125 0.484375 0.1 0.0546875
1 0.96875 0.6734375 0.0609375 0.11875
2 0.4671875 0.559375 0.06875 0.0984375
3 0.3 0.6921875 0.0609375 0.14375
2 0.28125 0.471875 0.0328125 0.0453125
1 0.26875 0.459375 0.0671875 0.0578125
2 0.3484375 0.4578125 0.0203125 0.040625
1 0.2703125 0.5390625 0.125 0.090625
1 0.184375 0.4546875 0.03125 0.0328125
1 0.4578125 0.525 0.134375 0.071875
3 0.290625 0.603125 0.0421875 0.078125
3 0.2328125 0.6578125 0.04375 0.06875