3 0.425 0.559375 0.040625 0.0984375
3 0.4015625 0.565625 0.0296875 0.096875
3 0.4921875 0.5453125 0.0234375 0.078125
3 0.478125 0.54375 0.025 0.0921875
3 0.44375 0.5546875 0.028125 0.0921875
3 0.2265625 0.6046875 0.0453125 0.1015625
3 0.340625 0.440625 0.0125 0.03125
1 0.26875 0.5390625 0.1203125 0.0921875
1 0.2828125 0.4625 0.0765625 0.05625
1 0.20625 0.5 0.0796875 0.0578125
1 0.1875 0.4609375 0.0375 0.034375
1 0.134375 0.4671875 0.0828125 0.071875
1 0.7203125 0.7046875 0.3875 0.1515625
2 0.95 0.6734375 0.1 0.1296875
2 0.7828125 0.6125 0.1 0.0828125
2 0.7625 0.58125 0.09375 0.0875
2 0.553125 0.615625 0.1375 0.1046875
2 0.3796875 0.496875 0.0328125 0.0578125
2 0.221875 0.4421875 0.0171875 0.03125
1 0.978125 0.6078125 0.04375 0.075