1 0.8833998842592592 0.6879513888888888 0.23320023148148153 0.1995486111111111
1 0.1622453703703704 0.40439236111111115 0.0821412037037037 0.08753472222222207
1 0.45091435185185186 0.4796354166666667 0.13866898148148152 0.10024305555555557
2 0.48645254629629625 0.5432696759259259 0.09400462962962948 0.11943287037037038
1 0.21546296296296297 0.40436921296296297 0.045046296296296265 0.046342592592592526
2 0.35759837962962965 0.4734259259259259 0.05075231481481479 0.08099537037037034
2 0.2881076388888889 0.4525 0.03949074074074073 0.06940972222222222
2 0.781869212962963 0.5821122685185186 0.10604166666666667 0.104548611111111
2 0.6880092592592593 0.5047164351851852 0.07267361111111122 0.08385416666666679
2 0.24678240740740742 0.40486111111111106 0.02624999999999993 0.04366898148148159
3 0.2847164351851852 0.602181712962963 0.061701388888888875 0.1346759259259258
1 0.21839699074074073 0.3713252314814815 0.03359953703703704 0.028506944444444394
1 0.8895717592592594 0.5738831018518519 0.22085648148148138 0.14155092592592594
2 0.9005324074074075 0.5985590277777778 0.08599537037037024 0.059687500000000074
3 0.2558564814814815 0.605457175925926 0.05356481481481481 0.12327546296296302
3 0.6576273148148148 0.48303819444444446 0.029837962962962906 0.05947916666666675
2 0.2843981481481482 0.4065451388888889 0.02928240740740744 0.04072916666666657