2 0.428125 0.7 0.1109375 0.159375
2 0.6109375 0.59375 0.09375 0.096875
2 0.396875 0.471875 0.0265625 0.040625
2 0.340625 0.509375 0.0515625 0.0671875
2 0.321875 0.4921875 0.028125 0.053125
2 0.2671875 0.471875 0.028125 0.0453125
3 0.2875 0.6875 0.0484375 0.140625
3 0.23125 0.6671875 0.046875 0.090625
3 0.2703125 0.596875 0.0609375 0.096875
3 0.3421875 0.440625 0.009375 0.028125
1 0.26875 0.5375 0.11875 0.0859375
1 0.20625 0.5 0.08125 0.0578125
1 0.1328125 0.465625 0.078125 0.0671875
1 0.1765625 0.4546875 0.0375 0.0328125
1 0.6953125 0.70625 0.3375 0.1515625
1 0.5453125 0.5546875 0.1734375 0.1015625
1 0.4984375 0.503125 0.1328125 0.065625
1 0.2984375 0.459375 0.0765625 0.0375
1 0.246875 0.44375 0.0453125 0.034375
2 0.20625 0.4515625 0.0203125 0.03125
2 0.2328125 0.4578125 0.01875 0.0390625