1 0.8730034722222222 0.42336226851851855 0.08003472222222215 0.07869212962962954
2 0.37550347222222225 0.5536516203703703 0.07847222222222223 0.07868055555555564
1 0.10715277777777779 0.7580497685185185 0.11420138888888891 0.14454861111111122
2 0.6988715277777777 0.4793576388888889 0.0438194444444445 0.07217592592592599
2 0.7455381944444445 0.47432291666666665 0.042048611111111175 0.0674768518518519
2 0.12777777777777777 0.6242592592592593 0.0979166666666667 0.09444444444444447
2 0.6351041666666667 0.504056712962963 0.0608680555555555 0.06917824074074072
1 0.59046875 0.46687500000000004 0.08857638888888886 0.06001157407407405
2 0.8076215277777777 0.4293171296296296 0.027361111111111214 0.053310185185185155
3 0.3631597222222222 0.5045081018518518 0.029062500000000036 0.05644675925925924
2 0.7253472222222221 0.42445601851851855 0.023333333333333428 0.03297453703703699
1 0.6441840277777777 0.47976273148148146 0.11704861111111117 0.06803240740740754