1 0.6234375 0.5984375 0.2515625 0.14375
3 0.353125 0.7203125 0.06875 0.1140625
2 0.7984375 0.5484375 0.0703125 0.0796875
1 0.2484375 0.45 0.0484375 0.034375
2 0.18125 0.5171875 0.025 0.0546875
2 0.3046875 0.4703125 0.0203125 0.0390625
3 0.9671875 0.51875 0.01875 0.0515625
2 0.1515625 0.49375 0.025 0.046875
3 0.990625 0.521875 0.0140625 0.05
3 0.25625 0.6296875 0.0265625 0.1015625
3 0.846875 0.5109375 0.0140625 0.05
3 0.2046875 0.6171875 0.0390625 0.10625
3 0.83125 0.490625 0.015625 0.046875
1 0.30625 0.459375 0.0703125 0.0484375
1 0.5890625 0.5140625 0.1546875 0.05625
3 0.4125 0.7328125 0.05625 0.096875