1 0.921875 0.6046875 0.1546875 0.1046875
1 0.3859375 0.5125 0.1515625 0.0875
2 0.7546875 0.54375 0.0671875 0.065625
2 0.296875 0.5140625 0.05 0.06875
3 0.6765625 0.4984375 0.0171875 0.0515625
1 0.1984375 0.44375 0.05625 0.0359375
2 0.175 0.459375 0.0171875 0.0296875
3 0.86875 0.4984375 0.0171875 0.05
3 0.9703125 0.528125 0.0140625 0.0453125
3 0.83125 0.4953125 0.015625 0.053125
3 0.884375 0.5 0.0171875 0.0484375
3 0.1984375 0.6234375 0.0296875 0.1078125
3 0.1765625 0.615625 0.028125 0.10625
1 0.1625 0.446875 0.040625 0.028125
3 0.9921875 0.5203125 0.0125 0.0546875
1 0.38125 0.4671875 0.109375 0.034375