1 0.5760127314814815 0.4531539351851851 0.12562499999999996 0.09363425925925917
1 0.07644675925925926 0.523900462962963 0.1528935185185185 0.16469907407407405
2 0.7265393518518518 0.4763599537037037 0.039409722222222145 0.04976851851851851
1 0.7829398148148148 0.45188078703703705 0.051875000000000074 0.04600694444444446
2 0.7941666666666667 0.5174189814814815 0.04582175925925931 0.0721064814814815
1 0.8203761574074073 0.4576967592592592 0.04719907407407398 0.047222222222222145
3 0.17102430555555553 0.41834490740740743 0.028541666666666642 0.058333333333333216
3 0.6526851851851851 0.4326388888888889 0.02214120370370374 0.03755787037037024
3 0.011828703703703706 0.405931712962963 0.019027777777777775 0.03888888888888893
1 0.065625 0.4551793981481481 0.13125 0.0865162037037038
2 0.8247453703703703 0.5003182870370371 0.03157407407407398 0.04606481481481488