1 0.9453125 0.66875 0.1078125 0.125
2 0.6296875 0.5125 0.0609375 0.065625
1 0.2125 0.471875 0.06875 0.0484375
2 0.2890625 0.4734375 0.028125 0.0453125
2 0.2875 0.5515625 0.05 0.090625
2 0.7140625 0.53125 0.065625 0.0734375
2 0.5078125 0.521875 0.05625 0.0609375
1 0.421875 0.4828125 0.090625 0.05625
2 0.4546875 0.490625 0.0453125 0.05625
3 0.8640625 0.5015625 0.0171875 0.0515625
2 0.15625 0.4890625 0.0203125 0.0515625
3 0.8421875 0.5 0.0140625 0.0484375
3 0.9734375 0.5203125 0.0125 0.0453125
3 0.5953125 0.475 0.01875 0.0375
3 0.6484375 0.49375 0.021875 0.046875
1 0.903125 0.5765625 0.19375 0.0796875