1 0.2370081018518518 0.39296875 0.06435185185185191 0.05
3 0.3506076388888889 0.57421875 0.0765625 0.1265625
3 0.44320023148148147 0.5421875 0.05335648148148149 0.090625
2 0.8721064814814815 0.7953125 0.10815972222222214 0.1359375
3 0.22526041666666669 0.62578125 0.08668981481481489 0.146875
1 0.17199074074074075 0.35546875 0.04195601851851851 0.0359375
3 0.6255208333333333 0.51328125 0.03009259259259256 0.053125
3 0.653443287037037 0.53984375 0.03009259259259256 0.053125
3 0.8483796296296298 0.5921875 0.030092592592592383 0.053125
3 0.553587962962963 0.5359375 0.03362268518518512 0.0640625
3 0.2671875 0.52734375 0.051446759259259255 0.08125
3 0.5203125 0.52734375 0.036805555555555536 0.065625
1 0.13917824074074076 0.334375 0.0322916666666667 0.028125
3 0.417650462962963 0.5359375 0.050289351851851904 0.0921875
3 0.8321759259259259 0.58671875 0.026909722222222144 0.0515625
3 0.0863425925925926 0.621875 0.10405092592592594 0.1515625
3 0.1755497685185185 0.428125 0.04930555555555553 0.065625
3 0.39895833333333336 0.51328125 0.04658564814814818 0.0765625
3 0.9488136574074073 0.64375 0.025231481481481667 0.0484375