1 0.4125 0.5109375 0.121875 0.071875
2 0.4984375 0.6171875 0.10625 0.121875
2 0.51875 0.5125 0.0578125 0.0640625
1 0.2828125 0.5046875 0.09375 0.0671875
2 0.9640625 0.728125 0.0703125 0.103125
1 0.2109375 0.4484375 0.046875 0.0375
2 0.653125 0.5390625 0.0796875 0.0703125
3 0.659375 0.4734375 0.01875 0.0359375
2 0.8703125 0.5578125 0.0921875 0.0703125
1 0.925 0.6359375 0.14375 0.1125
2 0.134375 0.471875 0.025 0.040625
2 0.2375 0.446875 0.0234375 0.0375
3 0.6140625 0.465625 0.0125 0.0375
3 0.8421875 0.50625 0.015625 0.0484375
3 0.99375 0.525 0.0125 0.0421875
1 0.4328125 0.478125 0.1140625 0.053125
2 0.6171875 0.5171875 0.0671875 0.0515625