2 0.9139756944444443 0.6210011574074075 0.13084490740740762 0.11656250000000004
2 0.6744502314814815 0.568431712962963 0.09074074074074083 0.08814814814814813
2 0.34157986111111105 0.48313078703703705 0.0331018518518519 0.05023148148148149
1 0.5432581018518519 0.6291956018518519 0.2934606481481481 0.16306712962962955
1 0.5135706018518518 0.5234780092592592 0.171875 0.08562499999999992
3 0.6546875 0.49013888888888885 0.025636574074074048 0.05954861111111107
2 0.25188078703703703 0.5207581018518519 0.04085648148148149 0.0487268518518519
3 0.6162037037037037 0.4953240740740741 0.025636574074074048 0.05954861111111107
2 0.23179976851851852 0.4721585648148148 0.024768518518518513 0.03611111111111107
3 0.19887152777777778 0.5383391203703705 0.033912037037037025 0.07210648148148131
2 0.5247974537037037 0.5368460648148148 0.07418981481481488 0.06303240740740748
3 0.8242766203703704 0.48983217592592593 0.020601851851851906 0.05013888888888882
3 0.9647280092592592 0.49556134259259255 0.01886574074074048 0.04543981481481474
3 0.633449074074074 0.4938888888888888 0.020833333333333214 0.056388888888889
3 0.9467303240740741 0.49620949074074067 0.017245370370370237 0.04386574074074083
3 0.17592592592592593 0.5459837962962963 0.040625 0.08465277777777783