1 0.687332175925926 0.5486342592592592 0.2661458333333334 0.1484490740740741
2 0.7594328703703704 0.6144965277777777 0.14755787037037038 0.1558680555555556
1 0.23472800925925927 0.49170138888888887 0.0806597222222222 0.06798611111111122
2 0.2637847222222222 0.5010011574074074 0.03686342592592595 0.06356481481481477
3 0.9767303240740741 0.4572106481481481 0.02424768518518512 0.05538194444444446
3 0.8709722222222223 0.4408043981481481 0.022662037037036953 0.05377314814814813
3 0.8897222222222222 0.44024884259259256 0.024224537037036954 0.05381944444444429
3 0.9947743055555556 0.4526562500000001 0.010451388888888857 0.055196759259259306
3 0.6850925925925926 0.4502199074074074 0.017511574074073978 0.02238425925925931
3 0.2072395833333333 0.6410185185185184 0.06120370370370374 0.12519675925925924
1 0.2813368055555555 0.47234375 0.06312499999999996 0.044039351851851906
1 0.6067071759259259 0.4877141203703704 0.1808680555555556 0.08501157407407404