1 0.49052083333333335 0.5976041666666667 0.20986111111111114 0.1310416666666665
1 0.9576359953703705 0.7030902777777778 0.0847280092592591 0.13732638888888893
1 0.8547222222222223 0.6184722222222222 0.22824074074074083 0.11937500000000015
1 0.3503819444444444 0.5024305555555555 0.104837962962963 0.06239583333333343
1 0.21447916666666664 0.4448958333333334 0.04141203703703704 0.02836805555555557
3 0.6882060185185186 0.5283680555555555 0.020324074074074085 0.05395833333333329
2 0.21232638888888888 0.47756944444444444 0.0358564814814815 0.05152777777777775
3 0.7173379629629629 0.5109375 0.02018518518518526 0.049270833333333285
3 0.6359027777777777 0.5010763888888888 0.016967592592592597 0.04600694444444429
3 0.8865972222222223 0.535625 0.019999999999999928 0.043020833333333286
3 0.2091898148148148 0.6350347222222222 0.04409722222222223 0.11899305555555557
3 0.9022685185185185 0.5378819444444444 0.013796296296296261 0.04430555555555564