2 0.39251736111111113 0.5367708333333333 0.06932870370370381 0.06687499999999993
2 0.26037037037037036 0.4769791666666666 0.035960648148148165 0.055312499999999966
1 0.1307002314814815 0.42833333333333334 0.04450231481481479 0.041874999999999926
2 0.12875 0.4744791666666667 0.032928240740740744 0.05666666666666664
2 0.658587962962963 0.5866666666666667 0.06445601851851848 0.06343749999999986
1 0.2434201388888889 0.45859375 0.05884259259259261 0.047499999999999966
2 0.20623842592592592 0.46395833333333336 0.03081018518518519 0.04718750000000007
2 0.2943865740740741 0.4588541666666666 0.027129629629629635 0.03760416666666657
3 0.5682175925925926 0.5233854166666666 0.02271990740740737 0.04197916666666668
3 0.9314178240740741 0.6283854166666666 0.019780092592592523 0.04489583333333336
3 0.9467650462962963 0.6341145833333334 0.019687499999999858 0.043333333333333356
1 0.18185185185185188 0.42546874999999995 0.04082175925925928 0.03229166666666679
3 0.09445601851851852 0.6031770833333333 0.04214120370370371 0.10708333333333328
3 0.10660300925925928 0.5702604166666667 0.03863425925925927 0.07416666666666671