1 0.17526620370370372 0.6142013888888889 0.2998148148148148 0.2502777777777778
1 0.38207175925925924 0.5438888888888889 0.22776620370370368 0.15354166666666663
2 0.7408159722222223 0.5777604166666667 0.06638888888888879 0.07777777777777786
2 0.6240567129629631 0.5507465277777778 0.060138888888888783 0.07749999999999986
2 0.5240798611111112 0.5166840277777778 0.0528356481481481 0.056909722222222216
3 0.3883912037037037 0.45531249999999995 0.030798611111111106 0.05281249999999993
1 0.9684143518518518 0.5777430555555556 0.034189814814814666 0.02802083333333343
2 0.872366898148148 0.6194618055555555 0.04987268518518491 0.05989583333333322
3 0.35844907407407406 0.4641145833333333 0.035648148148148096 0.05614583333333343
3 0.16497685185185187 0.41576388888888893 0.0308796296296296 0.05437499999999993
3 0.1484490740740741 0.4126909722222223 0.0308796296296296 0.05437499999999993
3 0.7969965277777777 0.6691145833333334 0.0577430555555555 0.09142361111111122
3 0.03550347222222222 0.3990972222222222 0.02675925925925926 0.0651041666666666
1 0.7674826388888889 0.5508854166666667 0.07667824074074084 0.06576388888888882