1 0.6035763888888889 0.6431770833333333 0.26359953703703703 0.19708333333333333
1 0.08000578703703705 0.35333333333333333 0.05540509259259259 0.05208333333333339
2 0.2859837962962963 0.4382291666666667 0.03026620370370372 0.04104166666666664
2 0.781707175925926 0.7074479166666666 0.1220254629629629 0.12364583333333332
1 0.23181712962962964 0.3994270833333333 0.0568518518518518 0.04437499999999996
3 0.9299652777777776 0.6766666666666666 0.025671296296296477 0.04697916666666675
3 0.8594039351851851 0.6359895833333333 0.02574074074074062 0.05166666666666657
3 0.8081423611111112 0.6122395833333333 0.02730324074074062 0.05177083333333332
3 0.9688773148148148 0.6894270833333334 0.02105324074074062 0.05135416666666668
3 0.14272569444444444 0.4482291666666667 0.03849537037037036 0.06968750000000004
1 0.6474247685185185 0.5866666666666667 0.18546296296296294 0.08572916666666668
1 0.2807118055555556 0.42458333333333337 0.05999999999999996 0.04614583333333329