1 0.6770196759259258 0.49082175925925925 0.11437500000000007 0.09085648148148148
2 0.1650347222222222 0.499363425925926 0.10013888888888886 0.11336805555555554
2 0.046357060185185185 0.5249710648148148 0.09271412037037037 0.10648148148148148
1 0.4105150462962963 0.52140625 0.242349537037037 0.17473379629629626
2 0.8065104166666668 0.5127314814814815 0.03770833333333314 0.05828703703703706
2 0.7852951388888888 0.4766203703703704 0.03559027777777786 0.04881944444444457
2 0.579050925925926 0.4756076388888889 0.053611111111111144 0.06390046296296284
1 0.0034201388888888905 0.6074363425925926 0.006840277777777781 0.1320023148148149
3 0.011898148148148149 0.4298090277777778 0.022997685185185184 0.046516203703703775
3 0.28593171296296294 0.4166840277777778 0.023912037037037058 0.035671296296296263
2 0.32111689814814814 0.4535243055555555 0.04009259259259253 0.04597222222222221
3 0.003402777777777778 0.4323437500000001 0.006805555555555556 0.0433912037037036
2 0.28414930555555556 0.4993113425925926 0.08312499999999998 0.08900462962962959
2 0.5393865740740741 0.48807870370370365 0.05876157407407412 0.07199074074074083