1 0.5094791666666667 0.5180902777777778 0.15552083333333327 0.0839236111111111
1 0.7195833333333332 0.4618055555555555 0.07312499999999993 0.042708333333333216
2 0.6842708333333334 0.47561342592592587 0.02937499999999993 0.04238425925925924
3 0.6064583333333333 0.6110416666666667 0.04510416666666668 0.11434027777777782
3 0.28875 0.4992592592592592 0.020729166666666642 0.05325231481481474
2 0.7390625 0.49790509259259264 0.03312500000000007 0.0517824074074074
3 0.3182291666666667 0.5026041666666666 0.020729166666666642 0.05325231481481474
3 0.08385416666666666 0.5008680555555556 0.020625000000000004 0.05168981481481474
1 0.8102083333333333 0.43902777777777774 0.03791666666666664 0.02995370370370374
3 0.6756249999999999 0.6053009259259259 0.03895833333333343 0.11585648148148131
3 0.10270833333333333 0.49944444444444447 0.017395833333333322 0.05010416666666675
3 0.33875 0.4996296296296297 0.016145833333333394 0.054780092592592665
3 0.64125 0.6050462962962964 0.041145833333333215 0.12524305555555557
3 0.26156250000000003 0.4849884259259259 0.015625 0.046967592592592665
2 0.7897916666666667 0.5107870370370371 0.054166666666666606 0.06287037037037031
3 0.7455208333333333 0.6120717592592593 0.04885416666666664 0.10031250000000007