1 0.5609375 0.546875 0.178125 0.1015625
1 0.9203125 0.5875 0.159375 0.0828125
2 0.2703125 0.546875 0.04375 0.0859375
1 0.2265625 0.475 0.06875 0.05
2 0.375 0.4796875 0.03125 0.0453125
2 0.4875 0.490625 0.0390625 0.05
1 0.9375 0.6546875 0.1234375 0.121875
3 0.6484375 0.48125 0.015625 0.034375
3 0.665625 0.4703125 0.0125 0.040625
2 0.1359375 0.46875 0.0234375 0.0390625
3 0.8515625 0.5078125 0.015625 0.0484375
3 0.99375 0.521875 0.0125 0.0453125
3 0.7140625 0.484375 0.0171875 0.046875
1 0.278125 0.471875 0.06875 0.0421875
2 0.4453125 0.5 0.0546875 0.0609375