2 0.859375 0.60625 0.0984375 0.096875
2 0.6375 0.621875 0.1265625 0.1234375
2 0.4859375 0.5125 0.0609375 0.06875
1 0.2796875 0.4828125 0.0890625 0.0546875
2 0.771875 0.5484375 0.071875 0.075
3 0.6765625 0.496875 0.0140625 0.05
2 0.284375 0.5171875 0.04375 0.0734375
2 0.1046875 0.4625 0.021875 0.040625
3 0.8671875 0.4984375 0.0171875 0.0484375
3 0.0921875 0.65 0.0390625 0.1203125
3 0.884375 0.4984375 0.0171875 0.0453125
3 0.6484375 0.46875 0.0140625 0.0359375
3 0.99375 0.521875 0.0125 0.05
2 0.546875 0.54375 0.0609375 0.078125
3 0.1609375 0.4984375 0.0171875 0.0515625