1 0.93125 0.60625 0.1375 0.11875
1 0.45 0.528125 0.14375 0.09375
1 0.24375 0.496875 0.0859375 0.0546875
2 0.5921875 0.5484375 0.0671875 0.071875
2 0.15625 0.4921875 0.028125 0.0484375
2 0.7578125 0.59375 0.0890625 0.08125
2 0.33125 0.4625 0.0265625 0.040625
3 0.6453125 0.5078125 0.0171875 0.05625
1 0.2078125 0.4546875 0.0484375 0.0328125
3 0.6828125 0.4984375 0.0203125 0.0515625
2 0.1640625 0.446875 0.0171875 0.03125
3 0.9828125 0.51875 0.0171875 0.0453125
3 0.9640625 0.51875 0.0140625 0.040625
3 0.2328125 0.55 0.03125 0.090625
3 0.84375 0.509375 0.015625 0.0484375
3 0.6296875 0.50625 0.0140625 0.05625
3 0.2015625 0.56875 0.0390625 0.1171875