1 0.9118749999999999 0.5296527777777778 0.10833333333333357 0.12944444444444442
2 0.7138020833333334 0.5563715277777778 0.13635416666666664 0.12913194444444437
3 0.4491145833333333 0.5073784722222222 0.040000000000000036 0.08590277777777774
3 0.6448958333333333 0.4449305555555556 0.026875000000000072 0.052604166666666785
3 0.5811979166666668 0.43062500000000004 0.023541666666666572 0.04934027777777779
3 0.5196875000000001 0.5003472222222223 0.034479166666666575 0.07319444444444442
3 0.6040104166666667 0.4272743055555555 0.025208333333333322 0.05097222222222229
1 0.14140625 0.4727604166666667 0.04447916666666667 0.036250000000000074
3 0.47520833333333334 0.5249131944444445 0.04375 0.09541666666666657
3 0.41921875000000003 0.5351909722222222 0.05270833333333336 0.08958333333333321
1 0.095 0.46781249999999996 0.036250000000000004 0.029652777777777927
2 0.17145833333333332 0.5360763888888889 0.05604166666666668 0.06947916666666672
3 0.8501562500000001 0.4155555555555555 0.026875000000000072 0.052604166666666785
3 0.2616145833333333 0.6442361111111111 0.07322916666666668 0.14034722222222235
2 0.07947916666666667 0.49031250000000004 0.020937499999999987 0.033645833333333285
3 0.8329166666666665 0.4171006944444445 0.023749999999999716 0.052465277777777784
3 0.9572916666666668 0.4209201388888889 0.023333333333333428 0.046215277777777786
3 0.23348958333333333 0.6221180555555555 0.04645833333333336 0.11267361111111107
3 0.49776041666666665 0.5021006944444444 0.03458333333333332 0.07475694444444443
2 0.8159895833333334 0.5424826388888888 0.12958333333333344 0.12104166666666671