1 0.8596064814814814 0.6343287037037038 0.2081018518518519 0.2037962962962963
1 0.7412905092592592 0.5482002314814816 0.20121527777777787 0.1318402777777777
3 0.34942129629629626 0.7459027777777777 0.09415509259259255 0.15741898148148153
1 0.2462384259259259 0.5084143518518518 0.07054398148148149 0.04879629629629641
3 0.27540509259259255 0.6652083333333334 0.056192129629629585 0.10719907407407411
1 0.32948495370370373 0.5174363425925926 0.10856481481481488 0.07878472222222221
3 0.23857060185185186 0.6648668981481481 0.07152777777777777 0.12511574074074083
3 0.9346064814814815 0.4899942129629629 0.02714120370370381 0.05121527777777786
3 0.809375 0.4866377314814815 0.024537037037037024 0.037071759259259277
3 0.2208622685185185 0.7980555555555556 0.09108796296296298 0.09499999999999993
3 0.7901041666666666 0.47152199074074075 0.025462962962962975 0.049571759259259274
3 0.9513599537037036 0.4861574074074074 0.025462962962962975 0.049571759259259274
3 0.13987268518518517 0.5891666666666666 0.04762731481481479 0.07562499999999997
3 0.40234375 0.7408043981481481 0.08825231481481488 0.16178240740740737
2 0.11767939814814814 0.5605671296296297 0.03663194444444447 0.053263888888889
2 0.2114872685185185 0.5222974537037037 0.030787037037037022 0.03739583333333343