1 0.2641145833333333 0.6645138888888888 0.24608796296296295 0.1796990740740741
1 0.5437268518518519 0.5314062500000001 0.15979166666666664 0.1076041666666665
1 0.7604803240740741 0.4619675925925925 0.05719907407407412 0.05167824074074083
2 0.6291319444444444 0.48631365740740745 0.04822916666666668 0.05893518518518519
2 0.583738425925926 0.48519097222222224 0.03976851851851855 0.04597222222222221
3 0.28238425925925925 0.5237557870370371 0.019374999999999965 0.043206018518518616
3 0.12527777777777777 0.5763541666666667 0.026111111111111106 0.05295138888888893
3 0.2976851851851852 0.5309317129629629 0.02373842592592599 0.037233796296296265
3 0.7504513888888888 0.5193634259259259 0.04106481481481481 0.07097222222222221
3 0.23339120370370373 0.546712962962963 0.024305555555555535 0.04817129629629626
3 0.8422395833333333 0.4871875 0.029155092592592524 0.051574074074074085
3 0.2589583333333333 0.5372569444444444 0.02241898148148147 0.0418287037037036
1 0.7325983796296296 0.45561342592592596 0.05523148148148138 0.043773148148148165
1 0.2980960648148148 0.5834606481481481 0.17468750000000002 0.09446759259259263