2 0.421875 0.4765625 0.0328125 0.04375
2 0.3390625 0.4765625 0.0328125 0.040625
2 0.246875 0.4953125 0.0265625 0.0578125
2 0.9671875 0.5953125 0.0640625 0.0671875
2 0.1546875 0.4578125 0.0171875 0.0296875
2 0.178125 0.45625 0.015625 0.0328125
1 0.125 0.4375 0.0296875 0.0265625
1 0.29375 0.45625 0.0609375 0.0375
1 0.2234375 0.44375 0.0421875 0.028125
1 0.171875 0.4265625 0.021875 0.0203125
1 0.1421875 0.4265625 0.0171875 0.015625
1 0.58125 0.5140625 0.1578125 0.08125
1 0.81875 0.6390625 0.296875 0.1421875
3 0.9859375 0.521875 0.0109375 0.0484375
3 0.9734375 0.521875 0.0125 0.0546875
3 0.9328125 0.5140625 0.0125 0.04375
3 0.83125 0.49375 0.0125 0.053125
3 0.709375 0.5125 0.015625 0.0578125
3 0.66875 0.496875 0.0125 0.0578125