1 0.37609375 0.5136631944444444 0.12260416666666671 0.08298611111111107
1 0.6492708333333332 0.5255150462962963 0.19479166666666678 0.11215277777777785
2 0.8615625 0.5489525462962963 0.09968749999999993 0.09045138888888893
1 0.9769791666666666 0.6204629629629629 0.04604166666666672 0.1574537037037036
2 0.22197916666666667 0.4848437499999999 0.025937500000000037 0.03784722222222214
1 0.19390625 0.4735011574074074 0.05062500000000001 0.03353009259259245
3 0.62046875 0.468113425925926 0.019375000000000142 0.033067129629629655
3 0.8811979166666667 0.48056134259259264 0.02531250000000007 0.051886574074073974
3 0.6682812499999999 0.47116319444444443 0.015625 0.02364583333333332
3 0.6828125 0.4666956018518519 0.019270833333333393 0.03150462962962948
1 0.44807291666666665 0.4928761574074074 0.06729166666666657 0.04938657407407412
3 0.21734375000000003 0.5206770833333334 0.030416666666666713 0.058206018518518476