1 0.625 0.53125 0.1390625 0.078125
1 0.303125 0.515625 0.1140625 0.0734375
2 0.7125 0.64375 0.1265625 0.128125
2 0.4625 0.55625 0.078125 0.09375
2 0.58125 0.6046875 0.103125 0.1015625
1 0.7703125 0.596875 0.2015625 0.109375
2 0.9625 0.690625 0.075 0.103125
2 0.809375 0.625 0.084375 0.1078125
3 0.684375 0.48125 0.015625 0.040625
3 0.88125 0.5046875 0.0171875 0.0484375
2 0.2 0.45 0.0234375 0.040625
3 0.7046875 0.4828125 0.0125 0.0390625
3 0.84375 0.5078125 0.01875 0.0546875
3 0.99375 0.5203125 0.0125 0.0546875