1 0.19375578703703705 0.5454166666666667 0.22414351851851855 0.15013888888888882
2 0.3391724537037037 0.5778009259259258 0.13212962962962962 0.12401620370370381
2 0.2115335648148148 0.6348495370370371 0.16430555555555557 0.14056712962962975
2 0.543443287037037 0.5768344907407407 0.10694444444444447 0.12015046296296283
2 0.6666145833333333 0.6023206018518519 0.08101851851851852 0.10378472222222221
2 0.7680092592592592 0.5366956018518518 0.0389930555555555 0.05262731481481477
3 0.35071180555555553 0.48299768518518515 0.025023148148148166 0.05377314814814813
3 0.4061400462962963 0.49711805555555555 0.028611111111111143 0.06167824074074062
3 0.8258391203703704 0.6834664351851851 0.07680555555555557 0.13797453703703705
3 0.37405671296296295 0.48212962962962963 0.02768518518518519 0.0460532407407408
3 0.16315393518518517 0.45014467592592594 0.025023148148148166 0.05377314814814813
2 0.9328877314814814 0.5158449074074074 0.02381944444444457 0.03346064814814813
3 0.38784722222222223 0.4911168981481481 0.028611111111111143 0.06167824074074062
3 0.14592013888888888 0.44885416666666667 0.026400462962962966 0.050694444444444466
3 0.1903125 0.44782986111111106 0.02446759259259257 0.04439814814814831
3 0.8719791666666665 0.5803298611111112 0.038171296296296474 0.06508101851851862
3 0.03539930555555555 0.4525983796296297 0.020243055555555556 0.05207175925925931
3 0.42443287037037036 0.5031192129629629 0.03541666666666661 0.07123842592592596