3 0.67734375 0.7638194444444444 0.0796875 0.06798611111111122
3 0.75703125 0.7638368055555556 0.078125 0.06481481481481488
3 0.328125 0.5144097222222223 0.0125 0.05505787037037031
3 0.340625 0.5139988425925927 0.01875 0.05211805555555564
3 0.365625 0.5108333333333333 0.0265625 0.06484953703703696
3 0.384375 0.5090451388888889 0.0171875 0.05207175925925931
3 0.00859375 0.5393171296296296 0.015625 0.04733796296296298
3 0.5078125 0.4650462962962963 0.015625 0.030150462962962976
3 0.640625 0.4611689814814815 0.0140625 0.034791666666666644
3 0.41015625 0.4918402777777778 0.0234375 0.033506944444444464
3 0.390625 0.47641782407407407 0.015625 0.03327546296296298
3 0.4125 0.4731597222222222 0.0140625 0.028541666666666642
2 0.0796875 0.6531423611111111 0.1140625 0.09869212962962966
1 0.06875 0.7325057870370371 0.125 0.13807870370370381
1 0.16171875 0.5852604166666666 0.15 0.11069444444444443
1 0.2734375 0.6112268518518519 0.2375 0.13672453703703696
1 0.78359375 0.4989988425925926 0.075 0.06315972222222221
1 0.903125 0.43613425925925925 0.015625 0.014525462962962976