1 0.5617534722222223 0.5419965277777778 0.17200231481481473 0.11784722222222221
1 0.8246006944444444 0.6767013888888889 0.22570601851851854 0.15809027777777782
3 0.45523148148148146 0.5739930555555556 0.05621527777777775 0.10434027777777785
2 0.8399884259259259 0.71375 0.12055555555555557 0.12451388888888885
3 0.31442708333333336 0.7169097222222222 0.09329861111111111 0.07704861111111114
2 0.3083738425925926 0.41374999999999995 0.03502314814814813 0.044513888888888783
3 0.8414930555555558 0.6044444444444445 0.025694444444444287 0.04743055555555564
3 0.9624884259259259 0.6532118055555556 0.02571759259259245 0.048993055555555644
3 0.9774131944444445 0.6590104166666666 0.027326388888889143 0.052152777777777715
3 0.4144328703703703 0.5613715277777778 0.05162037037037024 0.1104861111111111
3 0.4016435185185186 0.5415625000000001 0.041874999999999926 0.08527777777777779
2 0.1755960648148148 0.4131423611111112 0.03663194444444447 0.047673611111111215