1 0.84609375 0.6805034722222223 0.246875 0.16146990740740746
1 0.44609375 0.49410879629629634 0.109375 0.06880787037037042
1 0.3140625 0.47105902777777775 0.0984375 0.06083333333333343
3 0.2984375 0.7114525462962963 0.0890625 0.12788194444444442
3 0.15703125 0.6312326388888889 0.046875 0.13663194444444446
2 0.2625 0.471076388888889 0.0359375 0.048969907407407476
3 0.2109375 0.73046875 0.0609375 0.07902777777777778
3 0.959375 0.563431712962963 0.0140625 0.04239583333333332
3 0.12890625 0.6292534722222223 0.040625 0.1287268518518518
3 0.96875 0.5635706018518518 0.015625 0.04241898148148149
3 0.87265625 0.5449594907407407 0.01875 0.04559027777777782
3 0.81953125 0.5347974537037037 0.0171875 0.04400462962962966
3 0.9875 0.5607233796296296 0.01875 0.050277777777777824