1 0.42751736111111105 0.5772916666666666 0.19537037037037042 0.11875
2 0.17326388888888888 0.6286458333333333 0.12384259259259256 0.11864583333333342
2 0.27491319444444445 0.6448437499999999 0.1232060185185185 0.13104166666666667
3 0.2861689814814815 0.5246875 0.022569444444444465 0.05281249999999993
1 0.7716724537037037 0.48875 0.052430555555555536 0.03614583333333332
3 0.34389467592592593 0.4979166666666666 0.01909722222222223 0.04791666666666679
3 0.01903935185185185 0.5272916666666667 0.015625 0.043020833333333286
2 0.7130208333333334 0.5280208333333333 0.03229166666666679 0.05812500000000007
2 0.8171875 0.47843749999999996 0.017476851851851903 0.02604166666666661
3 0.0953125 0.5151041666666666 0.01932870370370372 0.051041666666666784
3 0.33003472222222224 0.50484375 0.016493055555555535 0.033749999999999857
3 0.07795138888888889 0.5163020833333334 0.020775462962962975 0.049583333333333354
3 0.7958043981481481 0.7565104166666666 0.05480324074074083 0.13114583333333343
3 0.1326388888888889 0.5199479166666666 0.017534722222222233 0.047812500000000036
2 0.7283564814814815 0.5541666666666666 0.04571759259259256 0.07145833333333336
3 0.6196469907407407 0.4848958333333334 0.014814814814814881 0.03208333333333328
3 0.60703125 0.48562500000000003 0.011921296296296369 0.03499999999999996