1 0.21232638888888888 0.6279398148148149 0.29513888888888895 0.20743055555555542
2 0.2734722222222222 0.5327835648148149 0.10034722222222223 0.08739583333333342
3 0.3946180555555555 0.5017766203703704 0.03277777777777775 0.06921296296296298
3 0.4158159722222222 0.5067766203703703 0.0328125 0.07077546296296297
3 0.46661458333333333 0.5434548611111112 0.04079861111111107 0.0787037037037038
3 0.5034722222222221 0.5502488425925925 0.03784722222222214 0.08646990740740748
3 0.3684201388888889 0.48264467592592586 0.02798611111111109 0.06445601851851848
3 0.5692534722222222 0.5582523148148149 0.04093750000000007 0.08495370370370363
3 0.13322916666666668 0.44245370370370374 0.021354166666666653 0.04717592592592581
3 0.15289930555555556 0.4489930555555556 0.026111111111111106 0.05037037037037031
3 0.056059027777777784 0.4491203703703704 0.021319444444444446 0.04561342592592599
3 0.018541666666666668 0.44778356481481485 0.018125000000000002 0.042442129629629656
3 0.624236111111111 0.46690972222222216 0.019548611111111214 0.036215277777777645
3 0.5236805555555556 0.5458622685185185 0.03621527777777782 0.0833217592592593
3 0.5158159722222222 0.5082581018518518 0.01923611111111114 0.02215277777777782
3 0.4804861111111111 0.5350694444444445 0.03125 0.07075231481481481
3 0.3573090277777778 0.47467013888888887 0.021388888888888857 0.04873842592592599
3 0.03732638888888888 0.4496238425925926 0.019861111111111107 0.050277777777777644
1 0.13815972222222223 0.52375 0.18847222222222224 0.11681712962962969
3 0.84609375 0.5748495370370371 0.03434027777777793 0.06923611111111114