2 0.6808275462962963 0.5216666666666667 0.05276620370370359 0.08354166666666671
1 0.7296122685185186 0.4374131944444445 0.060000000000000143 0.04482638888888886
1 0.5411168981481481 0.4840972222222222 0.1418287037037036 0.0875
3 0.34770833333333334 0.46298611111111115 0.02103009259259263 0.04934027777777779
2 0.8390856481481481 0.4919618055555556 0.03532407407407412 0.06559027777777775
3 0.3313483796296296 0.46684027777777776 0.02112268518518521 0.05559027777777779
3 0.1396990740740741 0.45894097222222224 0.022638888888888875 0.05253472222222229
3 0.31328703703703703 0.4613888888888889 0.022662037037037043 0.05409722222222228
3 0.7862152777777778 0.5115104166666666 0.030590277777777786 0.06225694444444443
1 0.7613368055555556 0.46805555555555556 0.08215277777777778 0.06454861111111114
3 0.015665509259259257 0.4769618055555556 0.017905092592592597 0.04920138888888879