1 0.5327025462962963 0.565300925925926 0.2009490740740741 0.14333333333333337
2 0.4694502314814815 0.5907465277777778 0.09579861111111114 0.12460648148148153
3 0.6905902777777777 0.49348379629629624 0.025011574074074082 0.05381944444444446
2 0.21980324074074073 0.5162210648148149 0.03273148148148151 0.05092592592592595
1 0.24500578703703707 0.4974537037037036 0.059247685185185264 0.050150462962962904
3 0.8921006944444445 0.4713541666666667 0.02482638888888893 0.04756944444444446
3 0.22973958333333333 0.6671643518518519 0.050023148148148164 0.10763888888888892
3 0.9589236111111111 0.48738425925925927 0.023356481481481596 0.05064814814814813
3 0.9938194444444445 0.48311921296296295 0.012361111111111 0.055335648148148134
3 0.833738425925926 0.4774305555555555 0.019999999999999928 0.042743055555555645
3 0.21229745370370373 0.6580613425925926 0.04207175925925925 0.10271990740740744
1 0.19762731481481483 0.5054166666666667 0.05442129629629631 0.045324074074073906
1 0.48335648148148147 0.5068576388888889 0.1442708333333334 0.07452546296296311