1 0.09534143518518519 0.68203125 0.1738425925925926 0.13535879629629638
1 0.6067939814814816 0.48152777777777783 0.16731481481481475 0.1165162037037037
2 0.24983217592592594 0.5875752314814815 0.07925925925925928 0.07771990740740727
2 0.695306712962963 0.4645949074074074 0.06363425925925928 0.07748842592592595
3 0.3186805555555555 0.527193287037037 0.02734953703703704 0.05351851851851848
1 0.7794155092592592 0.3758680555555555 0.0631712962962963 0.046238425925925954
2 0.8050347222222222 0.3864236111111111 0.022361111111111144 0.03313657407407407
3 0.12907407407407406 0.5667129629629629 0.02734953703703704 0.05351851851851848
3 0.03460648148148148 0.6165393518518518 0.02256944444444444 0.04719907407407398
3 0.16594328703703703 0.5560127314814814 0.025810185185185207 0.05505787037037031
3 0.11416087962962962 0.5716203703703704 0.027326388888888876 0.05195601851851848
3 0.8111863425925925 0.5511400462962962 0.05164351851851876 0.11167824074074062
3 0.8316724537037036 0.5391203703703704 0.05005787037037024 0.11009259259259245
1 0.8154108796296295 0.3714293981481481 0.04584490740740747 0.0366087962962963
3 0.012065972222222223 0.6137499999999999 0.024131944444444445 0.056597222222222146
1 0.6035590277777778 0.43627314814814816 0.11487268518518512 0.05637731481481474