1 0.2555208333333333 0.40309027777777773 0.07197916666666666 0.04996527777777775
1 0.1794791666666667 0.3852777777777778 0.0578125 0.048090277777777676
2 0.20385416666666667 0.4175 0.03604166666666666 0.04916666666666671
3 0.22932291666666665 0.49182291666666667 0.06385416666666668 0.09190972222222235
2 0.14901041666666667 0.42105902777777776 0.053020833333333336 0.06982638888888885
3 0.6388541666666667 0.5154861111111111 0.031874999999999966 0.05687499999999997
3 0.6150520833333333 0.5097743055555556 0.03197916666666671 0.05843750000000014
3 0.8225 0.5574305555555557 0.028541666666666642 0.05368055555555564
3 0.8980208333333334 0.5947569444444445 0.025208333333333145 0.05048611111111114
3 0.9364062499999999 0.6040451388888889 0.025104166666666573 0.04892361111111114
3 0.8371354166666667 0.5602256944444445 0.028333333333333145 0.050555555555555645