1 0.5639988425925926 0.4678530092592593 0.17153935185185176 0.12265046296296304
2 0.3439756944444444 0.5338020833333333 0.08570601851851851 0.09015046296296295
2 0.7343113425925927 0.3538368055555556 0.039849537037036954 0.04725694444444439
1 0.8963194444444443 0.2947916666666667 0.057361111111111286 0.0543981481481481
1 0.8382638888888888 0.30247685185185186 0.04248842592592581 0.03804398148148156
2 0.47869212962962954 0.49019675925925926 0.07913194444444435 0.08357638888888878
3 0.10321180555555556 0.5790104166666666 0.02939814814814814 0.056064814814814845
3 0.13466435185185185 0.5734837962962963 0.029155092592592614 0.05137731481481467
3 0.028408564814814807 0.6241840277777777 0.02422453703703704 0.04644675925925927
3 0.050271990740740735 0.6082465277777778 0.028831018518518527 0.04512731481481484
3 0.16368055555555555 0.554837962962963 0.027511574074074074 0.04973379629629626
3 0.018049768518518517 0.6286168981481481 0.0225 0.04324074074074069
3 0.6217418981481482 0.37603587962962964 0.022094907407407403 0.03542824074074069
3 0.825954861111111 0.38960069444444445 0.040902777777777996 0.06756944444444439
3 0.001099537037037035 0.6292939814814815 0.00219907407407407 0.051134259259259095
1 0.47538194444444437 0.46387731481481487 0.12280092592592595 0.08428240740740733