2 0.34958333333333336 0.5584548611111112 0.10354166666666664 0.10430555555555543
2 0.4497916666666667 0.5660243055555556 0.10343750000000007 0.10274305555555543
1 0.6509375000000001 0.5336805555555555 0.13187500000000013 0.08531250000000004
2 0.6653125 0.5623611111111112 0.06770833333333322 0.08090277777777785
2 0.5333333333333334 0.5222222222222223 0.06062499999999993 0.06812500000000003
2 0.20645833333333333 0.5497569444444445 0.08375000000000003 0.08784722222222215
2 0.7633333333333333 0.5254340277777778 0.03291666666666657 0.04975694444444443
3 0.83265625 0.6772916666666667 0.06479166666666672 0.13062499999999985
2 0.7978645833333333 0.5176215277777778 0.03864583333333336 0.04222222222222225
1 0.8988020833333333 0.5127604166666666 0.045937500000000145 0.03475694444444457
3 0.06276041666666667 0.47404513888888894 0.025520833333333326 0.055659722222222284
3 0.3709895833333333 0.4822916666666666 0.027395833333333286 0.060416666666666785
3 0.19005208333333332 0.47892361111111115 0.02677083333333332 0.05104166666666661
3 0.39979166666666666 0.48201388888888885 0.022083333333333323 0.050833333333333286
3 0.03874999999999999 0.47609375 0.017500000000000005 0.05218749999999996
1 0.66625 0.5063194444444445 0.10010416666666658 0.05274305555555543