2 0.6248437499999999 0.5577719907407408 0.09833333333333343 0.10346064814814823
2 0.7484259259259259 0.5942997685185185 0.1282060185185184 0.11750000000000008
1 0.9021585648148147 0.5980381944444444 0.15775462962962977 0.1096643518518519
1 0.9237500000000001 0.6687384259259259 0.09877314814814823 0.13314814814814824
3 0.6680729166666667 0.48527199074074073 0.021076388888888964 0.05261574074074069
3 0.5463136574074074 0.48377893518518517 0.029050925925925952 0.06395833333333342
3 0.26991319444444445 0.5925694444444445 0.053483796296296314 0.1323611111111111
3 0.1819675925925926 0.4691030092592593 0.036932870370370366 0.06905092592592581
3 0.30735532407407407 0.59453125 0.05353009259259256 0.1354861111111111
3 0.5689236111111111 0.48572916666666666 0.025902777777777785 0.06223379629629626
3 0.8715856481481481 0.501261574074074 0.024155092592592808 0.04965277777777786
3 0.8568229166666667 0.4965624999999999 0.021076388888888787 0.05261574074074069
3 0.6422222222222222 0.4912962962962963 0.024201388888888786 0.052777777777777854
3 0.6170601851851851 0.5035300925925925 0.02751157407407412 0.06543981481481467
3 0.9788773148148149 0.5308275462962962 0.016296296296296475 0.04612268518518512
3 0.2286574074074074 0.5845601851851852 0.045486111111111074 0.11945601851851854
3 0.605480324074074 0.4947627314814815 0.024409722222222284 0.06684027777777786
3 0.5867650462962963 0.4933912037037037 0.02748842592592595 0.06387731481481485
2 0.7882060185185186 0.5438368055555556 0.08240740740740726 0.08233796296296295