1 0.22578125 0.6300173611111111 0.275 0.15454861111111118
1 0.74921875 0.48227430555555556 0.075 0.05322916666666657
2 0.525 0.4921354166666667 0.0453125 0.05569444444444436
2 0.59453125 0.4897743055555555 0.028125 0.04750000000000014
3 0.321875 0.5024652777777778 0.015625 0.040972222222222146
1 0.83046875 0.45048611111111114 0.03125 0.025694444444444464
2 0.82421875 0.47847222222222224 0.021875 0.04111111111111114
3 0.81171875 0.6328819444444445 0.0453125 0.11975694444444436
3 0.03828125 0.5367881944444445 0.01875 0.051979166666666646
3 0.00859375 0.5290972222222223 0.0140625 0.044062500000000074
3 0.1359375 0.5139583333333333 0.015625 0.04565972222222214
3 0.159375 0.5097916666666666 0.0109375 0.04399305555555557
3 0.05625 0.516875 0.015625 0.040972222222222146
1 0.35234375 0.5476736111111111 0.1796875 0.06649305555555554