3 0.990625 0.521875 0.0171875 0.0484375
3 0.965625 0.51875 0.0234375 0.0484375
2 0.684375 0.575 0.090625 0.090625
2 0.8640625 0.5515625 0.0671875 0.0765625
2 0.4015625 0.5125 0.053125 0.0734375
2 0.3328125 0.490625 0.0359375 0.0484375
2 0.2921875 0.4953125 0.0328125 0.059375
2 0.1546875 0.49375 0.0234375 0.05
1 0.3671875 0.484375 0.075 0.0515625
1 0.21875 0.4421875 0.040625 0.0265625
1 0.1703125 0.45625 0.0484375 0.0390625
1 0.16875 0.428125 0.025 0.0125
1 0.1484375 0.425 0.0171875 0.0171875
3 0.5984375 0.4796875 0.015625 0.0359375
3 0.584375 0.4765625 0.015625 0.03125
3 0.1984375 0.6203125 0.0515625 0.1328125