1 0.28874999999999995 0.6844444444444445 0.3333333333333333 0.1971296296296295
2 0.5094097222222222 0.5071469907407408 0.039861111111111215 0.05423611111111111
2 0.6413368055555555 0.5486053240740741 0.0485069444444445 0.0732175925925926
3 0.3073263888888889 0.5128935185185185 0.021319444444444446 0.058368055555555645
2 0.65359375 0.4840393518518519 0.028784722222222215 0.05078703703703695
3 0.7635416666666667 0.527193287037037 0.0359375 0.07128472222222229
3 0.33538194444444447 0.5152893518518519 0.022743055555555537 0.0552893518518518
3 0.13387152777777778 0.5257465277777778 0.021111111111111126 0.05368055555555564
3 0.8041840277777779 0.5456076388888889 0.030173611111111144 0.08203703703703695
3 0.009739583333333333 0.5377141203703704 0.01621527777777778 0.04885416666666664
3 0.8374305555555555 0.5192129629629629 0.027986111111111 0.06792824074074062
2 0.8735069444444445 0.5171527777777778 0.028715277777777715 0.049224537037036956
3 0.3214930555555556 0.5109664351851853 0.018333333333333358 0.061400462962962976
2 0.7233680555555555 0.480630787037037 0.028159722222222072 0.03672453703703695
2 0.7703819444444445 0.47889467592592594 0.02937499999999993 0.028958333333333287
1 0.2612326388888889 0.5819328703703703 0.19722222222222224 0.08386574074074069