3 0.5042187499999999 0.5749074074074074 0.06253472222222226 0.1079629629629629
3 0.8077951388888888 0.5206597222222222 0.07437499999999986 0.12859953703703705
3 0.8575347222222222 0.5074826388888889 0.09152777777777779 0.16343750000000004
3 0.30909722222222225 0.5588425925925925 0.04559027777777773 0.07781249999999992
3 0.3209548611111111 0.5553703703703704 0.035659722222222176 0.06503472222222229
3 0.33340277777777777 0.5386168981481482 0.032465277777777767 0.06337962962962962
3 0.35229166666666667 0.5349363425925926 0.04197916666666668 0.06678240740740744
3 0.007647569444444444 0.6475578703703704 0.015295138888888888 0.05234953703703695
3 0.015928819444444443 0.6260474537037037 0.03185763888888889 0.052442129629629616
2 0.4226388888888889 0.6022916666666667 0.1531944444444445 0.14653935185185177
1 0.06215277777777778 0.7035416666666666 0.12430555555555556 0.11928240740740748
1 0.4806597222222222 0.5256712962962963 0.20958333333333332 0.15133101851851852
1 0.4764236111111111 0.4805439814814815 0.1636111111111111 0.10003472222222207
1 0.6678124999999999 0.3874884259259259 0.08701388888888886 0.061875000000000034
1 0.7710069444444445 0.3477604166666667 0.04861111111111107 0.040451388888888926
1 0.8326041666666667 0.3311111111111111 0.04847222222222207 0.03732638888888893
1 0.8253993055555556 0.30011574074074077 0.021215277777777784 0.020914351851851885
1 0.8204340277777777 0.30650462962962965 0.016458333333333287 0.019212962962962977
1 0.8545833333333335 0.2930092592592593 0.02107638888888914 0.0177893518518518
2 0.7953472222222222 0.36186342592592596 0.03184027777777772 0.04931712962962962
2 0.8220138888888888 0.3587326388888889 0.03149305555555557 0.04150462962962962
2 0.7465104166666666 0.3547280092592593 0.022847222222222286 0.022523148148148132