3 0.6889236111111111 0.6899305555555555 0.06321759259259263 0.1340856481481481
3 0.33705439814814814 0.4892650462962963 0.028043981481481507 0.05196759259259256
3 0.003512731481481482 0.4757523148148149 0.007025462962962964 0.054629629629629764
3 0.36908564814814815 0.4916377314814815 0.01508101851851853 0.03541666666666661
3 0.37552083333333336 0.48585069444444445 0.016828703703703686 0.04178240740740744
3 0.38838541666666665 0.5008969907407408 0.024502314814814775 0.037673611111111074
3 0.4055266203703704 0.503732638888889 0.015173611111111106 0.038541666666666786
1 0.06405092592592593 0.6053240740740741 0.12810185185185186 0.1543981481481481
1 0.799369212962963 0.5297743055555555 0.041736111111111106 0.04050925925925917
1 0.8665335648148147 0.5355324074074075 0.030520833333333285 0.03032407407407405
2 0.6303182870370371 0.5274305555555555 0.02937499999999993 0.04427083333333322
2 0.6708275462962963 0.5343460648148148 0.029328703703703597 0.042708333333333216
2 0.6572743055555555 0.5161168981481481 0.024409722222222284 0.03454861111111107
2 0.6906365740740741 0.526417824074074 0.026064814814814773 0.03778935185185191
2 0.7620023148148147 0.5489293981481481 0.024641203703703596 0.04236111111111107
2 0.738454861111111 0.5244791666666666 0.019722222222222287 0.03420138888888893
2 0.7703009259259259 0.5331018518518519 0.018159722222222285 0.034085648148148094
2 0.7588599537037037 0.5228587962962963 0.016458333333333287 0.02928240740740744
2 0.8234259259259259 0.537037037037037 0.01806712962962962 0.030960648148148095
2 0.8853298611111111 0.5353587962962963 0.01144675925925931 0.01799768518518512
1 0.8369618055555555 0.5294270833333334 0.024131944444444286 0.02517361111111107