1 0.13497685185185188 0.5930613425925926 0.21388888888888888 0.12950231481481483
1 0.4421180555555555 0.4863078703703703 0.13309027777777765 0.07331018518518526
1 0.7682291666666667 0.4129108796296297 0.05671296296296298 0.042303240740740836
2 0.719837962962963 0.46201388888888884 0.04386574074074083 0.06490740740740755
3 0.6991377314814814 0.5917592592592593 0.0531944444444445 0.12465277777777786
3 0.42007523148148157 0.43902777777777774 0.014201388888889 0.03355324074074062
3 0.34912037037037036 0.4761458333333334 0.02150462962962969 0.05423611111111111
3 0.7457060185185185 0.613292824074074 0.054652777777777925 0.15277777777777785
3 0.1443113425925926 0.48593171296296295 0.02109953703703704 0.04642361111111111
3 0.3282407407407407 0.46641203703703704 0.0199421296296296 0.05414351851851844
3 0.1648263888888889 0.4886342592592593 0.02158564814814814 0.055798611111111104
3 0.03302662037037037 0.5160358796296297 0.01460648148148148 0.04136574074074062