2 0.8079398148148147 0.6262037037037038 0.13376157407407413 0.1320601851851851
1 0.5163657407407408 0.5066898148148148 0.15528935185185197 0.08583333333333343
3 0.3358564814814815 0.6120601851851852 0.041423611111111036 0.10901620370370377
3 0.6833796296296296 0.47829861111111105 0.017569444444444395 0.05207175925925931
1 0.2799884259259259 0.45430555555555563 0.07378472222222214 0.04905092592592588
3 0.6504745370370371 0.46677083333333336 0.015960648148148238 0.045775462962962976
3 0.28774305555555557 0.6572453703703705 0.057511574074074014 0.17197916666666657
3 0.8849537037037039 0.4738888888888889 0.01754629629629605 0.04894675925925931
3 0.6661111111111111 0.4678703703703704 0.014398148148148238 0.04572916666666664
3 0.8677546296296296 0.4728356481481482 0.014432870370370665 0.050416666666666644
3 0.15841435185185185 0.49854166666666666 0.02385416666666664 0.056944444444444464
3 0.9956105324074074 0.4955555555555556 0.008778935185185332 0.04568287037037031
3 0.8098958333333333 0.4682986111111111 0.014386574074074333 0.044166666666666646