1 0.7765625 0.6203125 0.271875 0.14375
1 0.25 0.4703125 0.0734375 0.05
2 0.475 0.48125 0.04375 0.0546875
2 0.4046875 0.478125 0.0265625 0.046875
3 0.678125 0.4921875 0.015625 0.040625
1 0.16875 0.4375 0.03125 0.025
2 0.175 0.465625 0.021875 0.040625
3 0.190625 0.6203125 0.04375 0.11875
3 0.9625 0.528125 0.0171875 0.0515625
3 0.9921875 0.5203125 0.0140625 0.04375
3 0.8640625 0.5046875 0.0140625 0.0453125
3 0.840625 0.5 0.0109375 0.04375
3 0.94375 0.5078125 0.015625 0.040625
1 0.6484375 0.5375 0.178125 0.059375