2 0.44045717592592587 0.5219270833333333 0.055173611111111145 0.06437500000000007
1 0.18315972222222224 0.4828125 0.03641203703703706 0.036666666666666715
1 0.26770254629629625 0.5253125 0.09773148148148145 0.0734375
1 0.08536458333333333 0.4786458333333334 0.044317129629629616 0.03874999999999993
1 0.3502951388888889 0.5080729166666667 0.09745370370370372 0.06875
3 0.811880787037037 0.5278645833333333 0.02299768518518519 0.046666666666666676
3 0.8442824074074075 0.5237499999999999 0.034490740740740475 0.056770833333333395
3 0.8901909722222221 0.5299479166666666 0.024652777777777857 0.04833333333333343
3 0.9640393518518519 0.5411458333333334 0.018402777777777858 0.04791666666666679
3 0.7889525462962963 0.5177083333333333 0.0233680555555555 0.05291666666666668
3 0.9135821759259259 0.5322916666666666 0.021898148148148167 0.05437499999999993