1 0.95390625 0.6048206018518518 0.0921875 0.16825231481481495
2 0.56734375 0.6079050925925926 0.1138541666666665 0.12035879629629634
1 0.6090625 0.5333391203703703 0.15072916666666672 0.11320601851851855
2 0.40119791666666665 0.5902777777777778 0.07645833333333343 0.0963541666666666
1 0.3744791666666667 0.5630150462962963 0.14770833333333327 0.11458333333333322
2 0.2240625 0.5595486111111111 0.03770833333333332 0.05203703703703688
2 0.20286458333333335 0.5917534722222222 0.0380208333333333 0.05672453703703706
1 0.1808854166666667 0.5422048611111111 0.05458333333333334 0.0483680555555555
3 0.9833854166666667 0.452025462962963 0.030000000000000072 0.053136574074074086
3 0.9935937499999999 0.45157407407407407 0.01281250000000007 0.04844907407407408
1 0.9181770833333334 0.5254861111111111 0.16364583333333335 0.1456712962962964