2 0.378125 0.5921875 0.078125 0.1109375
2 0.3625 0.55 0.059375 0.071875
2 0.253125 0.4640625 0.0234375 0.0421875
2 0.2296875 0.440625 0.0140625 0.0234375
2 0.1421875 0.465625 0.0109375 0.028125
1 0.1921875 0.4328125 0.03125 0.028125
1 0.15 0.4390625 0.028125 0.021875
1 0.10625 0.4296875 0.0234375 0.0171875
1 0.146875 0.425 0.028125 0.0140625
1 0.13125 0.41875 0.0171875 0.0125
3 0.146875 0.5046875 0.0140625 0.04375
3 0.13125 0.503125 0.0140625 0.040625
3 0.6453125 0.4734375 0.0109375 0.04375
3 0.65 0.471875 0.0140625 0.0484375
3 0.8765625 0.5046875 0.015625 0.0484375
3 0.8390625 0.5046875 0.015625 0.04375
3 0.9921875 0.5203125 0.0140625 0.0484375