1 0.815787037037037 0.5341898148148149 0.21335648148148145 0.13747685185185182
2 0.4021585648148148 0.5397858796296295 0.06159722222222221 0.07587962962962962
2 0.14314814814814816 0.5500173611111111 0.03599537037037037 0.055196759259259306
3 0.6640046296296296 0.4866087962962963 0.03149305555555557 0.06137731481481481
2 0.3426041666666667 0.5185821759259259 0.040729166666666664 0.05682870370370381
1 0.2405844907407407 0.5061284722222222 0.06246527777777775 0.052465277777777784
2 0.5945254629629629 0.562957175925926 0.1094444444444445 0.10938657407407408
3 0.25540509259259264 0.612644675925926 0.049837962962963014 0.10069444444444446
3 0.614554398148148 0.4936921296296296 0.02662037037037024 0.05505787037037031
3 0.6340393518518519 0.4955439814814815 0.02648148148148142 0.05037037037037031
3 0.9493518518518519 0.4580092592592592 0.023356481481481596 0.05032407407407398
3 0.971273148148148 0.4567708333333334 0.024872685185184908 0.048784722222222146
3 0.9298668981481482 0.45615740740740734 0.02160879629629626 0.04405092592592581
3 0.8266261574074074 0.4585358796296296 0.02156249999999993 0.04248842592592581
1 0.17603587962962963 0.5215856481481481 0.05920138888888889 0.04773148148148145
3 0.20997685185185183 0.6158796296296296 0.047083333333333324 0.11314814814814814