1 0.7503125 0.6550347222222223 0.2837152777777778 0.1936805555555555
2 0.7128645833333334 0.5489930555555556 0.09395833333333332 0.08378472222222229
3 0.6024652777777778 0.49458333333333326 0.0280555555555555 0.06836805555555543
3 0.5805902777777778 0.4955555555555556 0.0265625 0.0714236111111111
3 0.5238020833333333 0.5222743055555557 0.034513888888889 0.07802083333333343
3 0.48635416666666664 0.5215972222222222 0.03156250000000007 0.08569444444444443
3 0.6324131944444444 0.48154513888888884 0.023298611111111 0.06503472222222229
3 0.4216840277777777 0.5166666666666666 0.034652777777777644 0.08427083333333343
3 0.8687673611111112 0.4874305555555555 0.01822916666666643 0.047638888888888786
3 0.8484201388888888 0.4898958333333333 0.021423611111111285 0.05090277777777778
3 0.9416319444444443 0.5099479166666667 0.018194444444444714 0.046076388888888785
3 0.9781944444444445 0.5153472222222222 0.014965277777777786 0.04125000000000014
3 0.3888020833333333 0.4158854166666666 0.017986111111111126 0.036701388888888783
3 0.46859375 0.5130208333333334 0.02993055555555557 0.08249999999999993
3 0.4842013888888889 0.47798611111111117 0.017673611111111143 0.022638888888888785
3 0.51234375 0.5110763888888888 0.025 0.07135416666666679
3 0.6450347222222221 0.4755208333333333 0.016666666666666784 0.04756944444444446
3 0.9595138888888888 0.5130555555555556 0.015138888888888858 0.04906249999999997
1 0.8459375 0.5664930555555555 0.1834722222222222 0.10805555555555557
3 0.15013888888888888 0.47878472222222224 0.029618055555555543 0.06843749999999993