1 0.5352719907407407 0.5246759259259259 0.13894675925925934 0.08527777777777779
3 0.6949363425925925 0.5372106481481481 0.023611111111111072 0.04752314814814831
3 0.3470486111111111 0.6260127314814815 0.054629629629629674 0.12648148148148142
3 0.6360243055555556 0.5058101851851852 0.01851851851851851 0.03644675925925931
1 0.26012731481481477 0.4283391203703705 0.04982638888888893 0.03893518518518526
3 0.6712962962962964 0.5099768518518518 0.018865740740740832 0.04582175925925931
2 0.17705439814814813 0.41885416666666664 0.024768518518518513 0.03663194444444447
3 0.900462962962963 0.565931712962963 0.023784722222222145 0.05221064814814813
3 0.8613715277777778 0.5639930555555556 0.025810185185185474 0.06475694444444446
3 0.8839409722222221 0.5623206018518518 0.022222222222222143 0.052164351851851976
3 0.29814814814814816 0.6120775462962962 0.03761574074074074 0.13065972222222227
3 0.323119212962963 0.612037037037037 0.04675925925925926 0.12468749999999992