1 0.49089699074074067 0.50703125 0.16159722222222223 0.103125
1 0.688582175925926 0.596875 0.19250000000000006 0.1265625
2 0.36157407407407405 0.5 0.07304398148148153 0.0828125
2 0.27891782407407406 0.43671875 0.05324074074074074 0.0625
1 0.3119328703703704 0.4328125 0.08769675925925924 0.0640625
3 0.5966087962962963 0.50234375 0.027268518518518546 0.04375
3 0.6352777777777778 0.525 0.02751157407407412 0.0484375
2 0.22590277777777779 0.41953125 0.03688657407407412 0.0484375
3 0.6547685185185186 0.52578125 0.02751157407407412 0.0484375
3 0.8391087962962963 0.58671875 0.02751157407407412 0.0484375
3 0.9428472222222222 0.63515625 0.024224537037036954 0.0453125