1 0.6546875 0.575 0.2203125 0.1328125
1 0.2375 0.5203125 0.084375 0.0703125
1 0.1703125 0.4625 0.040625 0.03125
1 0.184375 0.44375 0.0453125 0.025
1 0.121875 0.4265625 0.0203125 0.01875
3 0.61875 0.4796875 0.01875 0.0453125
3 0.7078125 0.484375 0.015625 0.0375
3 0.5984375 0.478125 0.0203125 0.0328125
3 0.584375 0.478125 0.009375 0.03125
3 0.925 0.515625 0.015625 0.0421875
3 0.9421875 0.5109375 0.021875 0.046875
1 0.096875 0.4265625 0.0203125 0.01875
2 0.259375 0.46875 0.0234375 0.0359375
2 0.2203125 0.4765625 0.021875 0.028125
2 0.165625 0.471875 0.0171875 0.0359375
2 0.1984375 0.4609375 0.01875 0.034375
2 0.225 0.4515625 0.0171875 0.025
2 0.290625 0.446875 0.0234375 0.03125
2 0.26875 0.4515625 0.01875 0.0328125
3 0.1578125 0.515625 0.0265625 0.071875
2 0.240625 0.44375 0.0109375 0.025