1 0.6855555555555555 0.6914814814814815 0.24281249999999996 0.18291666666666656
1 0.41944444444444445 0.5216030092592592 0.15694444444444447 0.11072916666666668
1 0.2104166666666667 0.42316550925925933 0.055763888888888856 0.05167824074074083
2 0.3385416666666667 0.46596064814814814 0.04812499999999993 0.05902777777777786
2 0.3838020833333333 0.47098958333333335 0.03847222222222228 0.04597222222222221
3 0.6793229166666667 0.5495196759259259 0.019687500000000035 0.04329861111111111
3 0.8310069444444445 0.6234375 0.026145833333333358 0.053043981481481414
3 0.6635590277777779 0.5548437500000001 0.024236111111111215 0.03732638888888893
3 0.21536458333333336 0.48212962962962963 0.04059027777777775 0.07106481481481489
3 0.726388888888889 0.57890625 0.022916666666666786 0.04817129629629626
3 0.1271701388888889 0.4377893518518519 0.02923611111111111 0.05166666666666657
3 0.7016319444444444 0.5664872685185185 0.022777777777777786 0.04192129629629626
3 0.9667881944444445 0.6737268518518519 0.02305555555555543 0.05442129629629626
1 0.23862847222222222 0.42092592592592587 0.054062500000000034 0.04533564814814817
1 0.6592881944444444 0.6062210648148147 0.17225694444444456 0.09759259259259263