1 0.9618229166666665 0.5063020833333333 0.07635416666666686 0.16017361111111122
2 0.27489583333333334 0.5439236111111111 0.03802083333333339 0.055451388888888786
1 0.19 0.5145138888888889 0.05093750000000004 0.038576388888888855
3 0.9728645833333334 0.39227430555555554 0.024687499999999928 0.04267361111111114
3 0.9978125 0.3805381944444444 0.004374999999999929 0.045798611111111144
3 0.38875000000000004 0.4678472222222222 0.029166666666666608 0.03965277777777772
3 0.92546875 0.38550347222222225 0.026354166666666855 0.04427083333333339
3 0.35760416666666667 0.4818402777777778 0.024479166666666607 0.039548611111111145
3 0.9876041666666666 0.3825173611111111 0.024791666666666858 0.052118055555555556
3 0.25666666666666665 0.786875 0.08958333333333339 0.15020833333333314
3 0.2265625 0.8047569444444445 0.08677083333333328 0.13142361111111106