1 0.9117476851851851 0.5547743055555555 0.17650462962962976 0.19762731481481488
1 0.7980902777777777 0.47758101851851853 0.19490740740740745 0.12550925925925932
3 0.42201967592592593 0.7005960648148148 0.08373842592592595 0.15561342592592595
1 0.3015914351851852 0.47123263888888883 0.06875 0.045671296296296404
3 0.34175347222222224 0.6257002314814815 0.04918981481481479 0.10703703703703696
1 0.3846932870370371 0.47475115740740736 0.1057291666666667 0.07565972222222221
3 0.3058449074074074 0.6283449074074074 0.06383101851851851 0.12339120370370367
3 0.985648148148148 0.4060185185185185 0.023726851851851905 0.051134259259259275
3 0.8605902777777779 0.4109375 0.021643518518518333 0.03699074074074069
3 0.29748263888888893 0.7618460648148148 0.08611111111111107 0.09335648148148153
3 0.8405092592592591 0.3971064814814815 0.022106481481481664 0.04949074074074069
3 0.9958188657407409 0.4012210648148148 0.008362268518518335 0.04949074074074069
3 0.20075231481481484 0.5594328703703704 0.04328703703703703 0.07398148148148138
3 0.47494212962962956 0.6923726851851851 0.07771990740740727 0.16153935185185198
2 0.17705439814814813 0.5324826388888889 0.03315972222222223 0.053182870370370415
2 0.26776620370370374 0.48785879629629625 0.029456018518518513 0.03739583333333343