1 0.9171875 0.5984375 0.165625 0.10625
1 0.3421875 0.46875 0.0765625 0.0515625
2 0.2390625 0.4828125 0.0265625 0.04375
3 0.678125 0.496875 0.0171875 0.05
3 0.3390625 0.634375 0.0453125 0.11875
2 0.19375 0.45625 0.0203125 0.0359375
3 0.6515625 0.478125 0.0125 0.0359375
3 0.6296875 0.475 0.0140625 0.034375
1 0.2015625 0.440625 0.028125 0.0234375
3 0.865625 0.4984375 0.0140625 0.0484375
2 0.1421875 0.453125 0.0171875 0.03125
3 0.6125 0.471875 0.0125 0.046875
3 0.8828125 0.5 0.0171875 0.0484375
3 0.69375 0.484375 0.015625 0.0515625
3 0.99375 0.5234375 0.0109375 0.046875
3 0.29375 0.621875 0.040625 0.1203125
3 0.334375 0.578125 0.0421875 0.0484375