1 0.312650462962963 0.5194444444444445 0.1326620370370371 0.10309027777777775
2 0.8964930555555556 0.4488773148148148 0.08249999999999993 0.08918981481481474
2 0.16435185185185186 0.5376157407407407 0.030428240740740707 0.05175925925925924
1 0.199375 0.4737673611111111 0.055173611111111145 0.03605324074074083
2 0.43914930555555554 0.4548668981481482 0.03040509259259263 0.05019675925925924
3 0.8314583333333335 0.3870486111111111 0.020983796296296476 0.046516203703703775
3 0.9905902777777778 0.38376157407407413 0.0188194444444445 0.051296296296296263
3 0.9659606481481482 0.38767939814814817 0.022569444444444288 0.04817129629629635
3 0.17451388888888889 0.6957465277777779 0.056493055555555526 0.12511574074074083
3 0.14177083333333335 0.7023784722222223 0.05327546296296295 0.1186805555555555
1 0.3604050925925926 0.47048032407407414 0.09616898148148145 0.06346064814814803
1 0.23225694444444445 0.4765104166666667 0.05057870370370372 0.042025462962962834
3 0.2290972222222222 0.5799131944444444 0.04192129629629626 0.08990740740740737