1 0.08194444444444444 0.6029687499999999 0.1638888888888889 0.11432870370370374
1 0.6535821759259259 0.4461574074074074 0.07851851851851847 0.05543981481481488
2 0.7573958333333334 0.4555787037037037 0.026886574074073976 0.04453703703703695
3 0.31817129629629626 0.490462962962963 0.01912037037037031 0.050555555555555645
3 0.6586053240740741 0.6115972222222222 0.04775462962962962 0.12013888888888893
2 0.8021296296296295 0.42691550925925925 0.020578703703703738 0.036539351851851795
3 0.34487847222222223 0.4701446759259259 0.012766203703703738 0.03630787037037031
3 0.3659953703703704 0.46639467592592593 0.014317129629629655 0.034791666666666644
1 0.7944328703703704 0.41152199074074075 0.028298611111111073 0.024270833333333287
3 0.13063657407407409 0.5007060185185186 0.015983796296296315 0.04890046296296298
2 0.8537210648148147 0.4214814814814815 0.017418981481481667 0.031759259259259306
3 0.38320601851851854 0.4627604166666667 0.014409722222222232 0.04729166666666664
3 0.11343171296296295 0.5035590277777778 0.019108796296296315 0.048993055555555644
3 0.30263888888888885 0.478425925925926 0.017569444444444395 0.05207175925925931
3 0.004756944444444444 0.5318229166666667 0.009513888888888888 0.04724537037037031
3 0.7040162037037037 0.5969733796296296 0.0430787037037037 0.12156249999999993
3 0.6629282407407407 0.5552314814814815 0.0441087962962964 0.04973379629629626