1 0.8603414351851851 0.5492766203703704 0.2793171296296297 0.22170138888888893
2 0.5560590277777777 0.5187268518518519 0.07778935185185176 0.07452546296296295
1 0.22008680555555554 0.5395081018518518 0.07851851851851847 0.06048611111111111
1 0.4207349537037037 0.5534085648148148 0.1631018518518518 0.11793981481481489
2 0.7118460648148148 0.5132291666666667 0.10427083333333335 0.09989583333333343
2 0.2552488425925926 0.5532986111111111 0.0374305555555555 0.05207175925925931
3 0.9819733796296296 0.4087326388888889 0.0311805555555555 0.051979166666666646
3 0.9922685185185184 0.41213541666666664 0.015462962962963189 0.05200231481481481
3 0.7466493055555555 0.4419328703703703 0.026030092592592525 0.04409722222222214
2 0.594212962962963 0.5434895833333334 0.10343750000000007 0.08583333333333343
3 0.6060069444444445 0.5054166666666667 0.0436805555555555 0.052164351851851976
2 0.6538831018518518 0.48348958333333336 0.06482638888888878 0.06652777777777778
1 0.3491666666666667 0.5180034722222222 0.08458333333333332 0.0574537037037036
1 0.26658564814814817 0.5206828703703704 0.06353009259259261 0.044652777777777784
1 0.4567013888888889 0.5149131944444445 0.11722222222222226 0.08135416666666657