1 0.6765625 0.640625 0.2546875 0.15
2 0.9625 0.6875 0.0734375 0.1109375
3 0.3359375 0.565625 0.0328125 0.0875
2 0.659375 0.5484375 0.078125 0.0609375
3 0.88125 0.5 0.015625 0.0484375
3 0.85 0.503125 0.015625 0.0484375
3 0.55625 0.5265625 0.021875 0.06875
3 0.6546875 0.5 0.0171875 0.05
3 0.625 0.4984375 0.0171875 0.0484375
3 0.159375 0.509375 0.0265625 0.0703125
3 0.584375 0.53125 0.0203125 0.06875
3 0.671875 0.4875 0.015625 0.0515625
3 0.99375 0.525 0.0125 0.046875
3 0.603125 0.4859375 0.015625 0.0484375
3 0.715625 0.496875 0.015625 0.05
1 0.8515625 0.575 0.16875 0.0875
3 0.5453125 0.5171875 0.0140625 0.0734375
3 0.6390625 0.5046875 0.0171875 0.05625
2 0.14375 0.46875 0.028125 0.0453125