2 0.4234375 0.515625 0.0609375 0.0578125
2 0.284375 0.4765625 0.028125 0.0515625
1 0.15 0.4484375 0.0390625 0.0359375
2 0.1546875 0.49375 0.025 0.053125
2 0.69375 0.5234375 0.05625 0.0546875
1 0.265625 0.4609375 0.053125 0.0390625
2 0.2296875 0.471875 0.025 0.04375
2 0.315625 0.453125 0.021875 0.034375
3 0.5953125 0.475 0.0171875 0.0390625
3 0.96875 0.5234375 0.0140625 0.0421875
3 0.984375 0.5265625 0.0140625 0.040625
1 0.2 0.4375 0.0375 0.0265625
3 0.1390625 0.6265625 0.0265625 0.103125
3 0.146875 0.5921875 0.028125 0.0703125