2 0.3671875 0.5125 0.05 0.06875
1 0.58125 0.5171875 0.134375 0.0703125
2 0.559375 0.5640625 0.0828125 0.09375
1 0.26875 0.45625 0.0671875 0.040625
2 0.1875 0.478125 0.0265625 0.04375
3 0.340625 0.6296875 0.0609375 0.1125
3 0.88125 0.5 0.0171875 0.0484375
2 0.1671875 0.446875 0.0234375 0.034375
3 0.6828125 0.4984375 0.0203125 0.0546875
2 0.2328125 0.4609375 0.0296875 0.0390625
3 0.865625 0.4984375 0.0140625 0.0515625
3 0.9625 0.5328125 0.0140625 0.046875
3 0.609375 0.4671875 0.01875 0.03125
3 0.828125 0.50625 0.015625 0.0578125
3 0.9296875 0.5171875 0.01875 0.0484375
3 0.99375 0.525 0.0125 0.046875
3 0.2921875 0.6203125 0.04375 0.11875
3 0.3265625 0.5796875 0.0421875 0.0484375