1 0.38125 0.5375 0.171875 0.0921875
2 0.65 0.5890625 0.0890625 0.096875
2 0.9109375 0.640625 0.1015625 0.11875
2 0.8109375 0.603125 0.0984375 0.0890625
1 0.925 0.59375 0.1484375 0.1046875
3 0.66875 0.49375 0.0171875 0.0546875
2 0.1546875 0.49375 0.028125 0.05625
1 0.0609375 0.4359375 0.0453125 0.0359375
2 0.3171875 0.45625 0.0296875 0.04375
2 0.2484375 0.4984375 0.034375 0.0671875
1 0.2390625 0.446875 0.059375 0.034375
2 0.39375 0.703125 0.1015625 0.1515625
3 0.965625 0.5203125 0.0125 0.0359375
3 0.984375 0.515625 0.0140625 0.046875
3 0.84375 0.5 0.015625 0.046875
1 0.4640625 0.5140625 0.115625 0.075