2 0.578125 0.55625 0.0859375 0.0890625
2 0.3546875 0.4921875 0.0390625 0.05625
2 0.9578125 0.64375 0.08125 0.1140625
1 0.3078125 0.4796875 0.09375 0.0609375
2 0.4671875 0.5140625 0.053125 0.05625
3 0.6171875 0.4703125 0.0140625 0.0421875
3 0.6765625 0.4984375 0.0171875 0.0515625
1 0.1796875 0.4578125 0.0515625 0.040625
2 0.1296875 0.45 0.0265625 0.0328125
3 0.5953125 0.471875 0.0171875 0.0453125
2 0.1859375 0.50625 0.03125 0.065625
2 0.271875 0.4859375 0.03125 0.0515625
3 0.86875 0.50625 0.015625 0.0484375
3 0.884375 0.5 0.015625 0.0453125