2 0.536255787037037 0.6049826388888888 0.12571759259259263 0.13701388888888885
2 0.6322453703703703 0.5298611111111111 0.07773148148148153 0.0844444444444445
2 0.7872858796296296 0.4498090277777778 0.032199074074074116 0.049097222222222216
2 0.8366377314814816 0.4384201388888888 0.034918981481481384 0.04135416666666671
2 0.3152662037037037 0.5719791666666667 0.0896643518518518 0.07378472222222214
2 0.28000578703703705 0.5992881944444445 0.09171296296296294 0.08319444444444457
1 0.5756539351851852 0.4919270833333334 0.12271990740740737 0.07920138888888886
1 0.7023611111111111 0.46743055555555557 0.06320601851851855 0.04510416666666668
1 0.8678703703703704 0.40868055555555555 0.03631944444444457 0.038263888888888965
1 0.830005787037037 0.40081597222222226 0.030821759259259097 0.022534722222222213
2 0.8341145833333332 0.4048090277777778 0.015034722222222286 0.019062500000000072
3 0.3868113425925926 0.5220659722222222 0.031203703703703668 0.05999999999999996
3 0.3729513888888889 0.5256597222222222 0.02791666666666668 0.056805555555555644
3 0.3559259259259259 0.5284027777777778 0.027835648148148096 0.05524305555555564
3 0.05278356481481482 0.5965798611111112 0.027997685185185195 0.058368055555555645
3 0.06742476851851852 0.5930034722222223 0.02134259259259259 0.050416666666666644
3 0.15605324074074073 0.5715625 0.02562500000000001 0.042708333333333216
3 0.4279050925925926 0.5019097222222222 0.022337962962962976 0.03951388888888889