1 0.7525000000000001 0.5789583333333334 0.29612268518518514 0.1761111111111111
1 0.21899305555555557 0.49319444444444444 0.0815509259259259 0.05896990740740744
2 0.4447800925925926 0.4765798611111111 0.05351851851851848 0.060115740740740796
2 0.3741898148148148 0.48230902777777784 0.034212962962963014 0.05046296296296297
3 0.6485069444444445 0.46341435185185187 0.022812499999999857 0.04248842592592581
1 0.13605324074074074 0.47022569444444445 0.03604166666666666 0.02863425925925931
2 0.14380787037037038 0.49743055555555554 0.02906249999999999 0.042581018518518476
3 0.1660300925925926 0.6493113425925926 0.06356481481481477 0.12427083333333329
3 0.934855324074074 0.4654166666666667 0.025023148148148166 0.053449074074073975
3 0.9628935185185185 0.4532928240740741 0.02143518518518519 0.045590277777777646
3 0.8348611111111112 0.4536284722222222 0.021527777777777857 0.04715277777777764
3 0.8115625 0.45163194444444443 0.01831018518518519 0.04554398148148149
3 0.9148263888888888 0.44776041666666666 0.022812499999999857 0.042488425925925985
1 0.620636574074074 0.5122222222222221 0.18744212962962958 0.08083333333333335