1 0.4136284722222222 0.5768113425925926 0.26416666666666655 0.1857175925925926
1 0.484375 0.4771875 0.11739583333333332 0.07837962962962948
1 0.6484722222222222 0.4364351851851852 0.11923611111111114 0.08467592592592581
1 0.7716493055555554 0.3859722222222222 0.07302083333333335 0.0630208333333333
1 0.7308333333333333 0.3739178240740741 0.04079861111111107 0.04021990740740744
1 0.8203298611111111 0.3790682870370371 0.05541666666666671 0.053136574074074086
2 0.23135416666666667 0.6930034722222222 0.16624999999999995 0.15940972222222224
2 0.06446180555555556 0.6737615740740741 0.11614583333333332 0.12047453703703699
2 0.3090104166666666 0.5432407407407407 0.07017361111111117 0.0691782407407409
2 0.8018923611111111 0.4077025462962963 0.041770833333333354 0.06209490740740744
2 0.8341493055555557 0.38412037037037033 0.032986111111111424 0.039988425925925955
2 0.5305381944444444 0.47425925925925927 0.054479166666666676 0.06715277777777776
3 0.29194444444444445 0.5234606481481482 0.032048611111111035 0.05400462962962962
3 0.00345486111111111 0.6055555555555555 0.00690972222222222 0.04743055555555564
3 0.13770833333333332 0.5529976851851852 0.027222222222222214 0.050740740740740795
3 0.5483159722222222 0.6360185185185185 0.08090277777777785 0.1350347222222222
3 0.7979513888888888 0.6192592592592592 0.08940972222222214 0.1508912037037037
3 0.8459027777777777 0.5936516203703703 0.065347222222222 0.13613425925925923
3 0.37296874999999996 0.4734664351851852 0.01736111111111107 0.03952546296296298
3 0.3610069444444445 0.47928240740740746 0.022326388888888892 0.04591435185185198
3 0.38348958333333333 0.48251736111111115 0.02020833333333334 0.033368055555555644