1 0.6360532407407408 0.5089583333333334 0.11329861111111103 0.08215277777777778
1 0.4813483796296296 0.48663194444444446 0.13039351851851855 0.07940972222222217
1 0.7913136574074074 0.5125347222222223 0.06090277777777775 0.052881944444444426
2 0.7758622685185185 0.5597222222222222 0.04422453703703706 0.06968750000000004
2 0.05015914351851852 0.48934027777777783 0.10031828703703705 0.10871527777777779
3 0.3008912037037037 0.4375520833333333 0.03126157407407408 0.05378472222222221
2 0.7200636574074074 0.4930381944444445 0.037233796296296265 0.04454861111111121
1 0.8605729166666667 0.4938194444444445 0.03677083333333329 0.028923611111111212
3 0.1420486111111111 0.42312500000000003 0.028090277777777794 0.052152777777777715
3 0.2348553240740741 0.42652777777777773 0.026388888888888927 0.04743055555555564
3 0.2828125 0.41531250000000003 0.019814814814814775 0.036354166666666646
3 0.005966435185185186 0.41142361111111114 0.011932870370370371 0.04732638888888889
1 0.43857638888888884 0.5336458333333333 0.1912962962962963 0.13229166666666678