2 0.8380208333333334 0.5884375000000001 0.07864583333333322 0.08193287037037038
2 0.630625 0.6072685185185185 0.11520833333333336 0.11652777777777779
1 0.9565104166666668 0.7297800925925926 0.08697916666666643 0.1581249999999999
1 0.5919791666666667 0.5414236111111111 0.14208333333333342 0.07587962962962962
2 0.25427083333333333 0.47408564814814813 0.027708333333333356 0.04192129629629626
2 0.49406250000000007 0.49741898148148156 0.035833333333333425 0.047013888888889
2 0.22052083333333333 0.45832175925925933 0.02666666666666666 0.026296296296296262
3 0.997734375 0.5690625 0.004531250000000142 0.04924768518518512
3 0.7782291666666666 0.5323958333333334 0.022187500000000072 0.05253472222222229
2 0.169375 0.508611111111111 0.027083333333333303 0.05590277777777786
2 0.18927083333333333 0.5034143518518519 0.021875 0.047847222222222284