1 0.7523958333333333 0.5907291666666666 0.2742708333333333 0.17072916666666665
1 0.38645833333333335 0.4564583333333333 0.1416666666666667 0.09499999999999993
1 0.1775 0.3708333333333333 0.042708333333333307 0.033958333333333354
1 0.30661458333333336 0.40578125 0.07843750000000008 0.05656250000000007
3 0.27458333333333335 0.57125 0.06895833333333332 0.12437499999999986
3 0.6405729166666667 0.48307291666666663 0.028229166666666573 0.050104166666666575
2 0.15463541666666666 0.3871354166666667 0.027604166666666697 0.040729166666666664
3 0.8380208333333332 0.5080208333333334 0.028229166666666573 0.050104166666666575
3 0.7797916666666667 0.49479166666666663 0.02833333333333332 0.05166666666666657
3 0.8195833333333333 0.5045833333333334 0.026770833333333143 0.0515625
3 0.22901041666666666 0.5781770833333333 0.061979166666666696 0.13635416666666664
3 0.94234375 0.5415104166666667 0.0234375 0.04822916666666668
3 0.72546875 0.48130208333333335 0.030104166666666644 0.054895833333333324