1 0.5498726851851853 0.4986689814814815 0.15927083333333342 0.10428240740740743
1 0.7602777777777778 0.45491898148148147 0.0757407407407408 0.052777777777777854
2 0.7244907407407408 0.46640625 0.031921296296296295 0.04646990740740744
3 0.644357638888889 0.5975694444444445 0.05017361111111107 0.1189814814814815
3 0.3305208333333333 0.46614583333333337 0.022685185185185208 0.05549768518518512
2 0.7788020833333333 0.4917534722222222 0.03518518518518512 0.05596064814814809
3 0.35951967592592593 0.4713252314814815 0.02268518518518512 0.05549768518518512
3 0.12634837962962964 0.45572916666666663 0.022662037037037043 0.05393518518518512
1 0.8514756944444445 0.4374710648148149 0.039548611111111145 0.03425925925925917
3 0.713119212962963 0.5958043981481481 0.045509259259259235 0.12037037037037024
3 0.14509837962962963 0.45503472222222224 0.019513888888888876 0.05225694444444447
3 0.37982060185185185 0.4697916666666667 0.019583333333333286 0.056944444444444464
3 0.6786979166666667 0.5939525462962963 0.04721064814814824 0.12980324074074084
3 0.3037152777777778 0.4507233796296296 0.017905092592592632 0.04907407407407405
3 0.017135416666666663 0.47071759259259255 0.021076388888888888 0.05231481481481488
2 0.8290682870370369 0.5078703703703704 0.05724537037037045 0.06927083333333321
3 0.7828587962962963 0.6072916666666666 0.05465277777777775 0.10509259259259274