1 0.75 0.590625 0.2296875 0.1140625
2 0.3515625 0.571875 0.0703125 0.096875
1 0.33125 0.484375 0.090625 0.059375
2 0.4921875 0.50625 0.04375 0.0546875
2 0.61875 0.528125 0.071875 0.0625
1 0.184375 0.4421875 0.040625 0.0328125
1 0.25 0.4875 0.08125 0.05625
2 0.2 0.453125 0.01875 0.034375
3 0.68125 0.48125 0.0140625 0.03125
2 0.3984375 0.484375 0.0390625 0.046875
3 0.8453125 0.509375 0.0171875 0.053125
3 0.740625 0.4875 0.0109375 0.0453125
3 0.6359375 0.46875 0.0171875 0.04375
3 0.99375 0.521875 0.0125 0.0515625
3 0.69375 0.48125 0.0125 0.028125
2 0.4625 0.4859375 0.0359375 0.040625