1 0.9238512731481482 0.7454398148148149 0.15229745370370368 0.13967592592592587
1 0.4140451388888889 0.5074710648148149 0.17900462962962962 0.129224537037037
3 0.7055208333333333 0.5763252314814815 0.03127314814814817 0.05458333333333343
2 0.4371759259259259 0.5429398148148149 0.10363425925925931 0.11908564814814823
1 0.22989583333333333 0.38343171296296297 0.062430555555555586 0.054641203703703754
2 0.9416087962962962 0.8324826388888888 0.11678240740740761 0.14028935185185176
2 0.29267939814814814 0.40460069444444446 0.028784722222222215 0.038877314814814844
3 0.8684548611111111 0.6315046296296296 0.033206018518518475 0.06091435185185183
3 0.8893229166666666 0.6419328703703704 0.03127314814814817 0.05458333333333343
3 0.8483217592592591 0.6203356481481481 0.031273148148147814 0.05458333333333343
3 0.9960677083333334 0.6907754629629629 0.007864583333333286 0.044965277777777854
3 0.9654398148148147 0.6778125 0.029432870370370522 0.049814814814814846
3 0.9072916666666668 0.6428645833333333 0.026030092592592525 0.044965277777777854
3 0.15620949074074075 0.5462847222222222 0.07569444444444447 0.12075231481481481
3 0.12817129629629628 0.5331481481481481 0.05776620370370371 0.1073611111111111
1 0.47125578703703697 0.5003124999999999 0.0943287037037038 0.06719907407407408
2 0.3299537037037037 0.41587962962962965 0.038252314814814795 0.04092592592592581