1 0.884375 0.665625 0.228125 0.165625
1 0.4671875 0.503125 0.1390625 0.0734375
3 0.6765625 0.496875 0.0140625 0.053125
2 0.39375 0.684375 0.0796875 0.1671875
3 0.359375 0.5875 0.0515625 0.0859375
2 0.50625 0.521875 0.0953125 0.06875
1 0.1359375 0.4359375 0.0375 0.0296875
3 0.653125 0.49375 0.0203125 0.0546875
2 0.165625 0.44375 0.01875 0.034375
2 0.26875 0.4671875 0.0234375 0.034375
3 0.86875 0.503125 0.01875 0.059375
2 0.175 0.49375 0.0265625 0.05625
3 0.6984375 0.49375 0.0171875 0.05625
3 0.8890625 0.50625 0.0140625 0.0453125
3 0.99375 0.521875 0.0125 0.0546875