1 0.8810185185185185 0.5342708333333334 0.237962962962963 0.1995601851851852
1 0.46304976851851853 0.4736574074074074 0.11851851851851851 0.0849768518518518
1 0.32980324074074074 0.49094907407407407 0.1057291666666667 0.07642361111111118
3 0.37766203703703705 0.7261342592592592 0.10810185185185191 0.140486111111111
3 0.22057291666666665 0.6915972222222222 0.06921296296296298 0.1428587962962963
2 0.2802662037037037 0.506412037037037 0.04253472222222223 0.05396990740740755
3 0.29866898148148147 0.7707465277777777 0.0734375 0.0885416666666666
3 0.9750578703703703 0.38772569444444444 0.021932870370370238 0.04495370370370377
3 0.19340277777777778 0.6979050925925926 0.061111111111111116 0.13458333333333333
3 0.98359375 0.3856539351851852 0.02349537037037024 0.045046296296296265
3 0.886892361111111 0.39608217592592593 0.02517361111111107 0.048263888888888926
3 0.8331018518518519 0.4024016203703704 0.025115740740740477 0.04670138888888893
3 0.9942997685185185 0.37677662037037035 0.011400462962962977 0.05295138888888893