3 0.5981076388888888 0.73328125 0.09171296296296294 0.15291666666666667
3 0.6643865740740742 0.7205208333333333 0.07601851851851862 0.14250000000000007
3 0.34380787037037036 0.5578125 0.028587962962962975 0.06437500000000007
3 0.03278935185185185 0.6315625 0.025428240740740737 0.05947916666666657
3 0.16210069444444444 0.5894270833333334 0.03167824074074073 0.05989583333333322
3 0.3709548611111111 0.5330729166666667 0.030104166666666644 0.058229166666666644
3 0.4076215277777778 0.5284895833333334 0.020578703703703738 0.03729166666666668
3 0.29460648148148144 0.556875 0.02537037037037031 0.05166666666666657
3 0.29233796296296294 0.5668749999999999 0.019074074074074066 0.04499999999999993
3 0.35452546296296295 0.5288541666666667 0.0174884259259259 0.041770833333333354
3 0.38571180555555556 0.52234375 0.023761574074074067 0.0453125
3 0.35463541666666665 0.5436979166666667 0.025358796296296317 0.050104166666666575
2 0.7423437500000001 0.4922395833333333 0.04268518518518505 0.06999999999999992
1 0.2475752314814815 0.6380729166666667 0.1758796296296296 0.1304166666666667
1 0.4799305555555556 0.591875 0.19475694444444436 0.14885416666666665
1 0.6189004629629629 0.6940625 0.3298148148148147 0.25
1 0.6190856481481481 0.5082291666666666 0.1302893518518518 0.08989583333333329
1 0.7639120370370371 0.4522916666666667 0.07861111111111115 0.07083333333333322
1 0.7808275462962964 0.4167187500000001 0.028298611111111073 0.02531250000000007
1 0.8143692129629629 0.41192708333333333 0.02673611111111107 0.025208333333333322
1 0.8306828703703705 0.4005208333333333 0.020474537037036812 0.02322916666666668