1 0.321875 0.5669907407407407 0.2302083333333334 0.14229166666666657
1 0.7421006944444445 0.5240451388888889 0.09021990740740744 0.0740856481481483
1 0.8129050925925926 0.4680671296296296 0.04340277777777786 0.03312500000000007
1 0.8003472222222221 0.44863425925925926 0.04785879629629619 0.026909722222222144
1 0.8641782407407408 0.4333217592592593 0.021006944444444287 0.018900462962962904
3 0.36440972222222223 0.4729513888888889 0.021990740740740745 0.045462962962962906
3 0.2752893518518518 0.47517361111111106 0.018576388888888927 0.03762731481481474
3 0.3847511574074074 0.472019675925926 0.02309027777777777 0.03297453703703716
3 0.3988136574074074 0.4719155092592592 0.012094907407407351 0.031331018518518404
3 0.05645254629629629 0.5002256944444444 0.01875 0.042314814814814736
3 0.03946759259259259 0.4948842592592593 0.025173611111111105 0.04704861111111107
1 0.8891493055555557 0.4339178240740741 0.021006944444444287 0.018900462962962904
2 0.7237268518518519 0.47185185185185186 0.026388888888888927 0.037685185185185155
2 0.7624421296296295 0.4809375 0.024479166666666784 0.028298611111111073
2 0.8172453703703703 0.4774074074074074 0.020081018518518335 0.036076388888889
2 0.7856481481481481 0.46592592592592597 0.021585648148148097 0.034525462962962904
2 0.7594907407407407 0.45518518518518525 0.01967592592592595 0.025138888888889
2 0.6941261574074075 0.4486400462962963 0.026215277777777858 0.03299768518518516
2 0.7157986111111111 0.4539467592592592 0.021527777777777857 0.0329629629629629
3 0.821875 0.5211111111111111 0.03240740740740726 0.07365740740740741
2 0.7441550925925926 0.44748842592592586 0.013425925925925952 0.025092592592592666