1 0.8390625 0.571875 0.19375 0.1015625
2 0.5375 0.5515625 0.1359375 0.1046875
1 0.184375 0.465625 0.053125 0.040625
2 0.70625 0.571875 0.0765625 0.0828125
3 0.64375 0.4875 0.0171875 0.05
2 0.371875 0.5046875 0.0453125 0.071875
2 0.234375 0.4921875 0.025 0.0578125
3 0.66875 0.4921875 0.0203125 0.0515625
2 0.3296875 0.5171875 0.0453125 0.0609375
1 0.3046875 0.4625 0.0625 0.0390625
3 0.88125 0.4984375 0.0171875 0.04375
3 0.8453125 0.4921875 0.015625 0.0484375
3 0.61875 0.4734375 0.0140625 0.046875
3 0.825 0.490625 0.0140625 0.05
1 0.53125 0.5296875 0.1734375 0.0859375
2 0.2828125 0.5015625 0.03125 0.0546875
1 0.3390625 0.4859375 0.0859375 0.0453125
3 0.1609375 0.5171875 0.0203125 0.0546875