1 0.8316203703703703 0.5974999999999999 0.27863425925925933 0.19659722222222237
1 0.466255787037037 0.5191493055555556 0.13907407407407407 0.093611111111111
1 0.3149074074074074 0.5048611111111111 0.07956018518518518 0.059513888888889
2 0.4319502314814815 0.74546875 0.11098379629629633 0.1538541666666667
1 0.9918402777777778 0.5491145833333333 0.016319444444444286 0.11809027777777778
2 0.22355902777777778 0.5340451388888889 0.031874999999999966 0.04284722222222222
1 0.21733217592592596 0.5042534722222223 0.045370370370370415 0.032222222222222284
2 0.20880208333333333 0.5805381944444445 0.06722222222222225 0.062361111111111
3 0.9989612268518518 0.4406944444444444 0.0020775462962962623 0.044201388888888894
1 0.26098958333333333 0.5184895833333333 0.06336805555555554 0.04822916666666668
1 0.8520543981481481 0.49494791666666665 0.20114583333333336 0.11684027777777786