1 0.5893344907407407 0.5518518518518519 0.16446759259259275 0.0953819444444445
1 0.8743865740740742 0.6458159722222222 0.21484953703703696 0.13106481481481466
3 0.49409143518518517 0.5999247685185185 0.041863425925926026 0.10212962962962954
2 0.8981597222222222 0.6791435185185185 0.10785879629629633 0.11226851851851852
3 0.39173032407407404 0.764351851851852 0.08807870370370363 0.06750000000000007
2 0.3147627314814815 0.46395833333333336 0.028969907407407368 0.04219907407407408
3 0.8738483796296297 0.5710474537037037 0.01987268518518519 0.04633101851851862
3 0.9962760416666667 0.60125 0.007447916666666643 0.04789351851851862
3 0.45171875000000006 0.5942997685185185 0.037638888888889 0.1096643518518519
3 0.43434027777777773 0.5769212962962963 0.031469907407407405 0.08438657407407409
2 0.18669560185185183 0.4836168981481482 0.030717592592592612 0.04541666666666657