1 0.691232638888889 0.46940393518518525 0.103125 0.07332175925925917
2 0.18039930555555556 0.6697511574074074 0.11017361111111112 0.1094444444444445
2 0.7882118055555555 0.4418287037037037 0.032326388888888856 0.04936342592592595
2 0.4811111111111111 0.570138888888889 0.11187500000000003 0.11574074074074084
1 0.5284722222222221 0.523136574074074 0.12690972222222213 0.0896412037037038
1 0.7558854166666666 0.42759837962962965 0.06045138888888886 0.05019675925925924
2 0.7335243055555555 0.4753414351851852 0.04503472222222236 0.059108796296296263
2 0.843125 0.453605324074074 0.03239583333333336 0.05248842592592595
3 0.35696180555555557 0.5344502314814814 0.024513888888888856 0.049131944444444464
3 0.3747569444444444 0.527170138888889 0.027743055555555608 0.05391203703703695
3 0.16725694444444444 0.5702083333333333 0.022986111111111106 0.05064814814814813
3 0.032343750000000004 0.6122743055555555 0.02128472222222222 0.044351851851851795
3 0.17984375 0.5393518518518519 0.026041666666666696 0.04761574074074062