1 0.2625 0.5172048611111111 0.2203125 0.157951388888889
2 0.7828125 0.5157465277777777 0.03125 0.044212962962962975
1 0.64453125 0.49748263888888894 0.1046875 0.07967592592592591
2 0.79453125 0.5726041666666667 0.0484375 0.06478009259259246
2 0.015625 0.5177372685185185 0.03125 0.10515046296296297
2 0.82890625 0.5455324074074074 0.034375 0.047384259259259306
3 0.41171875 0.4478067129629629 0.0265625 0.03789351851851848
3 0.015625 0.4013310185185185 0.0234375 0.04722222222222232
3 0.1796875 0.414525462962963 0.0203125 0.02686342592592599
1 0.8421875 0.5101793981481482 0.04375 0.03502314814814813
1 0.2 0.473599537037037 0.209375 0.13747685185185182