1 0.1535416666666667 0.4996527777777778 0.21864583333333334 0.14991898148148142
2 0.24447916666666666 0.525300925925926 0.11375000000000002 0.11800925925925938
2 0.32416666666666666 0.5562037037037036 0.13166666666666665 0.1298379629629629
1 0.011770833333333333 0.514988425925926 0.023541666666666666 0.1012731481481481
3 0.3197395833333333 0.4707928240740741 0.038854166666666676 0.06896990740740741
3 0.3599479166666667 0.47493634259259265 0.03385416666666661 0.06403935185185183
2 0.7533333333333333 0.4716666666666667 0.029166666666666785 0.040439814814814845
2 0.8040625 0.5165277777777778 0.039583333333333214 0.05655092592592581
3 0.3408854166666667 0.4689178240740741 0.03531250000000004 0.06255787037037024
3 0.6013020833333333 0.6266956018518519 0.078125 0.1441898148148148
3 0.37859375 0.47552662037037036 0.03197916666666671 0.059270833333333425
3 0.0010416666666666658 0.4272337962962963 0.0020833333333333316 0.052777777777777854
3 0.6575520833333334 0.6237789351851852 0.08114583333333343 0.1427893518518518
3 0.6427083333333334 0.449375 0.02250000000000014 0.03386574074074069
3 0.010885416666666667 0.430787037037037 0.021770833333333333 0.04324074074074069
3 0.6316666666666666 0.661712962962963 0.07114583333333328 0.13292824074074067