1 0.5784837962962962 0.554513888888889 0.21038194444444436 0.14369212962962977
3 0.32648726851851856 0.5052372685185185 0.02071759259259256 0.05543981481481488
2 0.22938078703703707 0.5830729166666666 0.08815972222222221 0.09230324074074084
2 0.7078935185185186 0.406712962962963 0.026875000000000072 0.043171296296296194
2 0.38015046296296295 0.575925925925926 0.1055787037037037 0.12418981481481488
2 0.7852141203703704 0.4007233796296297 0.030034722222222143 0.047974537037037024
3 0.35617476851851854 0.5041377314814814 0.020694444444444394 0.05231481481481488
3 0.3733275462962963 0.49881365740740746 0.01908564814814815 0.04600694444444429
3 0.02298032407407407 0.5703993055555555 0.01908564814814815 0.04600694444444446
2 0.8439699074074074 0.42042824074074076 0.028402777777777645 0.038541666666666606
3 0.1641840277777778 0.537818287037037 0.022256944444444482 0.05237268518518512
3 0.7848611111111111 0.4585648148148148 0.03168981481481481 0.06053240740740744
3 0.04483796296296296 0.5672453703703704 0.01591435185185186 0.03964120370370381
1 0.6223148148148148 0.45833333333333337 0.11143518518518522 0.07129629629629619
2 0.6364699074074074 0.4703125 0.05351851851851848 0.05509259259259256
2 0.54984375 0.48602430555555554 0.05031250000000007 0.044039351851851906
3 0.3466782407407408 0.48807870370370365 0.022175925925925988 0.04143518518518512