1 0.7 0.5984375 0.21875 0.1203125
1 0.378125 0.5296875 0.1375 0.0859375
2 0.95625 0.60625 0.0828125 0.0890625
2 0.48125 0.5171875 0.05625 0.0703125
2 0.9609375 0.709375 0.0765625 0.1265625
2 0.1875 0.465625 0.0203125 0.040625
3 0.615625 0.4703125 0.0140625 0.0375
1 0.196875 0.4390625 0.0390625 0.028125
1 0.1453125 0.4265625 0.0234375 0.021875
2 0.1375 0.475 0.0234375 0.040625
2 0.240625 0.4421875 0.0203125 0.0265625
3 0.99375 0.525 0.0125 0.0359375
1 0.30625 0.4734375 0.090625 0.0515625
1 0.759375 0.5453125 0.1765625 0.1015625