3 0.27107060185185183 0.6164178240740741 0.06165509259259263 0.13311342592592598
3 0.6353993055555556 0.4279340277777777 0.026481481481481595 0.05148148148148159
3 0.9754918981481481 0.4257175925925926 0.021886574074073906 0.054328703703703594
3 0.604195601851852 0.42822337962962964 0.013472222222222285 0.03355324074074062
3 0.5981076388888888 0.42312500000000003 0.01678240740740744 0.039988425925925955
3 0.5844328703703704 0.4371932870370371 0.024502314814814952 0.03732638888888893
3 0.5671990740740741 0.4397743055555555 0.015127314814814774 0.03677083333333329
1 0.9093344907407406 0.5528587962962963 0.14947916666666644 0.1492361111111112
1 0.17375000000000002 0.4529513888888889 0.040173611111111104 0.03981481481481488
1 0.1065625 0.4569328703703704 0.030474537037037043 0.028321759259259238
2 0.3421064814814815 0.456232638888889 0.02937499999999993 0.04385416666666657
2 0.30141203703703706 0.4609837962962963 0.029328703703703683 0.042291666666666575
2 0.31596064814814817 0.44374421296296296 0.022847222222222196 0.03410879629629626
2 0.2821585648148148 0.4527662037037038 0.026064814814814773 0.037418981481481595
2 0.2090162037037037 0.4734780092592592 0.024641203703703773 0.04201388888888893
2 0.2346875 0.4493402777777778 0.018159722222222285 0.03383101851851862
2 0.20171296296296298 0.4567534722222222 0.016597222222222284 0.03373842592592595
2 0.21446759259259257 0.44741898148148146 0.016458333333333287 0.029050925925925952
2 0.1486111111111111 0.45912037037037035 0.01650462962962962 0.030613425925925954
2 0.0870775462962963 0.4565277777777778 0.011446759259259264 0.01783564814814831
1 0.13558449074074072 0.45131365740740736 0.024131944444444463 0.02482638888888893