1 0.11487847222222222 0.6348784722222222 0.1660763888888889 0.11800925925925938
1 0.6372743055555555 0.5137962962962963 0.16218749999999993 0.10077546296296305
2 0.2741840277777778 0.5654108796296297 0.075 0.07137731481481477
2 0.7261284722222222 0.5104282407407407 0.0578819444444445 0.07268518518518512
3 0.3461458333333333 0.5157291666666667 0.022673611111111124 0.05342592592592599
1 0.8156597222222223 0.4344618055555555 0.061111111111111074 0.03994212962962962
2 0.8405034722222222 0.4488831018518519 0.02013888888888893 0.03152777777777782
3 0.1553298611111111 0.5261747685185185 0.022604166666666668 0.05186342592592581
3 0.057743055555555554 0.5614236111111112 0.019270833333333327 0.04712962962962965
3 0.19258680555555557 0.5212615740740741 0.021180555555555536 0.05496527777777764
3 0.1398090277777778 0.5282870370370369 0.022534722222222213 0.05030092592592581
3 0.8361458333333334 0.6143344907407406 0.04236111111111107 0.10993055555555564
3 0.8568229166666667 0.6052719907407408 0.04072916666666657 0.10834490740740747
1 0.8516319444444445 0.435775462962963 0.04357638888888893 0.03187500000000014
3 0.03480902777777778 0.554837962962963 0.018055555555555557 0.054918981481481485
1 0.6367881944444445 0.46772569444444445 0.11281250000000007 0.04383101851851841