2 0.737650462962963 0.5510300925925925 0.14334490740740743 0.12600694444444435
1 0.22545717592592593 0.5204340277777778 0.07208333333333332 0.05675925925925931
1 0.5706307870370371 0.5155324074074075 0.159236111111111 0.10425925925925927
2 0.4613599537037037 0.5444791666666667 0.08386574074074069 0.0974537037037038
1 0.27218171296296295 0.49116898148148147 0.05709490740740737 0.04103009259259256
1 0.18127893518518517 0.48715277777777777 0.03273148148148146 0.025231481481481487
2 0.18985532407407407 0.5527430555555556 0.0393634259259259 0.058078703703703737
3 0.9901186342592592 0.43267939814814815 0.019762731481481666 0.04392361111111107
3 0.8643923611111111 0.4344155092592592 0.024837962962962833 0.050162037037037165
3 0.8353935185185184 0.4330671296296297 0.024560185185185192 0.04547453703703717
3 0.269068287037037 0.62328125 0.04378472222222225 0.07997685185185191
2 0.5435706018518518 0.5337094907407407 0.07825231481481473 0.08179398148148156
1 0.2071527777777778 0.4885243055555556 0.03438657407407408 0.026805555555555572