1 0.484375 0.5125 0.16875 0.0953125
3 0.3375 0.725 0.0796875 0.10625
2 0.75625 0.596875 0.1203125 0.1109375
2 0.9515625 0.603125 0.0734375 0.0890625
2 0.2390625 0.471875 0.021875 0.05
3 0.6765625 0.4984375 0.0140625 0.0484375
3 0.88125 0.5 0.0171875 0.046875
3 0.64375 0.50625 0.0203125 0.0578125
3 0.2046875 0.6265625 0.0484375 0.1328125
3 0.6203125 0.5 0.0171875 0.05
2 0.19375 0.446875 0.01875 0.03125
3 0.8640625 0.503125 0.0140625 0.053125
3 0.2875 0.6328125 0.059375 0.1140625
3 0.99375 0.521875 0.0109375 0.04375
2 0.659375 0.609375 0.1109375 0.1140625
3 0.1546875 0.5 0.025 0.059375