2 0.09242476851851852 0.65 0.10289351851851854 0.1015625
1 0.5068229166666667 0.5765625 0.19756944444444446 0.1171875
2 0.7451736111111111 0.525 0.040474537037037094 0.0765625
2 0.6355960648148148 0.48203125 0.03990740740740737 0.040625
1 0.7554340277777778 0.44765625 0.06353009259259253 0.04375
1 0.8096990740740739 0.42734375 0.058287037037037234 0.034375
2 0.8679571759259259 0.50078125 0.04027777777777786 0.046875
3 0.18993634259259257 0.52890625 0.025115740740740744 0.0546875
3 0.0402662037037037 0.54765625 0.018495370370370367 0.0484375
1 0.4485358796296296 0.5421875 0.2118981481481482 0.0953125
1 0.5310474537037037 0.484375 0.13605324074074082 0.0546875