2 0.784375 0.675 0.13125 0.121875
1 0.8703125 0.5921875 0.2078125 0.10625
2 0.696875 0.5921875 0.1046875 0.0921875
3 0.678125 0.4984375 0.015625 0.0515625
2 0.5765625 0.578125 0.1 0.1
3 0.328125 0.55625 0.0328125 0.08125
3 0.50625 0.5328125 0.0265625 0.0859375
3 0.88125 0.4984375 0.0171875 0.0484375
3 0.625 0.509375 0.0203125 0.0578125
1 0.140625 0.425 0.021875 0.025
2 0.7734375 0.54375 0.0390625 0.0515625
3 0.6015625 0.509375 0.01875 0.0609375
3 0.8640625 0.496875 0.0140625 0.0515625
3 0.5375 0.534375 0.0234375 0.06875
3 0.840625 0.496875 0.01875 0.059375
3 0.5765625 0.5171875 0.021875 0.059375
3 0.9890625 0.525 0.0140625 0.0375
3 0.146875 0.5140625 0.0265625 0.0609375
3 0.5859375 0.4609375 0.0109375 0.034375
3 0.3046875 0.571875 0.028125 0.0921875
3 0.60625 0.4625 0.0125 0.0328125