1 0.22435185185185186 0.4587731481481482 0.05682870370370363 0.04072916666666657
3 0.38866319444444447 0.5952488425925926 0.05021990740740741 0.12174768518518526
3 0.4684027777777778 0.5366608796296296 0.03410879629629626 0.08847222222222229
2 0.9533159722222223 0.6441145833333334 0.07526620370370374 0.1256134259259259
3 0.2819675925925926 0.6811863425925926 0.055208333333333304 0.1421990740740741
1 0.15039930555555556 0.44300347222222225 0.03637731481481481 0.03075231481481495
3 0.6359548611111111 0.454386574074074 0.019490740740740798 0.050555555555555645
3 0.6708564814814816 0.4705324074074074 0.017951388888888788 0.05207175925925931
3 0.874039351851852 0.4606076388888889 0.01949074074074062 0.050555555555555645
3 0.5728530092592592 0.4968634259259259 0.019652777777777786 0.06149305555555564
3 0.29445601851851855 0.5761747685185185 0.03553240740740744 0.07914351851851861
3 0.5384548611111111 0.49944444444444447 0.022800925925925954 0.06314814814814813
1 0.1130613425925926 0.4331770833333334 0.02690972222222223 0.024224537037036954
3 0.4418287037037037 0.5382291666666668 0.031030092592592595 0.09150462962962962
3 0.8568634259259259 0.4603356481481482 0.01636574074074062 0.05046296296296297
3 0.14708333333333332 0.7195428240740741 0.0739583333333333 0.14275462962962954
3 0.17517361111111113 0.5102083333333333 0.03527777777777778 0.06195601851851862
3 0.41707175925925927 0.5225636574074074 0.030775462962962942 0.07431712962962962
3 0.9862268518518519 0.47836805555555556 0.013194444444444287 0.04724537037037031