2 0.3140625 0.5125 0.04375 0.0671875
1 0.8359375 0.596875 0.2359375 0.1078125
2 0.6015625 0.584375 0.0921875 0.10625
2 0.3875 0.540625 0.05 0.0765625
1 0.228125 0.484375 0.071875 0.0546875
2 0.4796875 0.5671875 0.0796875 0.1109375
2 0.871875 0.6390625 0.121875 0.1171875
1 0.4390625 0.4875 0.1 0.05625
3 0.640625 0.4953125 0.0140625 0.0515625
1 0.525 0.534375 0.125 0.08125
3 0.6734375 0.49375 0.0140625 0.05
3 0.8765625 0.5 0.015625 0.05
3 0.559375 0.48125 0.0125 0.0453125
3 0.9921875 0.5203125 0.0140625 0.0484375
1 0.9734375 0.603125 0.053125 0.0984375
3 0.659375 0.4953125 0.0125 0.05625
3 0.159375 0.509375 0.0265625 0.05625