1 0.5203125 0.5921875 0.20625 0.11875
2 0.79375 0.6390625 0.1203125 0.1125
1 0.80625 0.5671875 0.1703125 0.0875
2 0.421875 0.50625 0.05 0.053125
2 0.9453125 0.6921875 0.1078125 0.1234375
3 0.88125 0.5 0.0140625 0.046875
1 0.1109375 0.415625 0.0265625 0.0234375
3 0.684375 0.4921875 0.015625 0.0578125
3 0.58125 0.5125 0.0171875 0.059375
3 0.7015625 0.484375 0.0125 0.0546875
3 0.5984375 0.5140625 0.015625 0.0609375
3 0.671875 0.4875 0.015625 0.05
3 0.99375 0.5234375 0.0125 0.046875
3 0.61875 0.51875 0.0171875 0.05625
3 0.65625 0.4953125 0.0171875 0.0546875