1 0.2977430555555555 0.48682291666666666 0.13093749999999993 0.10406250000000003
2 0.8303645833333334 0.7437673611111111 0.13020833333333356 0.12274305555555554
2 0.5792013888888888 0.6707638888888889 0.15197916666666664 0.1564583333333333
1 0.57296875 0.6172569444444445 0.20746527777777785 0.14177083333333335
3 0.6488020833333333 0.5666145833333334 0.027083333333333216 0.047986111111111104
1 0.4022916666666666 0.4946006944444445 0.1323611111111111 0.10100694444444436
3 0.15730902777777778 0.5643402777777778 0.07993055555555557 0.1142708333333335
2 0.42119791666666667 0.50953125 0.08201388888888897 0.09097222222222215
2 0.18276041666666668 0.4496180555555556 0.07059027777777774 0.079548611111111
3 0.5935069444444444 0.5250173611111111 0.027152777777777713 0.049548611111111106
3 0.7150347222222222 0.5734722222222223 0.030555555555555537 0.05593749999999993
3 0.692048611111111 0.5622743055555556 0.027013888888888893 0.04642361111111111
3 0.8343923611111113 0.6179166666666667 0.027291666666666714 0.05267361111111111