1 0.49315972222222226 0.5318576388888889 0.17979166666666657 0.11429398148148132
2 0.3178472222222222 0.6721643518518519 0.14496527777777776 0.13796296296296298
1 0.7743055555555556 0.41345486111111107 0.07708333333333321 0.04965277777777786
1 0.7027604166666667 0.4763599537037037 0.12868055555555563 0.08744212962962958
2 0.2032638888888889 0.5942418981481481 0.09138888888888888 0.09074074074074083
2 0.13409722222222223 0.6226273148148148 0.0884722222222222 0.0953125
2 0.32578125 0.5513599537037037 0.08635416666666665 0.08275462962962958
3 0.18309027777777778 0.5276909722222223 0.022673611111111124 0.05387731481481488
3 0.38232638888888887 0.4678819444444445 0.019131944444444392 0.04438657407407405
2 0.6742534722222222 0.43359375 0.048680555555555574 0.04236111111111107
3 0.2617361111111111 0.5013020833333333 0.020902777777777715 0.049131944444444464
3 0.034166666666666665 0.5574652777777779 0.017569444444444436 0.04432870370370381
3 0.42489583333333336 0.43969907407407405 0.01878472222222225 0.03657407407407405