2 0.4984375 0.5421875 0.0703125 0.0765625
1 0.8921875 0.64375 0.2125 0.1703125
3 0.3453125 0.71875 0.053125 0.11875
2 0.371875 0.50625 0.0453125 0.0609375
2 0.665625 0.5265625 0.0578125 0.0734375
1 0.0625 0.43125 0.04375 0.028125
3 0.5890625 0.4984375 0.01875 0.0546875
3 0.2875 0.709375 0.0515625 0.14375
3 0.865625 0.4984375 0.015625 0.053125
3 0.6109375 0.503125 0.0171875 0.0625
3 0.8828125 0.5 0.0171875 0.0484375
3 0.6421875 0.5078125 0.01875 0.053125
3 0.990625 0.51875 0.01875 0.0515625
3 0.6796875 0.484375 0.0140625 0.03125
3 0.2 0.5234375 0.0265625 0.071875
3 0.1703125 0.521875 0.0296875 0.0734375
3 0.6625 0.4890625 0.0203125 0.0296875
3 0.6265625 0.503125 0.01875 0.0578125