1 0.3701041666666667 0.5496180555555555 0.1965277777777777 0.14128472222222221
2 0.6436631944444444 0.5171875 0.11614583333333321 0.12211805555555558
2 0.9100520833333332 0.4881944444444445 0.134375 0.14631944444444436
2 0.8042881944444444 0.48197916666666674 0.12368055555555557 0.11621527777777771
1 0.9036458333333334 0.43935763888888885 0.1561805555555555 0.14572916666666663
3 0.6417187500000001 0.4205902777777778 0.03381944444444436 0.05920138888888893
2 0.13890625 0.5762673611111111 0.04489583333333336 0.06281250000000008
1 0.03486111111111111 0.5489236111111111 0.055208333333333325 0.049236111111111217
2 0.2892881944444444 0.49083333333333334 0.04284722222222222 0.05180555555555557
2 0.23121527777777776 0.5518923611111111 0.05326388888888882 0.07565972222222221
1 0.2114236111111111 0.5059895833333333 0.0677777777777778 0.05135416666666668
2 0.4178472222222222 0.7034375 0.14520833333333344 0.179548611111111
3 0.9369444444444444 0.35678819444444443 0.023541666666666572 0.03847222222222228
3 0.954548611111111 0.34664930555555556 0.027152777777777713 0.049548611111111106
3 0.8137673611111111 0.3739583333333333 0.028784722222222215 0.051180555555555604
1 0.4455208333333333 0.5018229166666667 0.13583333333333342 0.10895833333333335