1 0.276880787037037 0.5541550925925927 0.20398148148148146 0.12766203703703702
2 0.7862789351851852 0.4215798611111111 0.023726851851851905 0.040451388888888926
1 0.6464988425925926 0.4384606481481482 0.0957638888888889 0.06658564814814802
2 0.8093344907407408 0.47414351851851855 0.03793981481481481 0.06159722222222221
2 0.02335648148148148 0.6207638888888889 0.038240740740740735 0.10222222222222221
2 0.837210648148148 0.43888310185185186 0.026886574074074333 0.045324074074074086
3 0.4074131944444444 0.4495023148148148 0.020567129629629654 0.0355787037037036
3 0.00998263888888889 0.5035358796296296 0.012835648148148148 0.04605324074074062
3 0.17234375 0.47515625000000006 0.017361111111111115 0.02445601851851862
1 0.8424016203703705 0.4010590277777778 0.04082175925925924 0.028969907407407368
1 0.20556134259259257 0.5278993055555555 0.19759259259259263 0.10854166666666672