1 0.2251909722222222 0.7573611111111112 0.30606481481481485 0.21216435185185176
2 0.3138310185185185 0.6330034722222223 0.11842592592592593 0.10166666666666657
3 0.672349537037037 0.5711863425925927 0.06070601851851851 0.10237268518518512
3 0.359056712962963 0.5400057870370369 0.03136574074074074 0.05510416666666664
3 0.6172974537037037 0.5773958333333333 0.0509606481481482 0.0959837962962963
3 0.5390219907407408 0.5473553240740741 0.05059027777777771 0.0897337962962963
1 0.8251620370370369 0.3837731481481481 0.04587962962962955 0.03658564814814813
3 0.47491319444444446 0.545625 0.04653935185185176 0.07406249999999996
3 0.8596122685185186 0.4514120370370371 0.0401967592592591 0.07240740740740748
3 0.16082175925925926 0.5800000000000001 0.026215277777777768 0.047222222222222145
3 0.18200810185185184 0.5818749999999999 0.026400462962962966 0.05034722222222214
3 0.5780787037037036 0.5346643518518519 0.046909722222222075 0.08031250000000015
3 0.2013425925925926 0.5525 0.024467592592592614 0.044074074074073974
3 0.5188020833333333 0.5486168981481482 0.03881944444444443 0.0755092592592593
3 0.05992476851851851 0.6292418981481481 0.022719907407407414 0.04092592592592599
3 0.6915509259259259 0.5527372685185185 0.04296296296296305 0.09274305555555565
3 0.6487557870370371 0.5286863425925926 0.058391203703703806 0.06331018518518512
3 0.6161805555555555 0.5453761574074074 0.03486111111111114 0.061400462962962976
1 0.17758101851851854 0.6520601851851853 0.1919560185185185 0.10431712962962969