1 0.8296875 0.5875 0.2015625 0.1171875
2 0.6828125 0.5953125 0.1109375 0.10625
2 0.8046875 0.6734375 0.140625 0.1171875
2 0.48125 0.559375 0.0859375 0.10625
2 0.3578125 0.5640625 0.0625 0.09375
2 0.2625 0.48125 0.0296875 0.0484375
3 0.6796875 0.4984375 0.015625 0.0515625
3 0.6234375 0.503125 0.0171875 0.059375
3 0.19375 0.61875 0.0515625 0.1296875
3 0.65625 0.49375 0.01875 0.04375
3 0.8671875 0.496875 0.015625 0.0515625
2 0.1015625 0.4328125 0.0171875 0.03125
3 0.6421875 0.5 0.0171875 0.059375
3 0.884375 0.4984375 0.0171875 0.0484375
3 0.840625 0.490625 0.015625 0.0421875
3 0.15625 0.5078125 0.0265625 0.0609375
3 0.99375 0.521875 0.0125 0.05
3 0.6046875 0.50625 0.021875 0.0671875