2 0.64375 0.609375 0.11875 0.1203125
2 0.8453125 0.6453125 0.1328125 0.1171875
1 0.79375 0.565625 0.184375 0.09375
2 0.959375 0.6609375 0.08125 0.1140625
1 0.3546875 0.4765625 0.075 0.0515625
3 0.678125 0.4984375 0.015625 0.0515625
2 0.2609375 0.4953125 0.05625 0.071875
3 0.8703125 0.5 0.015625 0.05
3 0.8375 0.496875 0.0125 0.0484375
3 0.990625 0.5203125 0.0171875 0.05
3 0.93125 0.515625 0.0140625 0.046875
3 0.8859375 0.5 0.0171875 0.0453125
3 0.946875 0.5203125 0.0171875 0.0484375
3 0.0890625 0.646875 0.034375 0.1140625
3 0.0671875 0.6390625 0.0328125 0.0984375
1 0.2796875 0.4828125 0.0953125 0.053125