3 0.17646990740740742 0.6152199074074074 0.055763888888888856 0.14693287037037023
2 0.8183333333333334 0.6579340277777778 0.13686342592592596 0.1290277777777778
3 0.6796354166666667 0.5002893518518519 0.022256944444444572 0.05221064814814831
1 0.2132002314814815 0.40471064814814817 0.050266203703703737 0.037418981481481414
3 0.882170138888889 0.5200752314814815 0.02381944444444457 0.05225694444444447
3 0.49378472222222225 0.5175173611111111 0.03662037037037038 0.09325231481481477
3 0.291875 0.6875983796296297 0.0633912037037037 0.1221643518518519
3 0.6568055555555555 0.4775231481481482 0.01912037037037031 0.050555555555555645
3 0.54453125 0.5113252314814816 0.033356481481481556 0.07440972222222228
1 0.16225694444444444 0.3843402777777778 0.04241898148148149 0.032500000000000015
3 0.45176504629629627 0.541423611111111 0.049259259259259204 0.11237268518518526
3 0.6372337962962963 0.4726331018518518 0.022256944444444572 0.05221064814814813
3 0.8657407407407408 0.5174363425925926 0.020706018518518478 0.053726851851851797
3 0.3822337962962963 0.5434837962962963 0.04918981481481488 0.10299768518518526
3 0.9910763888888889 0.5590451388888888 0.01752314814814824 0.04582175925925931
2 0.19802662037037036 0.46611111111111114 0.058379629629629635 0.07827546296296291
3 0.2026851851851852 0.6730497685185185 0.06353009259259261 0.14091435185185192
3 0.5109606481481481 0.5154456018518518 0.03503472222222222 0.09008101851851862
3 0.4553182870370371 0.49365162037037036 0.02538194444444457 0.052303240740740796
2 0.9082465277777778 0.6646469907407407 0.10864583333333329 0.1156944444444445