1 0.24262152777777776 0.6688541666666666 0.2971643518518519 0.1808680555555556
1 0.7391782407407408 0.4357175925925926 0.07054398148148149 0.04945601851851844
1 0.571585648148148 0.4855497685185185 0.08998842592592596 0.06848379629629626
2 0.6280671296296296 0.6823726851851852 0.1012731481481481 0.16234953703703708
3 0.343431712962963 0.5235532407407407 0.02366898148148149 0.04876157407407415
2 0.6109953703703704 0.4955034722222223 0.05219907407407405 0.06011574074074062
1 0.8717013888888889 0.40879050925925925 0.03240740740740762 0.03171296296296298
2 0.8443287037037038 0.47085069444444444 0.042766203703703806 0.0584143518518518
3 0.15373263888888888 0.5457291666666666 0.02378472222222223 0.051886574074073974
3 0.19366319444444444 0.5486631944444444 0.022453703703703677 0.058113425925925985
3 0.13900462962962962 0.5486342592592592 0.022106481481481487 0.04873842592592581
3 0.035561342592592596 0.5806770833333333 0.022048611111111116 0.04717592592592599
3 0.07887731481481482 0.5696064814814814 0.02378472222222223 0.051886574074073974