2 0.65 0.5703125 0.0875 0.090625
1 0.29375 0.49375 0.09375 0.065625
1 0.925 0.59375 0.146875 0.0890625
2 0.928125 0.6734375 0.1265625 0.1328125
3 0.6765625 0.4984375 0.015625 0.0484375
2 0.1859375 0.503125 0.040625 0.065625
1 0.19375 0.440625 0.0453125 0.0296875
2 0.21875 0.453125 0.0203125 0.03125
2 0.2515625 0.503125 0.0328125 0.0609375
3 0.825 0.5 0.015625 0.04375
3 0.8703125 0.5 0.0125 0.05
3 0.8859375 0.503125 0.0171875 0.046875
3 0.9625 0.51875 0.01875 0.040625
3 0.99375 0.525 0.0109375 0.0375
3 0.15625 0.490625 0.0109375 0.0484375
3 0.6953125 0.478125 0.0171875 0.04375