2 0.9515625 0.665625 0.09375 0.13125
1 0.3515625 0.5453125 0.1546875 0.096875
2 0.43125 0.5140625 0.05 0.0734375
2 0.565625 0.5078125 0.0515625 0.0578125
1 0.296875 0.4765625 0.0859375 0.0484375
3 0.6640625 0.5015625 0.015625 0.0625
2 0.184375 0.446875 0.0203125 0.0359375
3 0.646875 0.509375 0.01875 0.059375
3 0.98125 0.51875 0.0140625 0.0453125
2 0.2671875 0.48125 0.03125 0.0453125
3 0.21875 0.521875 0.021875 0.05625
3 0.7 0.5046875 0.0171875 0.059375
3 0.628125 0.5046875 0.0171875 0.059375
3 0.1625 0.4953125 0.0234375 0.0515625
3 0.965625 0.515625 0.0140625 0.046875
3 0.8421875 0.5078125 0.01875 0.05
3 0.7328125 0.4953125 0.0140625 0.0484375