2 0.11764467592592594 0.6451909722222222 0.12697916666666664 0.11784722222222221
1 0.14919560185185185 0.5886284722222223 0.20096064814814815 0.10399305555555553
2 0.6771354166666667 0.5094791666666667 0.04027777777777786 0.04854166666666657
2 0.7463599537037038 0.47809027777777774 0.027407407407407547 0.041736111111111106
2 0.41283564814814816 0.5149652777777778 0.04515046296296301 0.051875000000000074
2 0.78078125 0.4788368055555556 0.022534722222222213 0.038402777777777786
2 0.7088194444444444 0.4638888888888889 0.028321759259259238 0.03086805555555543
2 0.8165219907407408 0.5101909722222222 0.029710648148147813 0.054305555555555426
3 0.008182870370370372 0.5414409722222222 0.016365740740740743 0.05097222222222229
3 0.1262037037037037 0.5139756944444445 0.017939814814814836 0.03975694444444446
3 0.8936226851851853 0.6499131944444445 0.04628472222222228 0.12361111111111107
1 0.8295023148148148 0.46298611111111115 0.03604166666666657 0.029652777777777927