2 0.23383680555555558 0.5995023148148148 0.16372685185185185 0.15513888888888888
1 0.5900462962962962 0.5376273148148148 0.1402314814814815 0.09931712962962962
3 0.3401504629629629 0.47552662037037036 0.02979166666666675 0.05770833333333343
2 0.772795138888889 0.5712847222222223 0.0341550925925926 0.047013888888889
2 0.5508275462962964 0.5566550925925926 0.07258101851851854 0.08020833333333321
3 0.13961226851851852 0.4206655092592593 0.02965277777777775 0.05302083333333325
1 0.7948032407407408 0.5505844907407408 0.047986111111111104 0.03993055555555554
3 0.15608796296296296 0.42385995370370366 0.028136574074074085 0.054502314814814844
3 0.39828125 0.46293981481481483 0.027905092592592596 0.046689814814814844
3 0.31149305555555556 0.4560995370370371 0.03296296296296299 0.05943287037037024
3 0.42424768518518513 0.47052662037037035 0.028043981481481593 0.05137731481481485
3 0.18586805555555555 0.4285243055555556 0.02662037037037033 0.05598379629629626
3 0.027800925925925923 0.41174768518518523 0.02822916666666666 0.057627314814814846
3 0.44375578703703705 0.47075810185185185 0.024780092592592597 0.046527777777777855
3 0.8218865740740741 0.8328067129629628 0.08215277777777778 0.13998842592592595