2 0.10515624999999999 0.6173090277777777 0.12437499999999999 0.11041666666666661
1 0.14166666666666666 0.5625694444444445 0.19812500000000002 0.09333333333333335
2 0.6733854166666667 0.5086631944444445 0.04052083333333343 0.04614583333333329
2 0.7449479166666666 0.4797395833333333 0.026041666666666786 0.039583333333333214
2 0.4094270833333333 0.5012326388888889 0.04385416666666657 0.04934027777777779
2 0.7791666666666666 0.48284722222222226 0.021145833333333287 0.036354166666666646
2 0.7084374999999999 0.4640625 0.026875000000000072 0.028680555555555643
2 0.8121875 0.5156597222222222 0.02843750000000007 0.05211805555555564
3 0.006145833333333334 0.5085763888888889 0.012291666666666668 0.04888888888888889
3 0.1240625 0.48628472222222213 0.016666666666666698 0.03937500000000007
3 0.8785416666666667 0.6587500000000001 0.04239583333333315 0.12107638888888879
1 0.8285937499999999 0.4690798611111111 0.03458333333333315 0.027291666666666714