2 0.47313078703703704 0.559375 0.10318287037037024 0.109375
2 0.38832175925925927 0.47734375 0.047800925925925865 0.0625
1 0.8936689814814814 0.62734375 0.21118055555555557 0.121875
2 0.698119212962963 0.6640625 0.1425694444444444 0.13125
2 0.8818750000000002 0.675 0.12384259259259238 0.1328125
1 0.3007523148148148 0.47265625 0.11834490740740744 0.078125
2 0.5755381944444444 0.5109375 0.0538657407407408 0.05
2 0.1638599537037037 0.4609375 0.02739583333333333 0.05625
3 0.9739120370370371 0.559375 0.01949074074074062 0.05
1 0.21978587962962964 0.4390625 0.0757407407407408 0.05
3 0.9895283564814814 0.5625 0.020943287037037094 0.05
2 0.51640625 0.52734375 0.07447916666666661 0.0703125