2 0.740480324074074 0.6310590277777777 0.14681712962962976 0.1260532407407407
1 0.4066840277777778 0.49138310185185186 0.13234953703703703 0.07283564814814802
3 0.6600115740740741 0.4840393518518519 0.022337962962962976 0.05483796296296291
2 0.22337962962962962 0.48493055555555553 0.028125 0.04238425925925924
2 0.44079861111111107 0.5192476851851853 0.06192129629629619 0.06918981481481482
3 0.8642650462962962 0.4731539351851852 0.022164351851851904 0.050150462962962904
1 0.20555555555555555 0.4600694444444445 0.04334490740740744 0.03156250000000007
3 0.8470775462962962 0.47328125 0.020659722222222142 0.051701388888889
3 0.60625 0.4594444444444445 0.020370370370370417 0.043888888888889
3 0.690943287037037 0.4713136574074074 0.023958333333333394 0.05641203703703699
3 0.5796585648148148 0.4604224537037037 0.022106481481481487 0.0485879629629629
3 0.8174479166666668 0.47193865740740737 0.019155092592592383 0.05325231481481474
3 0.9738136574074074 0.488744212962963 0.017650462962962975 0.05480324074074083
3 0.5610243055555555 0.4574363425925926 0.017245370370370418 0.04386574074074083
3 0.12824074074074074 0.7340046296296296 0.061111111111111116 0.13166666666666665