1 0.4800810185185186 0.5904513888888889 0.2229861111111111 0.15493055555555557
1 0.9487094907407407 0.6172743055555555 0.09482638888888886 0.14739583333333323
1 0.8413599537037036 0.5523784722222222 0.23853009259259253 0.14434027777777772
1 0.3321585648148148 0.5176215277777778 0.11146990740740748 0.07434027777777778
1 0.1917708333333333 0.48246527777777776 0.04398148148148149 0.032222222222222284
3 0.6683622685185184 0.4891493055555555 0.026967592592592737 0.05527777777777772
2 0.1930902777777778 0.5153125000000001 0.04103009259259256 0.05559027777777779
3 0.6950925925925926 0.46708333333333324 0.02537037037037031 0.050555555555555645
3 0.6138020833333334 0.47074652777777776 0.022222222222222143 0.047361111111111145
3 0.8646701388888889 0.4646006944444444 0.025324074074073978 0.04430555555555564
3 0.20598379629629632 0.6734375 0.05715277777777779 0.12312499999999993
3 0.9880613425925926 0.47359375000000004 0.017604166666666643 0.05663194444444457
3 0.8803009259259259 0.46416666666666667 0.019085648148148237 0.04572916666666664