2 0.653125 0.603125 0.1109375 0.1203125
2 0.375 0.5296875 0.05625 0.08125
2 0.3703125 0.4890625 0.0359375 0.0546875
2 0.25 0.48125 0.0296875 0.0453125
2 0.29375 0.4859375 0.0296875 0.0453125
2 0.159375 0.49375 0.0203125 0.0484375
2 0.2109375 0.4703125 0.028125 0.04375
2 0.2421875 0.4453125 0.0171875 0.03125
2 0.6375 0.5078125 0.05 0.0515625
1 0.90625 0.621875 0.1875 0.1296875
1 0.5 0.5296875 0.1671875 0.0859375
1 0.3046875 0.478125 0.08125 0.053125
1 0.3140625 0.45 0.0515625 0.015625
1 0.1234375 0.4296875 0.0171875 0.0140625
1 0.1078125 0.41875 0.0109375 0.0109375
1 0.2046875 0.4359375 0.021875 0.0125
3 0.99375 0.525 0.0125 0.046875
3 0.8328125 0.5015625 0.009375 0.04375
3 0.821875 0.4953125 0.0125 0.0515625
3 0.6609375 0.4921875 0.0109375 0.0453125
3 0.6484375 0.490625 0.0125 0.046875
3 0.596875 0.475 0.0171875 0.03125
3 0.584375 0.475 0.0125 0.0328125