2 0.8001504629629629 0.6617476851851852 0.15430555555555542 0.15086805555555555
1 0.5248842592592593 0.5045717592592592 0.16707175925925935 0.10763888888888892
3 0.3333101851851852 0.5851851851851853 0.05802083333333332 0.11452546296296298
3 0.6936342592592593 0.49832175925925926 0.025011574074074082 0.05399305555555554
1 0.29639467592592594 0.4215277777777778 0.08135416666666666 0.05920138888888893
3 0.6626562500000001 0.48226273148148147 0.023263888888888928 0.04768518518518512
3 0.2804918981481482 0.623900462962963 0.08491898148148155 0.17951388888888892
3 0.8937326388888888 0.520630787037037 0.02491898148148124 0.050868055555555534
3 0.6776157407407407 0.48561921296296295 0.02170138888888893 0.04762731481481488
3 0.8772106481481483 0.517332175925926 0.021840277777777573 0.05231481481481488
3 0.17128472222222224 0.44884259259259257 0.03300925925925924 0.060532407407407264
3 0.996339699074074 0.5572627314814815 0.0073206018518519045 0.04756944444444446
3 0.8205439814814814 0.5053530092592593 0.021655092592592594 0.04606481481481488