2 0.1392013888888889 0.5974479166666666 0.1353125 0.13040509259259264
1 0.647673611111111 0.4916377314814815 0.12534722222222214 0.08173611111111115
1 0.3990277777777778 0.529513888888889 0.1800694444444444 0.11924768518518505
2 0.7664930555555556 0.48968171296296303 0.03687500000000003 0.05726851851851862
2 0.6603993055555556 0.5139467592592593 0.05760416666666668 0.06724537037037041
1 0.7715625 0.46293402777777787 0.0738194444444444 0.04587962962962955
3 0.3669618055555556 0.45927662037037037 0.023749999999999983 0.04283564814814813
2 0.8698958333333333 0.4928761574074074 0.033749999999999857 0.05717592592592595
3 0.1739236111111111 0.4634317129629629 0.022673611111111124 0.05372685185185198
3 0.38166666666666665 0.45571180555555557 0.015798611111111072 0.03947916666666664
3 0.028038194444444442 0.4724479166666667 0.015937500000000004 0.042604166666666644
2 0.8242881944444445 0.46997685185185184 0.02517361111111107 0.03975694444444446