1 0.5467187499999999 0.5902488425925926 0.17437499999999986 0.11886574074074083
1 0.21498263888888886 0.564670138888889 0.1567013888888889 0.09635416666666678
2 0.1417013888888889 0.6604745370370371 0.130625 0.11724537037037042
2 0.3052777777777778 0.6180555555555556 0.11666666666666661 0.12141203703703703
2 0.665798611111111 0.5094328703703704 0.040138888888888856 0.04988425925925917
1 0.046718749999999996 0.6394675925925926 0.09343749999999999 0.1258101851851851
2 0.02078125 0.7127604166666666 0.0415625 0.10364583333333321
3 0.10779513888888889 0.4973668981481481 0.019861111111111107 0.050694444444444285
3 0.31243055555555554 0.5072916666666667 0.01996527777777777 0.05538194444444446
3 0.3440451388888889 0.49204282407407407 0.014895833333333285 0.03802083333333321
3 0.2798090277777778 0.49748263888888894 0.019895833333333356 0.05225694444444429
2 0.8436458333333332 0.5285300925925925 0.0484375 0.07204861111111108
3 0.3746701388888889 0.5213252314814815 0.023125000000000017 0.05706018518518512
3 0.39184027777777775 0.5227430555555556 0.016805555555555608 0.05370370370370381
3 0.4362673611111111 0.49389467592592595 0.01663194444444436 0.04589120370370381
3 0.14201388888888888 0.5056712962962963 0.01982638888888886 0.049131944444444464
3 0.00078125 0.5166377314814815 0.0015625 0.04890046296296298
3 0.3314236111111111 0.4970486111111111 0.016770833333333356 0.05214120370370381
3 0.35116319444444444 0.5235821759259259 0.020000000000000018 0.056944444444444464