1 0.2328125 0.45625 0.0546875 0.0375
3 0.39375 0.603125 0.04375 0.11875
3 0.475 0.55 0.0296875 0.0859375
2 0.9609375 0.6890625 0.0765625 0.1203125
3 0.2859375 0.6828125 0.0484375 0.1390625
1 0.159375 0.4359375 0.034375 0.028125
3 0.64375 0.478125 0.0171875 0.05
3 0.678125 0.496875 0.015625 0.0515625
3 0.88125 0.5 0.0171875 0.05
3 0.5796875 0.5171875 0.0171875 0.0609375
3 0.3 0.578125 0.03125 0.0765625
3 0.5453125 0.5171875 0.0203125 0.0625
1 0.121875 0.4234375 0.0265625 0.021875
3 0.4484375 0.55 0.0265625 0.0890625
3 0.8640625 0.4984375 0.0140625 0.05
3 0.15 0.7125 0.0671875 0.1390625
3 0.1828125 0.5046875 0.0328125 0.059375
3 0.4234375 0.5328125 0.0265625 0.071875
3 0.99375 0.525 0.0125 0.046875