1 0.17962962962962964 0.5805324074074074 0.19841435185185183 0.1075810185185185
2 0.4796469907407408 0.5592071759259258 0.1406944444444445 0.10984953703703688
1 0.8284780092592593 0.4722280092592593 0.05437499999999993 0.04297453703703695
2 0.3123726851851852 0.58015625 0.08062500000000003 0.08553240740740745
3 0.3707638888888889 0.49512152777777774 0.020231481481481507 0.050277777777777644
2 0.6430092592592592 0.5116493055555555 0.04900462962962955 0.07256944444444446
2 0.7800694444444444 0.49884259259259256 0.028275462962962905 0.058206018518518476
3 0.3459259259259259 0.5002199074074074 0.02340277777777775 0.051886574074074154
2 0.6855439814814815 0.5239930555555555 0.0487268518518519 0.06319444444444447
1 0.7081423611111111 0.46966435185185185 0.06370370370370378 0.04155092592592595
3 0.13372685185185185 0.5072280092592593 0.018483796296296307 0.04400462962962966
3 0.1694560185185185 0.5007291666666667 0.018622685185185173 0.048692129629629474
3 0.3945659722222222 0.48141782407407413 0.01701388888888884 0.04710648148148131
3 0.1896990740740741 0.4986863425925926 0.017106481481481507 0.05023148148148149
1 0.4852488425925926 0.5374247685185185 0.17763888888888885 0.09165509259259252
2 0.7319328703703704 0.50828125 0.03443287037037042 0.055173611111111145
1 0.6752430555555555 0.4926041666666666 0.08732638888888893 0.04814814814814809
3 0.8542013888888889 0.5233680555555555 0.02349537037037024 0.05501157407407398