1 0.890625 0.5859375 0.2015625 0.10625
2 0.65625 0.58125 0.0921875 0.1046875
1 0.328125 0.4890625 0.096875 0.05625
2 0.49375 0.521875 0.0578125 0.05625
2 0.1578125 0.49375 0.0234375 0.0484375
1 0.2125 0.478125 0.06875 0.04375
3 0.684375 0.4984375 0.01875 0.053125
3 0.96875 0.5171875 0.0140625 0.05
2 0.4015625 0.496875 0.0390625 0.046875
3 0.6546875 0.5046875 0.0203125 0.0515625
3 0.634375 0.5 0.01875 0.053125
3 0.84375 0.5078125 0.0171875 0.0484375
3 0.2453125 0.5609375 0.03125 0.1015625
3 0.9875 0.51875 0.015625 0.0453125
3 0.209375 0.5546875 0.028125 0.1015625
3 0.7296875 0.5 0.0171875 0.046875