2 0.6916550925925926 0.49812499999999993 0.14290509259259263 0.13895833333333343
1 0.18014467592592592 0.5252083333333333 0.07207175925925924 0.0640625
1 0.5252777777777778 0.48192708333333334 0.15949074074074082 0.1197916666666666
2 0.4149305555555555 0.5220312500000001 0.08577546296296301 0.10552083333333329
1 0.22796875 0.49005208333333333 0.05754629629629626 0.047499999999999966
1 0.1365625 0.4961458333333333 0.032037037037037044 0.028645833333333214
2 0.14399305555555558 0.5611458333333333 0.03925925925925924 0.061875000000000034
3 0.9509664351851852 0.35140625000000003 0.026342592592592595 0.04697916666666666
3 0.8226331018518518 0.3669791666666667 0.026481481481481595 0.05166666666666666
3 0.7937268518518519 0.36890625 0.024780092592592597 0.046875
3 0.9729340277777776 0.34682291666666665 0.026481481481481238 0.05166666666666666
3 0.21934606481481483 0.6231770833333333 0.04615740740740737 0.08416666666666668
2 0.4973784722222222 0.5025000000000001 0.07906249999999986 0.08947916666666664
1 0.16232060185185185 0.49520833333333336 0.035208333333333376 0.030416666666666713