2 0.3894444444444444 0.5131423611111112 0.04515046296296292 0.051875000000000074
2 0.30786458333333333 0.5283159722222222 0.04340277777777777 0.048680555555555574
2 0.2196122685185185 0.5635590277777778 0.04276620370370363 0.06423611111111108
2 0.9399074074074075 0.5297743055555555 0.06722222222222243 0.08246527777777786
2 0.12210069444444445 0.5435590277777778 0.025381944444444436 0.03385416666666678
2 0.1451736111111111 0.5375347222222222 0.024004629629629636 0.03690972222222229
1 0.08929398148148149 0.5287847222222222 0.03631944444444444 0.03434027777777775
1 0.25920138888888894 0.5167534722222222 0.07015046296296301 0.05298611111111118
1 0.18792245370370372 0.5167187500000001 0.049097222222222216 0.039583333333333214
1 0.13429398148148147 0.5096354166666666 0.02804398148148146 0.02618055555555543
1 0.10501736111111111 0.5146006944444445 0.02142361111111111 0.019652777777777786
1 0.5526793981481481 0.5211805555555555 0.1786342592592593 0.12170138888888893
1 0.8072453703703703 0.6006423611111111 0.3308796296296297 0.21885416666666657
3 0.953726851851852 0.45519097222222216 0.02483796296296319 0.05097222222222229
3 0.9418229166666666 0.4577951388888889 0.028333333333333145 0.057361111111111106
3 0.9003240740740741 0.45751736111111113 0.024560185185185192 0.04628472222222228
3 0.7962326388888888 0.45602430555555556 0.026678240740740832 0.05572916666666661
3 0.6794849537037038 0.4962673611111111 0.031643518518518474 0.06062499999999993
3 0.6368402777777777 0.48888888888888893 0.028518518518518478 0.06048611111111111