1 0.11850115740740741 0.5940162037037038 0.17440972222222223 0.1317824074074075
2 0.7063773148148148 0.5432175925925926 0.0444212962962963 0.06646990740740737
2 0.31431134259259264 0.5877141203703704 0.10868055555555553 0.09986111111111118
1 0.8063194444444445 0.521892361111111 0.06840277777777785 0.05076388888888879
2 0.7703877314814814 0.5329976851851852 0.030902777777777855 0.04854166666666657
2 0.8552256944444444 0.5458101851851852 0.0311805555555555 0.05322916666666657
3 0.3515451388888889 0.5066203703703704 0.021620370370370345 0.049548611111111106
3 0.19933449074074075 0.486701388888889 0.0237384259259259 0.0590162037037036
2 0.8889930555555555 0.5244560185185185 0.02437499999999986 0.043483796296296263
3 0.32589699074074074 0.49420138888888887 0.018495370370370346 0.04936342592592595
3 0.16146990740740738 0.49146412037037035 0.022083333333333323 0.057361111111111106
3 0.037071759259259256 0.49421296296296297 0.018587962962962966 0.05092592592592595
3 0.6829166666666666 0.48888888888888893 0.01453703703703706 0.03511574074074062
3 0.1457986111111111 0.48975694444444445 0.01987268518518519 0.04633101851851862
3 0.6698206018518518 0.4912268518518519 0.012974537037037059 0.03502314814814813
3 0.36192129629629627 0.4846585648148148 0.018402777777777768 0.047800925925925955