3 0.4881076388888889 0.6066493055555555 0.05393518518518512 0.1073611111111111
3 0.19273726851851852 0.6860937500000001 0.06400462962962968 0.12631944444444443
3 0.14314236111111112 0.6951562499999999 0.07783564814814818 0.16253472222222207
3 0.6614583333333334 0.5072916666666666 0.04027777777777786 0.07583333333333328
3 0.6488715277777778 0.5093576388888889 0.03043981481481488 0.06312499999999996
3 0.6320601851851851 0.49881944444444437 0.027314814814814882 0.06305555555555564
3 0.613107638888889 0.5038715277777778 0.03674768518518512 0.06482638888888878
3 0.9729166666666668 0.45791666666666664 0.023784722222222145 0.05204861111111114
3 0.9515335648148149 0.4441493055555556 0.026851851851851904 0.050555555555555645
2 0.5721354166666667 0.5967881944444444 0.1439814814814815 0.13590277777777776
1 0.9301793981481481 0.53515625 0.10561342592592596 0.11163194444444446
1 0.49331597222222223 0.5504687500000001 0.20329861111111108 0.13565972222222217
1 0.4808738425925926 0.5064062500000001 0.159375 0.08784722222222215
1 0.27462384259259254 0.5018229166666666 0.08478009259259256 0.05496527777777764
1 0.16646412037037037 0.5088020833333333 0.046643518518518515 0.036944444444444356
1 0.1042824074074074 0.5199305555555556 0.048090277777777767 0.03385416666666678
1 0.1 0.4877777777777778 0.021064814814814793 0.020763888888888714
1 0.10691550925925926 0.4910590277777779 0.01626157407407409 0.017534722222222143
1 0.07086226851851851 0.49338541666666663 0.01932870370370372 0.01604166666666664
2 0.1491898148148148 0.531875 0.02835648148148149 0.04902777777777771
2 0.1230613425925926 0.5406770833333333 0.029571759259259256 0.03968750000000014
2 0.19082754629629628 0.5054340277777778 0.02112268518518521 0.022326388888888892