2 0.5149421296296296 0.5519791666666667 0.0866087962962963 0.09253472222222214
1 0.15539351851851851 0.7314583333333333 0.24689814814814817 0.2195138888888888
3 0.7050231481481481 0.6936805555555555 0.07907407407407412 0.12986111111111107
2 0.6300983796296297 0.4912673611111111 0.058333333333333216 0.07159722222222217
2 0.34870370370370374 0.5709375 0.07406249999999996 0.0860069444444445
1 0.9134143518518518 0.3546180555555556 0.04871527777777764 0.038576388888888855
3 0.41634259259259265 0.5279166666666667 0.0316782407407409 0.058506944444444466
3 0.7587673611111111 0.6730034722222222 0.0839351851851852 0.15340277777777783
3 0.14804976851851853 0.5836631944444445 0.026967592592592605 0.05527777777777772
3 0.39688078703703705 0.5368576388888889 0.03172453703703706 0.06475694444444446
3 0.13168402777777777 0.5887673611111112 0.02850694444444448 0.052187500000000143
3 0.3672800925925926 0.5479166666666667 0.030104166666666644 0.056909722222222216
3 0.030439814814814815 0.6294791666666667 0.030092592592592594 0.055347222222222214
3 0.3249826388888889 0.5321354166666666 0.020567129629629654 0.03482638888888889
3 0.8010300925925925 0.4731944444444444 0.042754629629629906 0.07750000000000004
3 0.8290914351851851 0.4652256944444444 0.04589120370370381 0.07913194444444435
3 0.3429571759259259 0.5333159722222222 0.026805555555555572 0.03340277777777771
3 0.3812789351851852 0.5396354166666667 0.03170138888888889 0.06163194444444446