1 0.9390625 0.6421875 0.11875 0.1328125
2 0.7921875 0.640625 0.11875 0.1140625
2 0.378125 0.5328125 0.0515625 0.08125
2 0.4609375 0.571875 0.0828125 0.0921875
1 0.2625 0.4984375 0.0875 0.0625
1 0.53125 0.509375 0.128125 0.0703125
2 0.5953125 0.6109375 0.1140625 0.121875
1 0.6359375 0.56875 0.1828125 0.096875
3 0.88125 0.503125 0.01875 0.05
3 0.634375 0.49375 0.0171875 0.0453125
3 0.6625 0.49375 0.0140625 0.046875
3 0.99375 0.521875 0.0125 0.0515625
3 0.825 0.5046875 0.015625 0.0515625
3 0.1609375 0.5109375 0.0296875 0.0640625