1 0.5283101851851851 0.47081597222222227 0.14753472222222222 0.0977662037037037
2 0.6966898148148148 0.40539351851851857 0.03472222222222214 0.04891203703703706
3 0.7157581018518518 0.5721585648148148 0.06357638888888886 0.1490162037037038
3 0.3203761574074074 0.499537037037037 0.023819444444444393 0.05295138888888893
3 0.8300405092592593 0.6411342592592593 0.06953703703703695 0.11032407407407412
2 0.8322106481481482 0.34816550925925926 0.033032407407407406 0.03163194444444448
1 0.924542824074074 0.3231712962962963 0.045578703703703385 0.03862268518518519
3 0.1568923611111111 0.536556712962963 0.023865740740740726 0.05920138888888893
3 0.13113425925925926 0.5349594907407408 0.02226851851851852 0.05442129629629626
3 0.11626157407407409 0.5397453703703704 0.022245370370370398 0.051296296296296263
3 0.8839293981481482 0.5348611111111111 0.03974537037037038 0.09450231481481489
3 0.3987268518518518 0.4644386574074074 0.02215277777777782 0.03879629629629626
3 0.17024305555555555 0.5263946759259259 0.020729166666666642 0.0574537037037036
3 0.00888599537037037 0.5797280092592593 0.01777199074074074 0.05423611111111111
3 0.8793402777777779 0.6272800925925927 0.06494212962962961 0.12254629629629629
3 0.7939930555555555 0.5526851851851852 0.04600694444444429 0.0964351851851852
3 0.8198668981481483 0.5386574074074074 0.041412037037036956 0.10865740740740755
3 0.8371469907407407 0.41971643518518514 0.026967592592592737 0.05626157407407408
3 0.9432638888888889 0.5368113425925926 0.042881944444444285 0.09625000000000003