1 0.39114583333333336 0.6609375 0.2836226851851852 0.1796875
2 0.11903935185185185 0.7421875 0.09473379629629627 0.11875
3 0.7114872685185185 0.5453125 0.05046296296296297 0.090625
2 0.3896701388888889 0.5671875 0.0895833333333333 0.0703125
3 0.1623263888888889 0.54609375 0.02557870370370372 0.05
3 0.1935763888888889 0.54609375 0.02557870370370372 0.05
3 0.487181712962963 0.53359375 0.03489583333333339 0.0703125
3 0.38451967592592595 0.51875 0.027256944444444466 0.0515625
3 0.41385995370370365 0.5140625 0.02714120370370381 0.05
3 0.873726851851852 0.46796875 0.03981481481481488 0.0734375
3 0.4604166666666666 0.54140625 0.033333333333333215 0.0703125
3 0.3657986111111111 0.50859375 0.025810185185185207 0.053125
3 0.05662615740740742 0.58515625 0.022337962962962976 0.0484375
3 0.4330150462962964 0.4984375 0.02557870370370381 0.05
3 0.3247106481481482 0.5234375 0.025694444444444464 0.0515625
1 0.20587384259259262 0.6171875 0.18611111111111106 0.1078125
3 0.4957465277777778 0.52265625 0.028993055555555536 0.075
3 0.40115740740740746 0.521875 0.027719907407407263 0.0578125
2 0.881539351851852 0.42578125 0.036400462962962975 0.0484375