1 0.8075810185185185 0.6384375 0.2101273148148149 0.12906249999999986
2 0.6964699074074074 0.6286979166666666 0.10462962962962977 0.11114583333333332
2 0.30196759259259254 0.48734374999999996 0.045370370370370415 0.06677083333333336
3 0.36605902777777777 0.7123958333333333 0.09826388888888893 0.15114583333333337
3 0.548900462962963 0.5675520833333334 0.04293981481481488 0.07593749999999985
1 0.980931712962963 0.71828125 0.038136574074074045 0.10802083333333332
3 0.611255787037037 0.5802604166666667 0.038715277777777855 0.08187499999999996
2 0.18463541666666666 0.46708333333333335 0.04479166666666665 0.058958333333333356
3 0.5739004629629629 0.5692187499999999 0.03344907407407405 0.07375000000000007
3 0.9983217592592591 0.6339062500000001 0.003356481481481666 0.049687499999999926
3 0.6329282407407407 0.5265104166666666 0.023090277777777855 0.038854166666666676
2 0.68203125 0.5702083333333332 0.07337962962962959 0.06708333333333343
3 0.8828993055555555 0.5952604166666666 0.0234375 0.04354166666666668
3 0.5905381944444444 0.5734375 0.032349537037037024 0.07989583333333332
3 0.41608796296296297 0.6846354166666666 0.07708333333333339 0.15906249999999994
3 0.34482060185185187 0.6355729166666666 0.06608796296296297 0.09458333333333328