2 0.5614409722222222 0.5091319444444444 0.07718750000000014 0.0860069444444445
2 0.3980902777777778 0.5815798611111112 0.12409722222222222 0.12295138888888886
2 0.64921875 0.5134375 0.08236111111111111 0.09704861111111107
2 0.17503472222222222 0.6655208333333333 0.1156597222222222 0.10871527777777779
2 0.704375 0.4699826388888889 0.053125 0.0714236111111111
1 0.4796180555555555 0.5156423611111112 0.1430208333333333 0.09215277777777775
2 0.7992534722222222 0.40531249999999996 0.030138888888888715 0.045937500000000145
3 0.714375 0.5894097222222222 0.06968750000000004 0.1279861111111112
3 0.34677083333333336 0.5178125 0.025659722222222216 0.050520833333333216
3 0.3837326388888889 0.48727430555555556 0.025520833333333392 0.047395833333333394
2 0.7336458333333333 0.42475694444444445 0.04135416666666671 0.052430555555555536
3 0.35663194444444446 0.4933506944444444 0.020763888888888894 0.04572916666666664
1 0.8339236111111111 0.35840277777777774 0.04663194444444443 0.030694444444444448
3 0.16289930555555557 0.5508333333333333 0.02572916666666667 0.05208333333333322
3 0.18722222222222223 0.5526388888888889 0.029201388888888857 0.059965277777777715
3 0.2822395833333333 0.5262847222222222 0.028854166666666715 0.052152777777777715
3 0.06803819444444445 0.5982986111111112 0.02545138888888889 0.04583333333333321
3 0.14520833333333333 0.5574826388888889 0.028784722222222215 0.05059027777777771
3 0.7488020833333333 0.5722222222222222 0.05989583333333322 0.11840277777777786
3 0.7076909722222222 0.5269965277777777 0.034479166666666575 0.03822916666666672