1 0.93125 0.5984375 0.1359375 0.103125
1 0.45625 0.49375 0.125 0.0671875
1 0.3328125 0.465625 0.078125 0.0453125
3 0.3 0.5984375 0.0375 0.103125
3 0.41875 0.6515625 0.0453125 0.1234375
2 0.315625 0.48125 0.03125 0.046875
3 0.3515625 0.65 0.0453125 0.1203125
2 0.20625 0.453125 0.0171875 0.0328125
3 0.9703125 0.51875 0.0140625 0.04375
3 0.846875 0.50625 0.0171875 0.053125
3 0.5984375 0.475 0.0109375 0.0390625
3 0.83125 0.496875 0.0140625 0.046875
3 0.9890625 0.5203125 0.0140625 0.040625
3 0.1671875 0.509375 0.01875 0.0578125
3 0.1515625 0.484375 0.021875 0.0328125
3 0.328125 0.6015625 0.0234375 0.103125