1 0.3859375 0.4890625 0.109375 0.0609375
1 0.959375 0.6046875 0.0796875 0.096875
3 0.328125 0.60625 0.0375 0.115625
2 0.2453125 0.4578125 0.0234375 0.0359375
3 0.6765625 0.496875 0.0171875 0.05
3 0.2109375 0.709375 0.0546875 0.1296875
3 0.8421875 0.5015625 0.0171875 0.0484375
1 0.0609375 0.43125 0.0421875 0.03125
3 0.8671875 0.5 0.015625 0.05
3 0.8828125 0.5 0.015625 0.0484375
3 0.271875 0.665625 0.0484375 0.15625
3 0.1609375 0.7015625 0.0484375 0.1375
3 0.99375 0.5203125 0.0109375 0.05
3 0.1546875 0.5109375 0.0140625 0.05625
3 0.8234375 0.49375 0.0171875 0.05
3 0.1703125 0.646875 0.034375 0.075