1 0.35430555555555554 0.475 0.1171875 0.0703125
2 0.7023784722222223 0.59921875 0.11798611111111121 0.10625
3 0.6879166666666666 0.5109375 0.01993055555555543 0.053125
2 0.4726215277777778 0.52578125 0.07375000000000007 0.084375
2 0.7940451388888888 0.57578125 0.073576388888889 0.0765625
2 0.41260416666666666 0.53203125 0.06104166666666675 0.075
3 0.3435590277777778 0.69453125 0.06430555555555557 0.1515625
3 0.6513194444444445 0.51640625 0.023055555555555607 0.053125
2 0.2073611111111111 0.43671875 0.024305555555555535 0.0390625
3 0.40131944444444445 0.6921875 0.0769444444444444 0.1578125
3 0.26145833333333335 0.5859375 0.04295138888888887 0.1046875
3 0.8937326388888888 0.5265625 0.022986111111111283 0.05
3 0.8765277777777779 0.52578125 0.01993055555555543 0.053125
3 0.6356944444444445 0.51640625 0.02003472222222218 0.0578125
3 0.35399305555555555 0.6015625 0.05090277777777778 0.1109375
3 0.9969270833333332 0.55625 0.006145833333333428 0.0484375
3 0.30725694444444446 0.6078125 0.055659722222222194 0.1140625
3 0.6215798611111112 0.5140625 0.01993055555555543 0.053125