1 0.8046875 0.56875 0.1921875 0.1046875
2 0.7078125 0.58125 0.0890625 0.096875
2 0.6203125 0.6 0.1046875 0.1046875
1 0.9703125 0.6078125 0.0578125 0.0890625
3 0.646875 0.5171875 0.021875 0.0640625
3 0.60625 0.515625 0.01875 0.059375
2 0.215625 0.4578125 0.0203125 0.0359375
2 0.153125 0.49375 0.0265625 0.05
3 0.6265625 0.5125 0.0203125 0.0578125
3 0.3265625 0.6296875 0.04375 0.134375
3 0.5875 0.5140625 0.0171875 0.05625
3 0.9875 0.521875 0.0140625 0.05
3 0.271875 0.61875 0.046875 0.1328125
3 0.33125 0.4515625 0.015625 0.0296875
3 0.965625 0.521875 0.0125 0.040625
3 0.2875 0.659375 0.0390625 0.125