1 0.569224537037037 0.5916087962962963 0.21766203703703707 0.1453125
2 0.76875 0.687326388888889 0.1212962962962962 0.11793981481481489
3 0.7036458333333333 0.5424189814814815 0.019861111111111107 0.0528356481481481
2 0.38351851851851854 0.4922453703703704 0.028749999999999963 0.04415509259259274
2 0.3345428240740741 0.493287037037037 0.02751157407407403 0.050289351851851904
1 0.23512152777777778 0.48203125 0.06328703703703704 0.04982638888888893
3 0.20710069444444446 0.6620659722222222 0.06106481481481483 0.1570601851851851
3 0.8614988425925926 0.5548900462962963 0.02018518518518526 0.059085648148148096
3 0.883414351851852 0.5572916666666666 0.021747685185184905 0.05920138888888893
3 0.9066493055555556 0.5551215277777778 0.022824074074074118 0.049942129629629586
3 0.9771932870370371 0.5798032407407407 0.018136574074074117 0.04959490740740744