1 0.9035358796296297 0.6172222222222222 0.1502199074074074 0.12690972222222213
1 0.4505902777777778 0.46715277777777775 0.13406249999999992 0.09027777777777786
1 0.3325 0.42789930555555555 0.08520833333333329 0.05999999999999996
3 0.27984375000000006 0.55671875 0.05315972222222225 0.11010416666666671
3 0.38896990740740744 0.6213541666666667 0.06439814814814807 0.13090277777777787
2 0.3135648148148148 0.4412326388888889 0.03824074074074071 0.05166666666666657
3 0.32272569444444443 0.6133680555555555 0.0627893518518519 0.12770833333333337
2 0.20951388888888892 0.4029166666666667 0.02238425925925931 0.03534722222222229
3 0.9546238425925925 0.5415625000000001 0.020983796296296476 0.046215277777777786
3 0.8347511574074075 0.5172222222222222 0.02581018518518512 0.055798611111111104
3 0.5935358796296296 0.4623611111111111 0.016226851851851798 0.041319444444444464
3 0.8200810185185186 0.5061631944444445 0.021030092592592455 0.04934027777777779
3 0.9725347222222223 0.5446701388888889 0.020937500000000143 0.04309027777777778
3 0.16188657407407409 0.45578124999999997 0.02744212962962962 0.060555555555555605
3 0.15057291666666667 0.4289583333333333 0.027094907407407387 0.03711805555555543
3 0.3070833333333333 0.5625347222222222 0.03905092592592592 0.10635416666666657