1 0.434375 0.5828125 0.1984375 0.115625
3 0.678125 0.4984375 0.015625 0.053125
2 0.7828125 0.5625 0.0796875 0.08125
2 0.2890625 0.4546875 0.021875 0.040625
2 0.6328125 0.5765625 0.09375 0.1109375
2 0.2125 0.459375 0.025 0.04375
3 0.6484375 0.5015625 0.015625 0.05
3 0.63125 0.4984375 0.0140625 0.04375
3 0.9859375 0.5203125 0.0140625 0.04375
2 0.15625 0.4875 0.025 0.034375
3 0.8421875 0.5078125 0.0171875 0.05
3 0.21875 0.5171875 0.025 0.0578125
3 0.9640625 0.5203125 0.0125 0.0375
1 0.3796875 0.49375 0.10625 0.05625
2 0.3671875 0.5078125 0.0484375 0.0484375
2 0.4546875 0.5109375 0.046875 0.0375
3 0.65625 0.484375 0.0171875 0.0390625