1 0.5623148148148148 0.5313946759259259 0.23184027777777771 0.14871527777777765
1 0.8975347222222222 0.574855324074074 0.1902546296296297 0.18871527777777786
2 0.23651620370370371 0.5901157407407407 0.06538194444444442 0.09001157407407412
1 0.29375 0.5228761574074074 0.10430555555555551 0.08121527777777775
1 0.6036574074074074 0.48235532407407417 0.17340277777777774 0.1056712962962962
1 0.39743055555555556 0.4838483796296297 0.10575231481481477 0.07342592592592592
2 0.3901678240740741 0.4995775462962963 0.047800925925925955 0.06319444444444447
1 0.1343402777777778 0.5275810185185186 0.07620370370370369 0.08236111111111111
2 0.21338541666666666 0.5170370370370371 0.02408564814814813 0.04409722222222214
2 0.2520717592592593 0.4891261574074074 0.028541666666666642 0.028541666666666642
2 0.2229456018518518 0.5043981481481481 0.024039351851851798 0.040972222222222146
2 0.18836226851851853 0.5189699074074074 0.030335648148148132 0.04418981481481481
1 0.25135995370370373 0.4844502314814815 0.05839120370370363 0.03991898148148145
1 0.09587962962962963 0.48753472222222227 0.026932870370370354 0.025393518518518475
1 0.16659143518518518 0.5122627314814815 0.030358796296296297 0.04575231481481481
1 0.18576967592592591 0.48307870370370376 0.0363078703703704 0.025532407407407476