1 0.512355324074074 0.5281134259259259 0.23865740740740743 0.15570601851851862
1 0.8176215277777779 0.6702546296296296 0.23229166666666642 0.19577546296296297
2 0.19140625 0.4926851851851852 0.06898148148148149 0.09120370370370381
1 0.2697627314814815 0.4429282407407408 0.10891203703703703 0.084236111111111
1 0.5686921296296296 0.4921064814814815 0.1778356481481481 0.11165509259259263
1 0.3792534722222222 0.43488425925925933 0.10989583333333339 0.07651620370370367
2 0.3666087962962963 0.4480787037037037 0.04982638888888893 0.06362268518518518
1 0.12106481481481482 0.40273726851851854 0.08101851851851852 0.08569444444444443
2 0.19791666666666666 0.4152951388888889 0.0265625 0.04357638888888893
2 0.24343171296296298 0.39937500000000004 0.02864583333333339 0.029699074074074083
2 0.2111111111111111 0.4051793981481481 0.02633101851851851 0.040451388888888926
2 0.17421875 0.4096990740740741 0.032928240740740744 0.045509259259259235
1 0.24456018518518516 0.3946412037037037 0.06059027777777777 0.04092592592592599
1 0.10144675925925925 0.3525636574074074 0.02841435185185186 0.026574074074074083
1 0.15729166666666666 0.39670138888888895 0.03304398148148149 0.04707175925925924
1 0.18541666666666667 0.3740335648148148 0.03778935185185186 0.027129629629629635